Chromosome Region	Start	End	loss
chr1	0	767025	19
chr1	767025	5635070	8
chr1	5635070	5690339	0
chr1	5690339	6853355	8
chr1	6853355	8028342	0
chr1	8028342	8175510	0
chr1	8175510	8275043	0
chr1	8275043	11009611	0
chr1	11009611	12860827	0
chr1	12860827	13733465	0
chr1	13733465	14454375	0
chr1	14454375	14500584	0
chr1	14500584	15028144	0
chr1	15028144	15114070	0
chr1	15114070	15344250	0
chr1	15344250	21466802	0
chr1	21466802	21515869	2
chr1	21515869	21740246	0
chr1	21740246	24093317	2
chr1	24093317	25507254	27
chr1	25507254	26255412	0
chr1	26255412	26576396	0
chr1	26576396	27481096	21
chr1	27481096	27535130	0
chr1	27535130	28045436	0
chr1	28045436	28596133	0
chr1	28596133	30309810	16
chr1	30309810	30629412	0
chr1	30629412	30980817	0
chr1	30980817	32515944	0
chr1	32515944	37098711	0
chr1	37098711	37955370	0
chr1	37955370	38180037	0
chr1	38180037	39224753	0
chr1	39224753	42175095	0
chr1	42175095	42674616	0
chr1	42674616	45061581	0
chr1	45061581	46408640	0
chr1	46408640	46570864	0
chr1	46570864	46933513	0
chr1	46933513	47223002	0
chr1	47223002	48160843	0
chr1	48160843	48720845	0
chr1	48720845	48940713	12
chr1	48940713	49395421	0
chr1	49395421	51000609	7
chr1	51000609	51751304	0
chr1	51751304	62851904	1
chr1	62851904	63016018	0
chr1	63016018	65299195	1
chr1	65299195	65369223	0
chr1	65369223	65933145	1
chr1	65933145	67855248	5
chr1	67855248	71537191	8
chr1	71537191	71786677	20
chr1	71786677	72208817	8
chr1	72208817	74494321	0
chr1	74494321	80214141	0
chr1	80214141	86071417	0
chr1	86071417	86409792	0
chr1	86409792	87211485	0
chr1	87211485	88020633	0
chr1	88020633	89510891	0
chr1	89510891	89899366	0
chr1	89899366	91954925	0
chr1	91954925	92380027	0
chr1	92380027	92598321	0
chr1	92598321	95494745	0
chr1	95494745	97206239	0
chr1	97206239	98713037	0
chr1	98713037	98750900	0
chr1	98750900	99026001	0
chr1	99026001	113290397	0
chr1	113290397	113424761	0
chr1	113424761	113499743	0
chr1	113499743	113868367	0
chr1	113868367	114746862	0
chr1	114746862	114801514	0
chr1	114801514	116526920	0
chr1	116526920	118186483	0
chr1	118186483	120522174	0
chr1	120522174	121291080	0
chr1	121291080	125000000	0
chr1	125000000	143458436	0
chr1	143458436	149732608	0
chr1	149732608	152218704	0
chr1	152218704	152768310	0
chr1	152768310	152856193	0
chr1	152856193	152979258	0
chr1	152979258	158207057	0
chr1	158207057	158313222	0
chr1	158313222	163809199	0
chr1	163809199	166568705	0
chr1	166568705	167795127	0
chr1	167795127	167918828	0
chr1	167918828	171491621	0
chr1	171491621	172153245	0
chr1	172153245	172209427	0
chr1	172209427	173597243	0
chr1	173597243	174506579	0
chr1	174506579	174796481	0
chr1	174796481	174801896	3
chr1	174801896	174987046	0
chr1	174987046	176051538	0
chr1	176051538	176161380	0
chr1	176161380	177744013	0
chr1	177744013	177933068	0
chr1	177933068	182935212	0
chr1	182935212	183271207	0
chr1	183271207	183303180	0
chr1	183303180	187520715	0
chr1	187520715	189508302	0
chr1	189508302	189710074	0
chr1	189710074	189791190	0
chr1	189791190	192384886	0
chr1	192384886	192835286	0
chr1	192835286	200789160	0
chr1	200789160	207327196	0
chr1	207327196	209745006	0
chr1	209745006	209839590	0
chr1	209839590	218587072	0
chr1	218587072	218686904	0
chr1	218686904	223481124	0
chr1	223481124	224411289	0
chr1	224411289	227936992	0
chr1	227936992	230516522	0
chr1	230516522	232594411	0
chr1	232594411	232677503	0
chr1	232677503	249250621	0
chr2	0	5472825	0
chr2	5472825	9501421	7
chr2	9501421	10371359	0
chr2	10371359	19089623	7
chr2	19089623	19813813	0
chr2	19813813	19997951	7
chr2	19997951	20317602	0
chr2	20317602	21851627	7
chr2	21851627	22174099	0
chr2	22174099	23630998	7
chr2	23630998	23871292	0
chr2	23871292	25304574	7
chr2	25304574	26060892	0
chr2	26060892	27422857	0
chr2	27422857	27503999	0
chr2	27503999	30859740	0
chr2	30859740	35889399	0
chr2	35889399	38040545	0
chr2	38040545	38181431	0
chr2	38181431	39027347	0
chr2	39027347	39246568	0
chr2	39246568	39483431	0
chr2	39483431	49616470	0
chr2	49616470	49698261	0
chr2	49698261	50626114	0
chr2	50626114	50731296	0
chr2	50731296	50980122	0
chr2	50980122	52617853	0
chr2	52617853	52754531	0
chr2	52754531	53774214	0
chr2	53774214	53848672	0
chr2	53848672	60270985	0
chr2	60270985	62006204	0
chr2	62006204	63031292	0
chr2	63031292	63141799	8
chr2	63141799	65682351	0
chr2	65682351	65835504	0
chr2	65835504	67429190	0
chr2	67429190	67651895	0
chr2	67651895	70184742	0
chr2	70184742	70314959	0
chr2	70314959	71036446	0
chr2	71036446	71398812	0
chr2	71398812	75885669	0
chr2	75885669	77973549	0
chr2	77973549	78055193	0
chr2	78055193	80780924	0
chr2	80780924	80831029	0
chr2	80831029	84877247	0
chr2	84877247	84935430	0
chr2	84935430	85580057	0
chr2	85580057	85701660	0
chr2	85701660	85750127	0
chr2	85750127	87341354	0
chr2	87341354	88329114	1
chr2	88329114	89145914	0
chr2	89145914	91627978	1
chr2	91627978	91704724	25
chr2	91704724	91801280	23
chr2	91801280	92089051	0
chr2	92089051	92193296	0
chr2	92193296	93300000	0
chr2	93300000	95341388	0
chr2	95341388	95439958	0
chr2	95439958	97624834	0
chr2	97624834	99742491	0
chr2	99742491	102065974	0
chr2	102065974	102296423	0
chr2	102296423	104385099	0
chr2	104385099	104521125	0
chr2	104521125	109073022	0
chr2	109073022	112415706	0
chr2	112415706	113444584	0
chr2	113444584	120383500	0
chr2	120383500	128211990	0
chr2	128211990	128960405	0
chr2	128960405	133331299	3
chr2	133331299	135972182	0
chr2	135972182	138795906	0
chr2	138795906	139266523	0
chr2	139266523	140884228	0
chr2	140884228	141387789	0
chr2	141387789	141421062	0
chr2	141421062	141706582	0
chr2	141706582	142014612	0
chr2	142014612	142692934	0
chr2	142692934	142840092	0
chr2	142840092	143110356	0
chr2	143110356	143320951	0
chr2	143320951	146863238	0
chr2	146863238	146866854	0
chr2	146866854	152397296	0
chr2	152397296	153782144	0
chr2	153782144	153972474	0
chr2	153972474	154276875	0
chr2	154276875	157533540	0
chr2	157533540	157534519	0
chr2	157534519	159315782	0
chr2	159315782	164711142	0
chr2	164711142	166752501	0
chr2	166752501	167543853	0
chr2	167543853	168773435	0
chr2	168773435	170373002	0
chr2	170373002	173806966	0
chr2	173806966	174840448	0
chr2	174840448	177185364	0
chr2	177185364	181738827	0
chr2	181738827	184673379	0
chr2	184673379	185971389	0
chr2	185971389	186217716	0
chr2	186217716	186785832	0
chr2	186785832	189806307	0
chr2	189806307	189848630	0
chr2	189848630	189965565	0
chr2	189965565	190309384	0
chr2	190309384	191016476	0
chr2	191016476	191360716	0
chr2	191360716	191564964	0
chr2	191564964	191722235	0
chr2	191722235	191854453	0
chr2	191854453	194679904	0
chr2	194679904	203882645	0
chr2	203882645	208999100	0
chr2	208999100	209063487	0
chr2	209063487	210468236	0
chr2	210468236	216279727	0
chr2	216279727	217032025	4
chr2	217032025	217756983	0
chr2	217756983	218852039	4
chr2	218852039	219079263	0
chr2	219079263	229948848	4
chr2	229948848	230065224	0
chr2	230065224	236317554	4
chr2	236317554	238577884	0
chr2	238577884	239278666	4
chr2	239278666	239500651	0
chr2	239500651	243199373	4
chr3	0	18919212	11
chr3	18919212	19234215	0
chr3	19234215	19962040	11
chr3	19962040	20147917	1
chr3	20147917	23904874	11
chr3	23904874	24624899	0
chr3	24624899	24982753	11
chr3	24982753	27467906	0
chr3	27467906	31958533	11
chr3	31958533	32471102	0
chr3	32471102	32672483	0
chr3	32672483	33101111	0
chr3	33101111	48152949	11
chr3	48152949	55557879	22
chr3	55557879	56589233	0
chr3	56589233	57229022	0
chr3	57229022	59019091	0
chr3	59019091	60426234	22
chr3	60426234	60512802	0
chr3	60512802	63356016	22
chr3	63356016	64372507	0
chr3	64372507	64374302	0
chr3	64374302	64418082	0
chr3	64418082	65625084	0
chr3	65625084	65865536	29
chr3	65865536	72004310	19
chr3	72004310	72327457	8
chr3	72327457	72409374	0
chr3	72409374	72444868	8
chr3	72444868	73198696	0
chr3	73198696	74943778	0
chr3	74943778	76989274	0
chr3	76989274	77111025	8
chr3	77111025	77178061	0
chr3	77178061	77238580	8
chr3	77238580	84871422	0
chr3	84871422	85616390	0
chr3	85616390	89420352	0
chr3	89420352	91000000	0
chr3	91000000	93548479	0
chr3	93548479	93588564	0
chr3	93588564	93720625	0
chr3	93720625	93907544	0
chr3	93907544	96925560	4
chr3	96925560	97058062	0
chr3	97058062	101847172	4
chr3	101847172	102029359	0
chr3	102029359	102942086	4
chr3	102942086	103014098	13
chr3	103014098	106162530	4
chr3	106162530	106778255	13
chr3	106778255	107283509	0
chr3	107283509	107352799	13
chr3	107352799	107713824	0
chr3	107713824	107969313	0
chr3	107969313	109356285	4
chr3	109356285	110209578	4
chr3	110209578	110374486	0
chr3	110374486	112112749	4
chr3	112112749	113918656	0
chr3	113918656	114113075	2
chr3	114113075	115874587	13
chr3	115874587	116488267	0
chr3	116488267	117430401	13
chr3	117430401	117635989	44
chr3	117635989	118531791	13
chr3	118531791	122694416	4
chr3	122694416	122812528	13
chr3	122812528	124290949	4
chr3	124290949	125539111	0
chr3	125539111	128446302	4
chr3	128446302	129791189	0
chr3	129791189	129905844	4
chr3	129905844	130898829	0
chr3	130898829	133007052	0
chr3	133007052	135020836	0
chr3	135020836	135117583	0
chr3	135117583	141463126	0
chr3	141463126	142093058	0
chr3	142093058	142604190	0
chr3	142604190	144294872	0
chr3	144294872	144484510	0
chr3	144484510	145296225	0
chr3	145296225	145458383	0
chr3	145458383	157314131	0
chr3	157314131	162510463	0
chr3	162510463	162512698	0
chr3	162512698	162626284	0
chr3	162626284	162655246	0
chr3	162655246	167279464	0
chr3	167279464	167595919	0
chr3	167595919	168686609	0
chr3	168686609	168786800	0
chr3	168786800	169410466	0
chr3	169410466	169717695	0
chr3	169717695	169802543	0
chr3	169802543	169890262	0
chr3	169890262	169922744	0
chr3	169922744	170064054	0
chr3	170064054	174666554	0
chr3	174666554	174857107	0
chr3	174857107	176367546	0
chr3	176367546	176562841	0
chr3	176562841	176611711	0
chr3	176611711	177742999	0
chr3	177742999	177876532	0
chr3	177876532	179718398	0
chr3	179718398	181564393	0
chr3	181564393	181763784	0
chr3	181763784	183912495	0
chr3	183912495	184091306	0
chr3	184091306	186557329	0
chr3	186557329	186699461	0
chr3	186699461	187510806	0
chr3	187510806	187630613	0
chr3	187630613	188218915	0
chr3	188218915	189639309	0
chr3	189639309	191715041	0
chr3	191715041	197869551	0
chr3	197869551	198022430	1
chr4	0	65870	63
chr4	65870	69623	54
chr4	69623	646395	42
chr4	646395	3438991	11
chr4	3438991	4391897	0
chr4	4391897	5631650	11
chr4	5631650	6471562	42
chr4	6471562	6528995	0
chr4	6528995	10210348	42
chr4	10210348	10234240	11
chr4	10234240	10988130	42
chr4	10988130	13063824	11
chr4	13063824	37078696	42
chr4	37078696	44573233	54
chr4	44573233	47002152	42
chr4	47002152	47318212	11
chr4	47318212	49309867	42
chr4	49309867	50400000	11
chr4	50400000	52696792	7
chr4	52696792	52860746	17
chr4	52860746	65703649	28
chr4	65703649	66615266	0
chr4	66615266	68784010	28
chr4	68784010	70125577	0
chr4	70125577	70237630	0
chr4	70237630	70606368	0
chr4	70606368	73126933	26
chr4	73126933	73502195	56
chr4	73502195	73933932	0
chr4	73933932	75507605	56
chr4	75507605	75523908	26
chr4	75523908	75845604	36
chr4	75845604	85189734	66
chr4	85189734	86292373	36
chr4	86292373	88122950	66
chr4	88122950	90880464	76
chr4	90880464	91340251	87
chr4	91340251	93800915	76
chr4	93800915	97574665	45
chr4	97574665	107068507	76
chr4	107068507	107432736	64
chr4	107432736	107493261	76
chr4	107493261	108707790	53
chr4	108707790	110492518	22
chr4	110492518	120145898	53
chr4	120145898	122237622	53
chr4	122237622	130862520	65
chr4	130862520	131211986	34
chr4	131211986	141288873	65
chr4	141288873	155708009	90
chr4	155708009	160976070	60
chr4	160976070	161287633	90
chr4	161287633	161873926	60
chr4	161873926	161884754	37
chr4	161884754	163255327	60
chr4	163255327	164332346	29
chr4	164332346	166381405	60
chr4	166381405	169785732	90
chr4	169785732	169846698	60
chr4	169846698	172368939	90
chr4	172368939	181976094	90
chr4	181976094	182273098	90
chr4	182273098	184921150	90
chr4	184921150	185196919	60
chr4	185196919	191154276	90
chr5	0	659543	0
chr5	659543	817921	0
chr5	817921	7990909	0
chr5	7990909	8509939	0
chr5	8509939	10601288	0
chr5	10601288	10729209	0
chr5	10729209	11236443	0
chr5	11236443	11720760	0
chr5	11720760	11793201	0
chr5	11793201	24740567	0
chr5	24740567	24764466	0
chr5	24764466	25794683	0
chr5	25794683	25906198	0
chr5	25906198	26476816	0
chr5	26476816	26839621	0
chr5	26839621	26888604	0
chr5	26888604	28237526	0
chr5	28237526	34118627	0
chr5	34118627	34243765	0
chr5	34243765	36006041	0
chr5	36006041	36508548	0
chr5	36508548	36624138	0
chr5	36624138	38537407	0
chr5	38537407	43524226	0
chr5	43524226	48400000	0
chr5	48400000	49520000	1
chr5	49520000	49623821	22
chr5	49623821	49824709	23
chr5	49824709	52010966	49
chr5	52010966	53991662	19
chr5	53991662	56815458	49
chr5	56815458	57327698	49
chr5	57327698	57335951	29
chr5	57335951	59415102	54
chr5	59415102	60319716	23
chr5	60319716	79135669	54
chr5	79135669	79652741	23
chr5	79652741	79704402	85
chr5	79704402	80854225	23
chr5	80854225	83930963	54
chr5	83930963	87305207	23
chr5	87305207	88804733	54
chr5	88804733	88875622	23
chr5	88875622	96694607	54
chr5	96694607	96789650	23
chr5	96789650	106006040	54
chr5	106006040	109772193	42
chr5	109772193	109885720	9
chr5	109885720	113164660	40
chr5	113164660	113954052	51
chr5	113954052	114420932	21
chr5	114420932	117220980	9
chr5	117220980	118513069	0
chr5	118513069	125054858	16
chr5	125054858	126130630	4
chr5	126130630	132118950	16
chr5	132118950	132348938	6
chr5	132348938	135205841	16
chr5	135205841	135893116	0
chr5	135893116	137148669	0
chr5	137148669	138547811	15
chr5	138547811	148750956	14
chr5	148750956	151361206	0
chr5	151361206	152570152	14
chr5	152570152	152982215	0
chr5	152982215	153019188	0
chr5	153019188	153903064	17
chr5	153903064	154110304	8
chr5	154110304	166886578	17
chr5	166886578	167018829	0
chr5	167018829	167153968	0
chr5	167153968	175169082	6
chr5	175169082	175570927	1
chr5	175570927	175603987	0
chr5	175603987	177585404	1
chr5	177585404	179045411	13
chr5	179045411	179165548	3
chr5	179165548	179795812	13
chr5	179795812	180170835	0
chr5	180170835	180633744	13
chr5	180633744	180915260	13
chr6	0	254058	0
chr6	254058	386658	6
chr6	386658	4645769	0
chr6	4645769	6785671	0
chr6	6785671	6826519	0
chr6	6826519	8398388	0
chr6	8398388	8479866	0
chr6	8479866	11612725	0
chr6	11612725	12767237	0
chr6	12767237	13330281	0
chr6	13330281	19745322	0
chr6	19745322	21118684	0
chr6	21118684	21546123	0
chr6	21546123	21724278	0
chr6	21724278	22351733	0
chr6	22351733	23118471	0
chr6	23118471	26553866	0
chr6	26553866	26977644	0
chr6	26977644	27735553	0
chr6	27735553	28269272	0
chr6	28269272	30578191	0
chr6	30578191	32074062	0
chr6	32074062	32307442	0
chr6	32307442	32354349	0
chr6	32354349	32855916	0
chr6	32855916	33876701	0
chr6	33876701	33997975	0
chr6	33997975	42486674	0
chr6	42486674	43316687	0
chr6	43316687	43553672	0
chr6	43553672	46052289	0
chr6	46052289	48965467	0
chr6	48965467	50164665	0
chr6	50164665	50187699	0
chr6	50187699	52182078	0
chr6	52182078	56413950	0
chr6	56413950	58674833	0
chr6	58674833	61000000	0
chr6	61000000	63138783	0
chr6	63138783	68275051	0
chr6	68275051	69707016	0
chr6	69707016	70707542	0
chr6	70707542	71488947	0
chr6	71488947	75224569	0
chr6	75224569	75818735	0
chr6	75818735	81508893	0
chr6	81508893	88195128	0
chr6	88195128	104865575	11
chr6	104865575	109003283	4
chr6	109003283	109169648	0
chr6	109169648	109585052	4
chr6	109585052	109686862	0
chr6	109686862	110472766	4
chr6	110472766	114846139	0
chr6	114846139	117677495	4
chr6	117677495	117811553	0
chr6	117811553	126001208	4
chr6	126001208	127402433	0
chr6	127402433	128441567	4
chr6	128441567	128619035	0
chr6	128619035	129346998	4
chr6	129346998	129444130	0
chr6	129444130	131241083	4
chr6	131241083	131441752	0
chr6	131441752	139724607	4
chr6	139724607	140359691	0
chr6	140359691	141787391	4
chr6	141787391	143043919	4
chr6	143043919	143178520	0
chr6	143178520	145376232	4
chr6	145376232	145936695	0
chr6	145936695	147807488	4
chr6	147807488	148096180	0
chr6	148096180	151366520	4
chr6	151366520	151602422	0
chr6	151602422	151967728	0
chr6	151967728	152037176	0
chr6	152037176	153559803	0
chr6	153559803	154274269	0
chr6	154274269	154380181	0
chr6	154380181	156550849	0
chr6	156550849	157776284	15
chr6	157776284	158274881	0
chr6	158274881	159212776	0
chr6	159212776	159823863	0
chr6	159823863	161717140	15
chr6	161717140	165169093	45
chr6	165169093	171115067	46
chr7	0	761642	3
chr7	761642	1960803	0
chr7	1960803	3574043	3
chr7	3574043	4255450	0
chr7	4255450	4351180	0
chr7	4351180	4981219	0
chr7	4981219	5786961	0
chr7	5786961	9289566	0
chr7	9289566	9375586	0
chr7	9375586	13853681	0
chr7	13853681	14436573	0
chr7	14436573	14573582	0
chr7	14573582	16434256	0
chr7	16434256	16544544	0
chr7	16544544	16846997	0
chr7	16846997	17085629	0
chr7	17085629	20956682	0
chr7	20956682	21323243	0
chr7	21323243	23354827	0
chr7	23354827	26079580	0
chr7	26079580	26269336	0
chr7	26269336	37417401	0
chr7	37417401	37610429	0
chr7	37610429	40367889	0
chr7	40367889	40424438	0
chr7	40424438	46818560	0
chr7	46818560	46899111	0
chr7	46899111	48152877	0
chr7	48152877	48842820	0
chr7	48842820	53996354	0
chr7	53996354	56716305	0
chr7	56716305	59900000	0
chr7	59900000	70000906	0
chr7	70000906	70133492	0
chr7	70133492	70873345	0
chr7	70873345	73694711	0
chr7	73694711	73940195	0
chr7	73940195	74141805	0
chr7	74141805	74294550	0
chr7	74294550	75431800	0
chr7	75431800	80812951	0
chr7	80812951	81085550	0
chr7	81085550	82358873	0
chr7	82358873	90112483	0
chr7	90112483	90476423	0
chr7	90476423	90945150	0
chr7	90945150	91856614	0
chr7	91856614	92411130	7
chr7	92411130	93573473	0
chr7	93573473	97193889	0
chr7	97193889	97311008	0
chr7	97311008	101115610	0
chr7	101115610	101332587	0
chr7	101332587	101644327	0
chr7	101644327	103414629	0
chr7	103414629	104820012	0
chr7	104820012	108348370	0
chr7	108348370	108673635	0
chr7	108673635	108687233	0
chr7	108687233	108958860	0
chr7	108958860	109107376	0
chr7	109107376	109327011	0
chr7	109327011	109453884	0
chr7	109453884	110249251	0
chr7	110249251	110342433	8
chr7	110342433	110882456	0
chr7	110882456	111135243	0
chr7	111135243	111229618	0
chr7	111229618	111513812	0
chr7	111513812	113527056	0
chr7	113527056	115325203	0
chr7	115325203	115391859	0
chr7	115391859	115765385	0
chr7	115765385	118536667	0
chr7	118536667	118690659	0
chr7	118690659	119596403	0
chr7	119596403	119751344	0
chr7	119751344	126085828	0
chr7	126085828	126482873	0
chr7	126482873	127146570	0
chr7	127146570	131610597	0
chr7	131610597	131792359	0
chr7	131792359	132537446	0
chr7	132537446	133400682	0
chr7	133400682	133778651	0
chr7	133778651	133798551	0
chr7	133798551	134479687	0
chr7	134479687	134611253	0
chr7	134611253	134987449	0
chr7	134987449	135193430	0
chr7	135193430	135719187	0
chr7	135719187	135892962	0
chr7	135892962	136079981	0
chr7	136079981	136878043	0
chr7	136878043	136944542	0
chr7	136944542	140658301	0
chr7	140658301	143527647	0
chr7	143527647	143782292	4
chr7	143782292	143929685	0
chr7	143929685	145676786	0
chr7	145676786	145694469	0
chr7	145694469	145753978	4
chr7	145753978	147235811	14
chr7	147235811	152671017	4
chr7	152671017	153365504	0
chr7	153365504	153540429	4
chr7	153540429	157978721	0
chr7	157978721	158528590	0
chr7	158528590	159138663	0
chr8	0	365887	32
chr8	365887	674244	2
chr8	674244	4669718	32
chr8	4669718	4707520	2
chr8	4707520	6445568	32
chr8	6445568	6840001	21
chr8	6840001	11702163	32
chr8	11702163	12232349	21
chr8	12232349	12241174	11
chr8	12241174	12377561	23
chr8	12377561	13869020	32
chr8	13869020	15159509	2
chr8	15159509	17320479	32
chr8	17320479	17539802	2
chr8	17539802	24070100	32
chr8	24070100	24511042	2
chr8	24511042	24523377	0
chr8	24523377	26351571	2
chr8	26351571	29182224	32
chr8	29182224	29354705	23
chr8	29354705	30550605	32
chr8	30550605	30630770	23
chr8	30630770	31145876	32
chr8	31145876	36576962	21
chr8	36576962	39530043	11
chr8	39530043	39764842	0
chr8	39764842	45600000	11
chr8	45600000	48467103	5
chr8	48467103	49118330	0
chr8	49118330	55033847	5
chr8	55033847	55139282	0
chr8	55139282	55141441	0
chr8	55141441	55360907	0
chr8	55360907	58393872	5
chr8	58393872	63235320	0
chr8	63235320	63403180	5
chr8	63403180	66535258	0
chr8	66535258	70280917	0
chr8	70280917	74409333	0
chr8	74409333	82956912	0
chr8	82956912	83165772	0
chr8	83165772	84802476	0
chr8	84802476	85008636	0
chr8	85008636	85396471	0
chr8	85396471	86535536	0
chr8	86535536	95573448	1
chr8	95573448	98397309	0
chr8	98397309	100836631	0
chr8	100836631	101524482	0
chr8	101524482	102337818	0
chr8	102337818	103823126	0
chr8	103823126	104925125	0
chr8	104925125	106044900	0
chr8	106044900	106437475	0
chr8	106437475	107193266	0
chr8	107193266	107331096	0
chr8	107331096	108532309	0
chr8	108532309	113411564	0
chr8	113411564	114154487	0
chr8	114154487	116091156	0
chr8	116091156	118265534	0
chr8	118265534	119126579	0
chr8	119126579	119224429	0
chr8	119224429	119538367	0
chr8	119538367	120711041	0
chr8	120711041	121520177	0
chr8	121520177	122987257	0
chr8	122987257	123135434	0
chr8	123135434	129741323	0
chr8	129741323	129979761	0
chr8	129979761	134040410	0
chr8	134040410	134196478	0
chr8	134196478	139737409	0
chr8	139737409	142918573	0
chr8	142918573	143199742	0
chr8	143199742	144323648	0
chr8	144323648	144713392	0
chr8	144713392	144838800	0
chr8	144838800	146364022	0
chr9	0	272193	0
chr9	272193	370341	0
chr9	370341	604801	0
chr9	604801	632449	0
chr9	632449	686441	0
chr9	686441	893518	0
chr9	893518	1117526	0
chr9	1117526	1172561	0
chr9	1172561	2380091	0
chr9	2380091	2455979	0
chr9	2455979	2985650	0
chr9	2985650	4791663	0
chr9	4791663	4993174	0
chr9	4993174	5024466	0
chr9	5024466	5040360	30
chr9	5040360	5047324	21
chr9	5047324	5123063	0
chr9	5123063	5494471	0
chr9	5494471	6653148	0
chr9	6653148	6811583	0
chr9	6811583	9794517	0
chr9	9794517	9824258	0
chr9	9824258	10777276	0
chr9	10777276	10840412	0
chr9	10840412	10953865	0
chr9	10953865	11226316	0
chr9	11226316	12502168	0
chr9	12502168	12569946	0
chr9	12569946	13007917	0
chr9	13007917	13100048	0
chr9	13100048	13543024	0
chr9	13543024	16925456	0
chr9	16925456	17157262	0
chr9	17157262	19593844	0
chr9	19593844	21249769	0
chr9	21249769	21601975	0
chr9	21601975	22343186	0
chr9	22343186	23308958	0
chr9	23308958	25028262	0
chr9	25028262	25390798	0
chr9	25390798	29600133	0
chr9	29600133	29764706	0
chr9	29764706	30697199	0
chr9	30697199	32099984	0
chr9	32099984	32132407	0
chr9	32132407	32819870	0
chr9	32819870	33518761	0
chr9	33518761	35449491	0
chr9	35449491	36513332	0
chr9	36513332	38418827	1
chr9	38418827	38505765	0
chr9	38505765	45977049	1
chr9	45977049	46906975	32
chr9	46906975	49000000	0
chr9	49000000	65630934	1
chr9	65630934	75038521	11
chr9	75038521	75089875	0
chr9	75089875	75865258	11
chr9	75865258	76055619	0
chr9	76055619	77005599	11
chr9	77005599	77010501	1
chr9	77010501	77952541	11
chr9	77952541	79085325	0
chr9	79085325	79116390	0
chr9	79116390	79182439	0
chr9	79182439	79585311	0
chr9	79585311	79606965	0
chr9	79606965	79944705	11
chr9	79944705	80179157	0
chr9	80179157	80281878	11
chr9	80281878	80654696	0
chr9	80654696	80757914	11
chr9	80757914	88407736	0
chr9	88407736	88800721	11
chr9	88800721	90711326	0
chr9	90711326	93960555	26
chr9	93960555	94269517	37
chr9	94269517	94306003	7
chr9	94306003	94864244	37
chr9	94864244	95275170	7
chr9	95275170	96650739	34
chr9	96650739	105643150	46
chr9	105643150	105868137	34
chr9	105868137	109875860	46
chr9	109875860	110013600	15
chr9	110013600	114948221	46
chr9	114948221	121976484	47
chr9	121976484	122918719	27
chr9	122918719	125114257	58
chr9	125114257	125231070	48
chr9	125231070	129126938	58
chr9	129126938	129232942	48
chr9	129232942	131015459	58
chr9	131015459	131277112	27
chr9	131277112	131450975	0
chr9	131450975	132569413	27
chr9	132569413	135775163	58
chr9	135775163	139969257	48
chr9	139969257	141213431	38
chr10	0	2727211	0
chr10	2727211	2818263	0
chr10	2818263	2864000	0
chr10	2864000	3263783	0
chr10	3263783	4947857	0
chr10	4947857	5023934	0
chr10	5023934	5134273	0
chr10	5134273	5389007	0
chr10	5389007	8034609	0
chr10	8034609	10106686	0
chr10	10106686	10775215	0
chr10	10775215	13681258	0
chr10	13681258	13721077	0
chr10	13721077	17558926	0
chr10	17558926	18158750	0
chr10	18158750	21900485	0
chr10	21900485	22122653	0
chr10	22122653	23939333	0
chr10	23939333	25697716	0
chr10	25697716	26131492	0
chr10	26131492	26314925	0
chr10	26314925	26601693	0
chr10	26601693	27829233	0
chr10	27829233	28107890	0
chr10	28107890	32267661	0
chr10	32267661	33131708	0
chr10	33131708	35208679	0
chr10	35208679	35277103	9
chr10	35277103	36133927	0
chr10	36133927	39000378	9
chr10	39000378	40200000	0
chr10	40200000	42433540	1
chr10	42433540	42858908	11
chr10	42858908	43563864	0
chr10	43563864	43589818	0
chr10	43589818	44838234	0
chr10	44838234	50616915	11
chr10	50616915	51073998	0
chr10	51073998	51780328	11
chr10	51780328	52629236	0
chr10	52629236	58294383	11
chr10	58294383	58439355	0
chr10	58439355	61901829	11
chr10	61901829	64827747	37
chr10	64827747	67346421	7
chr10	67346421	68859782	37
chr10	68859782	69308005	7
chr10	69308005	69330237	0
chr10	69330237	71039131	28
chr10	71039131	71716646	20
chr10	71716646	72489644	30
chr10	72489644	72595385	0
chr10	72595385	74077477	30
chr10	74077477	74675067	18
chr10	74675067	74936269	8
chr10	74936269	75973616	18
chr10	75973616	77159203	30
chr10	77159203	77516329	60
chr10	77516329	78847565	30
chr10	78847565	79016673	0
chr10	79016673	79182396	0
chr10	79182396	79804416	0
chr10	79804416	82715757	30
chr10	82715757	82830098	0
chr10	82830098	83535452	30
chr10	83535452	83583706	0
chr10	83583706	83666804	0
chr10	83666804	83793772	18
chr10	83793772	87001265	30
chr10	87001265	87096597	20
chr10	87096597	89065529	30
chr10	89065529	89704633	38
chr10	89704633	93825949	37
chr10	93825949	103419113	49
chr10	103419113	103913920	48
chr10	103913920	105932397	17
chr10	105932397	106279421	48
chr10	106279421	112047392	78
chr10	112047392	122335468	67
chr10	122335468	127855140	6
chr10	127855140	130152208	36
chr10	130152208	131383036	48
chr10	131383036	134791496	17
chr10	134791496	135534747	48
chr11	0	825486	85
chr11	825486	3088532	55
chr11	3088532	4967523	24
chr11	4967523	4980649	5
chr11	4980649	5887108	24
chr11	5887108	5962232	14
chr11	5962232	6817036	24
chr11	6817036	8974715	55
chr11	8974715	9075039	45
chr11	9075039	9703775	55
chr11	9703775	9780974	45
chr11	9780974	10622035	55
chr11	10622035	11047791	24
chr11	11047791	12494819	55
chr11	12494819	12580598	45
chr11	12580598	12669859	55
chr11	12669859	13392236	52
chr11	13392236	14293061	21
chr11	14293061	14920100	52
chr11	14920100	18939625	52
chr11	18939625	18970962	42
chr11	18970962	19738771	52
chr11	19738771	20522556	21
chr11	20522556	21664971	0
chr11	21664971	22292216	29
chr11	22292216	23066013	0
chr11	23066013	25474843	0
chr11	25474843	26724495	28
chr11	26724495	27985280	0
chr11	27985280	29688265	28
chr11	29688265	30374835	40
chr11	30374835	30735242	9
chr11	30735242	31557881	40
chr11	31557881	32566032	12
chr11	32566032	34625908	0
chr11	34625908	34802656	0
chr11	34802656	34947101	0
chr11	34947101	35131555	0
chr11	35131555	37511495	0
chr11	37511495	38916142	12
chr11	38916142	39072759	0
chr11	39072759	44103014	12
chr11	44103014	45445520	2
chr11	45445520	47663148	0
chr11	47663148	47909320	0
chr11	47909320	48117024	0
chr11	48117024	48744745	0
chr11	48744745	51532610	12
chr11	51532610	53700000	2
chr11	53700000	54789042	0
chr11	54789042	54794667	12
chr11	54794667	55368686	0
chr11	55368686	55838118	0
chr11	55838118	55884805	12
chr11	55884805	55972865	2
chr11	55972865	56812566	12
chr11	56812566	56869527	2
chr11	56869527	56928997	0
chr11	56928997	57311306	0
chr11	57311306	57358694	0
chr11	57358694	57438937	0
chr11	57438937	59007871	12
chr11	59007871	63338641	2
chr11	63338641	69829528	0
chr11	69829528	69940093	0
chr11	69940093	72206769	0
chr11	72206769	73683203	0
chr11	73683203	77383137	0
chr11	77383137	77785874	0
chr11	77785874	78040655	0
chr11	78040655	80633065	0
chr11	80633065	80726398	0
chr11	80726398	81671793	0
chr11	81671793	81748909	0
chr11	81748909	81826602	0
chr11	81826602	85362065	0
chr11	85362065	85883910	0
chr11	85883910	99270667	0
chr11	99270667	106487395	0
chr11	106487395	113794542	0
chr11	113794542	114621518	0
chr11	114621518	116384318	0
chr11	116384318	124832613	0
chr11	124832613	135006516	0
chr12	0	265322	0
chr12	265322	5336413	0
chr12	5336413	8558562	0
chr12	8558562	8582907	15
chr12	8582907	9607609	0
chr12	9607609	9633616	0
chr12	9633616	9735334	5
chr12	9735334	10846588	0
chr12	10846588	10926574	0
chr12	10926574	12475253	0
chr12	12475253	12548137	0
chr12	12548137	13105449	0
chr12	13105449	15023454	0
chr12	15023454	15545135	0
chr12	15545135	15601437	0
chr12	15601437	16078192	0
chr12	16078192	21614447	0
chr12	21614447	21750832	0
chr12	21750832	22290210	0
chr12	22290210	22985840	0
chr12	22985840	23124411	0
chr12	23124411	29464446	0
chr12	29464446	30239726	0
chr12	30239726	30243828	0
chr12	30243828	30284788	0
chr12	30284788	30549799	0
chr12	30549799	30750369	0
chr12	30750369	30988289	0
chr12	30988289	31012468	0
chr12	31012468	31082485	0
chr12	31082485	34241000	0
chr12	34241000	34759583	0
chr12	34759583	35800000	0
chr12	35800000	37857751	0
chr12	37857751	38365664	0
chr12	38365664	40240228	0
chr12	40240228	40358970	0
chr12	40358970	41945971	0
chr12	41945971	42378726	0
chr12	42378726	44610421	0
chr12	44610421	44724608	0
chr12	44724608	45167725	0
chr12	45167725	50613429	0
chr12	50613429	55482081	0
chr12	55482081	55656723	0
chr12	55656723	59638998	0
chr12	59638998	70238645	0
chr12	70238645	78293862	0
chr12	78293862	80057130	8
chr12	80057130	80178064	0
chr12	80178064	80242064	0
chr12	80242064	85569897	0
chr12	85569897	86594888	8
chr12	86594888	90901858	0
chr12	90901858	95858296	8
chr12	95858296	96118038	0
chr12	96118038	104453555	8
chr12	104453555	107255907	33
chr12	107255907	107417270	2
chr12	107417270	108486338	33
chr12	108486338	108963549	2
chr12	108963549	112869264	0
chr12	112869264	112894536	0
chr12	112894536	112926773	20
chr12	112926773	113470871	0
chr12	113470871	113739809	20
chr12	113739809	114277070	8
chr12	114277070	124913600	20
chr12	124913600	124956695	0
chr12	124956695	125140477	0
chr12	125140477	126282107	17
chr12	126282107	129960046	0
chr12	129960046	133851895	17
chr13	0	17900000	0
chr13	17900000	19045720	8
chr13	19045720	19123483	18
chr13	19123483	19290068	66
chr13	19290068	19409272	78
chr13	19409272	19954331	47
chr13	19954331	20067575	17
chr13	20067575	21244208	47
chr13	21244208	22050848	78
chr13	22050848	23373316	59
chr13	23373316	25331697	70
chr13	25331697	26773507	80
chr13	26773507	26835429	49
chr13	26835429	27765360	80
chr13	27765360	28313240	89
chr13	28313240	29256428	80
chr13	29256428	29822423	89
chr13	29822423	30436928	78
chr13	30436928	30516145	68
chr13	30516145	31097733	67
chr13	31097733	31211943	77
chr13	31211943	32138904	73
chr13	32138904	34969200	47
chr13	34969200	39880337	59
chr13	39880337	39990303	47
chr13	39990303	43748399	59
chr13	43748399	48769117	59
chr13	48769117	48956202	62
chr13	48956202	49048441	31
chr13	49048441	52019734	62
chr13	52019734	54603180	42
chr13	54603180	57569687	62
chr13	57569687	57713301	31
chr13	57713301	64030209	62
chr13	64030209	64181326	31
chr13	64181326	65599543	62
chr13	65599543	66373819	52
chr13	66373819	67904046	21
chr13	67904046	68489540	52
chr13	68489540	69591457	62
chr13	69591457	73337470	52
chr13	73337470	75610946	21
chr13	75610946	75876985	52
chr13	75876985	77984331	50
chr13	77984331	79073995	19
chr13	79073995	80716307	50
chr13	80716307	82607302	19
chr13	82607302	84650736	0
chr13	84650736	87314529	19
chr13	87314529	87852052	0
chr13	87852052	93248858	19
chr13	93248858	93305384	0
chr13	93305384	94160517	19
chr13	94160517	97880384	0
chr13	97880384	98140019	0
chr13	98140019	101087717	0
chr13	101087717	101151977	29
chr13	101151977	101152505	0
chr13	101152505	101297888	0
chr13	101297888	101360623	0
chr13	101360623	101511110	0
chr13	101511110	102952887	0
chr13	102952887	103103515	0
chr13	103103515	103486597	0
chr13	103486597	103748967	0
chr13	103748967	103975621	0
chr13	103975621	104040218	0
chr13	104040218	108331334	0
chr13	108331334	108370966	0
chr13	108370966	108641774	0
chr13	108641774	108668868	0
chr13	108668868	108712267	0
chr13	108712267	108923956	0
chr13	108923956	110145312	0
chr13	110145312	114057013	0
chr13	114057013	114100878	0
chr13	114100878	114275213	0
chr13	114275213	114852542	0
chr13	114852542	114956355	0
chr13	114956355	115024734	0
chr13	115024734	115169878	29
chr14	0	17600000	0
chr14	17600000	19108176	3
chr14	19108176	19444844	24
chr14	19444844	20667773	25
chr14	20667773	20784036	34
chr14	20784036	23941603	25
chr14	23941603	24909046	34
chr14	24909046	25925512	23
chr14	25925512	25970845	34
chr14	25970845	27180795	46
chr14	27180795	28592070	56
chr14	28592070	28666706	25
chr14	28666706	29110113	56
chr14	29110113	29274679	25
chr14	29274679	34973454	56
chr14	34973454	35160792	46
chr14	35160792	39429988	56
chr14	39429988	39487296	46
chr14	39487296	50940355	56
chr14	50940355	51054756	56
chr14	51054756	51096444	56
chr14	51096444	51167051	56
chr14	51167051	56912078	56
chr14	56912078	62577715	83
chr14	62577715	62717109	53
chr14	62717109	66231138	83
chr14	66231138	66999909	79
chr14	66999909	67519396	83
chr14	67519396	67559262	22
chr14	67559262	67648169	16
chr14	67648169	70173789	77
chr14	70173789	71542061	47
chr14	71542061	72787496	47
chr14	72787496	73686768	77
chr14	73686768	75765941	68
chr14	75765941	77084576	56
chr14	77084576	81549428	56
chr14	81549428	82736580	39
chr14	82736580	87563300	49
chr14	87563300	88039184	18
chr14	88039184	88657408	7
chr14	88657408	90442536	0
chr14	90442536	90885230	28
chr14	90885230	91150576	39
chr14	91150576	93352747	28
chr14	93352747	93441563	39
chr14	93441563	98168266	28
chr14	98168266	98305492	37
chr14	98305492	102667297	28
chr14	102667297	102891150	39
chr14	102891150	104709654	28
chr14	104709654	106877096	24
chr14	106877096	106920590	47
chr14	106920590	107349540	24
chr15	0	19000000	0
chr15	19000000	20101641	0
chr15	20101641	22753941	4
chr15	22753941	24426137	0
chr15	24426137	28919775	4
chr15	28919775	29340059	0
chr15	29340059	29666932	4
chr15	29666932	29747467	0
chr15	29747467	30991063	4
chr15	30991063	31188995	0
chr15	31188995	33518470	4
chr15	33518470	33791855	0
chr15	33791855	39302264	4
chr15	39302264	42828064	1
chr15	42828064	48086421	13
chr15	48086421	48442940	0
chr15	48442940	52575583	13
chr15	52575583	55373796	0
chr15	55373796	60428385	13
chr15	60428385	61912634	1
chr15	61912634	67124912	0
chr15	67124912	67275063	0
chr15	67275063	70671444	0
chr15	70671444	71943284	0
chr15	71943284	72262172	0
chr15	72262172	72560128	0
chr15	72560128	72814298	0
chr15	72814298	74313377	0
chr15	74313377	74317533	0
chr15	74317533	75688346	0
chr15	75688346	76200507	0
chr15	76200507	76884795	0
chr15	76884795	76892015	0
chr15	76892015	76898977	0
chr15	76898977	76902218	0
chr15	76902218	79475613	0
chr15	79475613	83272598	0
chr15	83272598	85125925	0
chr15	85125925	86294321	0
chr15	86294321	87146087	0
chr15	87146087	87816840	0
chr15	87816840	87877326	0
chr15	87877326	90297057	0
chr15	90297057	91203315	0
chr15	91203315	91787015	0
chr15	91787015	102531392	0
chr16	0	99112	57
chr16	99112	241092	27
chr16	241092	523295	0
chr16	523295	651562	27
chr16	651562	1338722	0
chr16	1338722	1707922	27
chr16	1707922	3102227	0
chr16	3102227	3523583	6
chr16	3523583	4546279	36
chr16	4546279	5928015	6
chr16	5928015	8442565	36
chr16	8442565	12729834	6
chr16	12729834	20004398	36
chr16	20004398	23532703	6
chr16	23532703	26437729	36
chr16	26437729	27833282	25
chr16	27833282	29698939	15
chr16	29698939	30628695	0
chr16	30628695	31938260	15
chr16	31938260	32266741	0
chr16	32266741	32655000	0
chr16	32655000	33674456	0
chr16	33674456	34197476	15
chr16	34197476	34565979	46
chr16	34565979	34620350	15
chr16	34620350	35205717	46
chr16	35205717	36600000	15
chr16	36600000	46491374	20
chr16	46491374	60041362	60
chr16	60041362	62623148	72
chr16	62623148	70769355	60
chr16	70769355	70821529	49
chr16	70821529	70848239	72
chr16	70848239	71202637	62
chr16	71202637	71205551	62
chr16	71205551	71206818	72
chr16	71206818	81602434	86
chr16	81602434	86932053	86
chr16	86932053	88490963	77
chr16	88490963	89480820	47
chr16	89480820	90354753	77
chr17	0	623681	59
chr17	623681	1842412	28
chr17	1842412	7111701	59
chr17	7111701	11236274	28
chr17	11236274	11432380	59
chr17	11432380	11554401	28
chr17	11554401	19154688	59
chr17	19154688	22235650	69
chr17	22235650	24000000	26
chr17	24000000	25311244	18
chr17	25311244	25346692	30
chr17	25346692	25363386	40
chr17	25363386	25749729	70
chr17	25749729	25997552	9
chr17	25997552	26128561	0
chr17	26128561	26133164	3
chr17	26133164	28121009	12
chr17	28121009	28149734	31
chr17	28149734	31657206	91
chr17	31657206	36733028	90
chr17	36733028	38505909	59
chr17	38505909	39423042	90
chr17	39423042	39423067	80
chr17	39423067	39431628	75
chr17	39431628	39433099	76
chr17	39433099	39826523	86
chr17	39826523	40303029	76
chr17	40303029	43586253	86
chr17	43586253	43781818	76
chr17	43781818	44100418	86
chr17	44100418	44379313	76
chr17	44379313	44784665	86
chr17	44784665	45661626	76
chr17	45661626	48181499	76
chr17	48181499	48916117	67
chr17	48916117	53575542	76
chr17	53575542	57881590	67
chr17	57881590	63444401	37
chr17	63444401	63519517	6
chr17	63519517	68009914	37
chr17	68009914	68489014	25
chr17	68489014	68881086	37
chr17	68881086	74253555	25
chr17	74253555	74816152	1
chr17	74816152	75371088	25
chr17	75371088	78811150	34
chr17	78811150	80045044	4
chr17	80045044	80477687	34
chr17	80477687	80716397	4
chr17	80716397	81195210	34
chr18	0	136427	38
chr18	136427	3870660	28
chr18	3870660	3984946	38
chr18	3984946	15307817	28
chr18	15307817	17200000	0
chr18	17200000	18609580	0
chr18	18609580	18611243	29
chr18	18611243	27142937	31
chr18	27142937	27378389	0
chr18	27378389	29297211	31
chr18	29297211	31175477	0
chr18	31175477	43336154	20
chr18	43336154	43559505	30
chr18	43559505	46568602	20
chr18	46568602	48010626	30
chr18	48010626	49356287	19
chr18	49356287	52004601	30
chr18	52004601	52861671	0
chr18	52861671	55698521	30
chr18	55698521	55967166	0
chr18	55967166	59151143	30
chr18	59151143	60119358	0
chr18	60119358	60195681	0
chr18	60195681	60289808	0
chr18	60289808	60604728	0
chr18	60604728	60717881	0
chr18	60717881	60805028	0
chr18	60805028	60853773	0
chr18	60853773	60899132	0
chr18	60899132	61055767	0
chr18	61055767	61460487	0
chr18	61460487	62352511	0
chr18	62352511	63782303	30
chr18	63782303	63874533	0
chr18	63874533	64813936	30
chr18	64813936	65034178	0
chr18	65034178	70047045	30
chr18	70047045	71471555	40
chr18	71471555	71511231	9
chr18	71511231	75070962	40
chr18	75070962	75271028	9
chr18	75271028	76049962	40
chr18	76049962	78077248	30
chr19	0	305291	31
chr19	305291	676972	21
chr19	676972	1324492	10
chr19	1324492	4010306	21
chr19	4010306	7013777	0
chr19	7013777	7060022	0
chr19	7060022	10219024	0
chr19	10219024	10753749	0
chr19	10753749	14306166	0
chr19	14306166	18311633	0
chr19	18311633	19147658	0
chr19	19147658	20235651	0
chr19	20235651	20318099	0
chr19	20318099	20892702	17
chr19	20892702	23922620	0
chr19	23922620	26500000	17
chr19	26500000	29202629	22
chr19	29202629	29326580	0
chr19	29326580	33145507	0
chr19	33145507	34038169	0
chr19	34038169	36853389	22
chr19	36853389	37225849	0
chr19	37225849	39755196	3
chr19	39755196	41654905	34
chr19	41654905	47470941	3
chr19	47470941	50376326	34
chr19	50376326	51886424	3
chr19	51886424	52137083	34
chr19	52137083	52560753	10
chr19	52560753	54937348	34
chr19	54937348	57735948	3
chr19	57735948	59128983	34
chr20	0	178928	0
chr20	178928	1561617	0
chr20	1561617	1598221	0
chr20	1598221	7178441	0
chr20	7178441	7252981	0
chr20	7252981	7806394	0
chr20	7806394	8225024	0
chr20	8225024	10539539	0
chr20	10539539	12239519	0
chr20	12239519	12611320	0
chr20	12611320	13367557	0
chr20	13367557	18071199	0
chr20	18071199	21074996	0
chr20	21074996	26239964	0
chr20	26239964	27500000	0
chr20	27500000	29471217	0
chr20	29471217	31337448	0
chr20	31337448	38183292	0
chr20	38183292	38774897	0
chr20	38774897	40024861	0
chr20	40024861	40739012	0
chr20	40739012	43408660	0
chr20	43408660	43932286	0
chr20	43932286	44844545	0
chr20	44844545	47428600	0
chr20	47428600	47490949	0
chr20	47490949	50720346	0
chr20	50720346	50865936	0
chr20	50865936	53419053	0
chr20	53419053	53902136	0
chr20	53902136	53998119	0
chr20	53998119	54326092	0
chr20	54326092	56108044	0
chr20	56108044	56823460	0
chr20	56823460	62871805	0
chr20	62871805	63025520	0
chr21	0	9764385	3
chr21	9764385	11018120	32
chr21	11018120	11039570	22
chr21	11039570	13200000	3
chr21	13200000	14446700	1
chr21	14446700	16397185	22
chr21	16397185	17363469	47
chr21	17363469	17440257	35
chr21	17440257	18453043	47
chr21	18453043	18667193	35
chr21	18667193	20665455	47
chr21	20665455	21162894	16
chr21	21162894	23047601	47
chr21	23047601	23247171	16
chr21	23247171	26475879	47
chr21	26475879	28497593	35
chr21	28497593	28808053	5
chr21	28808053	29051535	35
chr21	29051535	29093988	66
chr21	29093988	34615882	35
chr21	34615882	34715402	26
chr21	34715402	37707059	35
chr21	37707059	38729577	5
chr21	38729577	41170462	35
chr21	41170462	41235673	26
chr21	41235673	41479641	35
chr21	41479641	42048454	47
chr21	42048454	45084066	16
chr21	45084066	45289952	7
chr21	45289952	45870170	16
chr21	45870170	48064649	47
chr21	48064649	48129895	77
chr22	0	14700000	0
chr22	14700000	16151161	7
chr22	16151161	16875979	47
chr22	16875979	19447218	17
chr22	19447218	20930362	13
chr22	20930362	21009503	4
chr22	21009503	21153696	13
chr22	21153696	21460465	4
chr22	21460465	22493709	13
chr22	22493709	24205448	18
chr22	24205448	24206588	30
chr22	24206588	24510482	0
chr22	24510482	25062193	30
chr22	25062193	27357935	28
chr22	27357935	27483949	3
chr22	27483949	28568073	5
chr22	28568073	28733499	0
chr22	28733499	29458689	5
chr22	29458689	29495896	0
chr22	29495896	30350689	5
chr22	30350689	31711670	0
chr22	31711670	32111070	18
chr22	32111070	32199783	49
chr22	32199783	33261830	18
chr22	33261830	35190585	49
chr22	35190585	35400897	39
chr22	35400897	35535351	49
chr22	35535351	35644904	39
chr22	35644904	36433278	49
chr22	36433278	36464753	30
chr22	36464753	38065429	20
chr22	38065429	38313053	0
chr22	38313053	40243311	19
chr22	40243311	41197279	28
chr22	41197279	41514137	19
chr22	41514137	42073308	28
chr22	42073308	44087122	59
chr22	44087122	44501029	49
chr22	44501029	46686321	59
chr22	46686321	47243972	47
chr22	47243972	51304566	59
chrX	0	892488	21
chrX	892488	1477511	10
chrX	1477511	1837799	0
chrX	1837799	2583615	10
chrX	2583615	10302691	21
chrX	10302691	12474232	10
chrX	12474232	14230708	0
chrX	14230708	19309383	10
chrX	19309383	22800705	0
chrX	22800705	22901279	0
chrX	22901279	23578191	0
chrX	23578191	23919969	0
chrX	23919969	27709549	0
chrX	27709549	27864598	0
chrX	27864598	29842127	0
chrX	29842127	29914094	0
chrX	29914094	31794862	0
chrX	31794862	32205254	31
chrX	32205254	32485694	0
chrX	32485694	32608452	0
chrX	32608452	32627273	0
chrX	32627273	33126028	12
chrX	33126028	34194987	0
chrX	34194987	34247678	0
chrX	34247678	37704505	0
chrX	37704505	37979508	0
chrX	37979508	38574751	0
chrX	38574751	39215684	0
chrX	39215684	39294851	0
chrX	39294851	41984517	0
chrX	41984517	44325530	0
chrX	44325530	59298906	0
chrX	59298906	60600000	0
chrX	60600000	61818199	0
chrX	61818199	62161697	0
chrX	62161697	63123463	0
chrX	63123463	64516310	0
chrX	64516310	64601570	0
chrX	64601570	64676745	0
chrX	64676745	68783929	0
chrX	68783929	71526505	0
chrX	71526505	71953717	0
chrX	71953717	73569883	0
chrX	73569883	73752683	0
chrX	73752683	75855554	0
chrX	75855554	77714160	0
chrX	77714160	77976176	6
chrX	77976176	83809290	0
chrX	83809290	83884106	0
chrX	83884106	85220072	0
chrX	85220072	89892417	0
chrX	89892417	89915252	0
chrX	89915252	95391027	0
chrX	95391027	95443409	0
chrX	95443409	97439794	0
chrX	97439794	97531937	0
chrX	97531937	98626686	0
chrX	98626686	99731789	0
chrX	99731789	100006663	0
chrX	100006663	100741263	0
chrX	100741263	107810049	0
chrX	107810049	108309552	0
chrX	108309552	108442628	0
chrX	108442628	108709922	0
chrX	108709922	109085781	0
chrX	109085781	109274132	0
chrX	109274132	110126646	0
chrX	110126646	120811647	0
chrX	120811647	120935309	0
chrX	120935309	121405539	0
chrX	121405539	123272195	0
chrX	123272195	123433835	0
chrX	123433835	139434936	0
chrX	139434936	139545927	0
chrX	139545927	142312643	0
chrX	142312643	142545633	0
chrX	142545633	144490304	0
chrX	144490304	144551419	0
chrX	144551419	155270560	0
chrY	0	12500000	0
chrY	12500000	59373566	0