Chromosome Region	Start	End	gain
chr1	0	715604	0
chr1	715604	815952	0
chr1	815952	1161251	0
chr1	1161251	3355869	0
chr1	3355869	3403195	0
chr1	3403195	6127952	0
chr1	6127952	11073414	0
chr1	11073414	13936619	0
chr1	13936619	16222530	0
chr1	16222530	23675595	0
chr1	23675595	23885226	0
chr1	23885226	27822900	0
chr1	27822900	28453334	0
chr1	28453334	31266515	0
chr1	31266515	31465687	0
chr1	31465687	40096785	0
chr1	40096785	41238949	0
chr1	41238949	41281219	0
chr1	41281219	41658368	16
chr1	41658368	41984443	0
chr1	41984443	43082313	4
chr1	43082313	43112846	0
chr1	43112846	44056930	4
chr1	44056930	44345774	21
chr1	44345774	48742095	4
chr1	48742095	52709536	18
chr1	52709536	56571698	4
chr1	56571698	56592339	1
chr1	56592339	64523891	15
chr1	64523891	64703369	25
chr1	64703369	68749410	15
chr1	68749410	72759523	15
chr1	72759523	72765894	15
chr1	72765894	72805230	0
chr1	72805230	72864112	15
chr1	72864112	79374415	14
chr1	79374415	87681211	7
chr1	87681211	90046030	0
chr1	90046030	90119096	0
chr1	90119096	91504266	0
chr1	91504266	101904887	0
chr1	101904887	102297927	9
chr1	102297927	104802382	0
chr1	104802382	104863390	0
chr1	104863390	105235109	0
chr1	105235109	109350926	0
chr1	109350926	109973521	0
chr1	109973521	117490223	0
chr1	117490223	117810519	0
chr1	117810519	117927390	0
chr1	117927390	120553649	0
chr1	120553649	121185034	0
chr1	121185034	125000000	0
chr1	125000000	145114676	1
chr1	145114676	149808817	1
chr1	149808817	149825606	0
chr1	149825606	152249056	18
chr1	152249056	152311634	0
chr1	152311634	152510839	1
chr1	152510839	152767560	0
chr1	152767560	153495862	1
chr1	153495862	153783583	18
chr1	153783583	155903195	1
chr1	155903195	156032504	15
chr1	156032504	157848227	1
chr1	157848227	160550534	2
chr1	160550534	174484130	1
chr1	174484130	184335064	1
chr1	184335064	184408465	15
chr1	184408465	191768815	1
chr1	191768815	191794378	0
chr1	191794378	196482328	1
chr1	196482328	201881074	0
chr1	201881074	201966584	6
chr1	201966584	202080096	22
chr1	202080096	202094062	6
chr1	202094062	202150123	5
chr1	202150123	215919288	0
chr1	215919288	215941341	0
chr1	215941341	220793581	0
chr1	220793581	220917142	1
chr1	220917142	221007749	0
chr1	221007749	235477770	1
chr1	235477770	235679241	18
chr1	235679241	236556063	1
chr1	236556063	237077589	0
chr1	237077589	239653589	15
chr1	239653589	239721950	5
chr1	239721950	239862049	15
chr1	239862049	240137471	5
chr1	240137471	240338063	15
chr1	240338063	249250621	5
chr2	0	10484183	0
chr2	10484183	12281541	0
chr2	12281541	12311156	0
chr2	12311156	21263561	0
chr2	21263561	21813996	0
chr2	21813996	23792313	8
chr2	23792313	25240564	10
chr2	25240564	26382636	11
chr2	26382636	28984582	10
chr2	28984582	29079852	24
chr2	29079852	31334781	10
chr2	31334781	33661050	6
chr2	33661050	33842221	6
chr2	33842221	37179231	0
chr2	37179231	45700822	0
chr2	45700822	46077270	7
chr2	46077270	46365262	0
chr2	46365262	62453489	0
chr2	62453489	65519989	0
chr2	65519989	68950312	0
chr2	68950312	71120279	0
chr2	71120279	74336912	0
chr2	74336912	74448605	0
chr2	74448605	77868964	0
chr2	77868964	78064287	0
chr2	78064287	87397652	0
chr2	87397652	90301276	0
chr2	90301276	91627978	0
chr2	91627978	91704724	0
chr2	91704724	92193296	0
chr2	92193296	92275027	0
chr2	92275027	93300000	0
chr2	93300000	95358799	0
chr2	95358799	102720788	0
chr2	102720788	102747220	0
chr2	102747220	109629322	0
chr2	109629322	109797701	1
chr2	109797701	117797263	0
chr2	117797263	120285763	0
chr2	120285763	125578189	0
chr2	125578189	139314967	0
chr2	139314967	141068258	0
chr2	141068258	141683215	0
chr2	141683215	141760656	0
chr2	141760656	149006552	0
chr2	149006552	149130078	0
chr2	149130078	149611169	0
chr2	149611169	154299163	0
chr2	154299163	154329445	0
chr2	154329445	155674194	0
chr2	155674194	156853319	0
chr2	156853319	160049682	6
chr2	160049682	160090996	0
chr2	160090996	162310462	6
chr2	162310462	170194821	6
chr2	170194821	170983995	15
chr2	170983995	177863273	25
chr2	177863273	180421629	13
chr2	180421629	184571318	13
chr2	184571318	185216642	23
chr2	185216642	185406745	23
chr2	185406745	185565403	23
chr2	185565403	189965565	24
chr2	189965565	189997204	7
chr2	189997204	193163487	24
chr2	193163487	201655561	19
chr2	201655561	203174642	17
chr2	203174642	204427050	15
chr2	204427050	208695766	16
chr2	208695766	208751483	5
chr2	208751483	213425769	16
chr2	213425769	219897043	9
chr2	219897043	220088631	3
chr2	220088631	220991436	6
chr2	220991436	227962753	0
chr2	227962753	228630043	0
chr2	228630043	228845817	0
chr2	228845817	236709549	0
chr2	236709549	237031522	0
chr2	237031522	237804129	0
chr2	237804129	237805859	0
chr2	237805859	241456646	0
chr2	241456646	241558882	13
chr2	241558882	243199373	1
chr3	0	3113387	6
chr3	3113387	3117336	0
chr3	3117336	8781083	6
chr3	8781083	8883123	0
chr3	8883123	9197057	0
chr3	9197057	12631810	0
chr3	12631810	12698937	0
chr3	12698937	14930071	0
chr3	14930071	16906328	0
chr3	16906328	23275295	0
chr3	23275295	23857279	0
chr3	23857279	23973275	12
chr3	23973275	25110460	0
chr3	25110460	25121418	0
chr3	25121418	26611808	0
chr3	26611808	26615959	0
chr3	26615959	33944785	0
chr3	33944785	46500768	0
chr3	46500768	47512458	0
chr3	47512458	50115818	0
chr3	50115818	50242903	0
chr3	50242903	50319861	0
chr3	50319861	52004698	0
chr3	52004698	53417798	0
chr3	53417798	55696846	0
chr3	55696846	60258108	0
chr3	60258108	60554805	0
chr3	60554805	60690540	0
chr3	60690540	62090260	0
chr3	62090260	64996466	0
chr3	64996466	65106279	0
chr3	65106279	67405562	0
chr3	67405562	72287956	0
chr3	72287956	78148149	0
chr3	78148149	84880928	0
chr3	84880928	85029836	0
chr3	85029836	85103108	0
chr3	85103108	88253442	0
chr3	88253442	88404391	0
chr3	88404391	90146077	0
chr3	90146077	91000000	0
chr3	91000000	93543006	3
chr3	93543006	93605126	15
chr3	93605126	93813341	10
chr3	93813341	94938109	0
chr3	94938109	98757737	0
chr3	98757737	99471654	0
chr3	99471654	99902805	0
chr3	99902805	102228482	0
chr3	102228482	102290736	0
chr3	102290736	108023763	0
chr3	108023763	111323065	0
chr3	111323065	111433654	3
chr3	111433654	112184154	17
chr3	112184154	116222541	16
chr3	116222541	116338213	5
chr3	116338213	116627732	16
chr3	116627732	116931752	5
chr3	116931752	119811876	16
chr3	119811876	120705907	14
chr3	120705907	120972573	15
chr3	120972573	130288476	5
chr3	130288476	134422489	9
chr3	134422489	141073819	9
chr3	141073819	147235721	9
chr3	147235721	147277670	0
chr3	147277670	148893024	9
chr3	148893024	148952855	0
chr3	148952855	155170336	9
chr3	155170336	156953173	21
chr3	156953173	157482987	38
chr3	157482987	157533771	15
chr3	157533771	160255737	38
chr3	160255737	162503213	47
chr3	162503213	162508230	44
chr3	162508230	162510463	16
chr3	162510463	162526744	16
chr3	162526744	162625988	0
chr3	162625988	162627609	16
chr3	162627609	162628629	19
chr3	162628629	166530779	47
chr3	166530779	168652422	51
chr3	168652422	168877993	54
chr3	168877993	170732950	64
chr3	170732950	171140664	54
chr3	171140664	174058998	64
chr3	174058998	174176503	52
chr3	174176503	174291873	64
chr3	174291873	174553404	44
chr3	174553404	179888132	64
chr3	179888132	180613594	47
chr3	180613594	180726602	30
chr3	180726602	186656279	47
chr3	186656279	189193628	30
chr3	189193628	189526877	11
chr3	189526877	192876534	11
chr3	192876534	192884669	44
chr3	192884669	193129559	11
chr3	193129559	193134028	11
chr3	193134028	198022430	11
chr4	0	51473	0
chr4	51473	67770	0
chr4	67770	780017	8
chr4	780017	5124769	9
chr4	5124769	5144685	0
chr4	5144685	7016159	9
chr4	7016159	8107136	6
chr4	8107136	10230805	0
chr4	10230805	10232856	0
chr4	10232856	10235711	0
chr4	10235711	19341098	0
chr4	19341098	20578946	0
chr4	20578946	21670477	0
chr4	21670477	23311177	0
chr4	23311177	23365756	0
chr4	23365756	24872608	0
chr4	24872608	32426813	0
chr4	32426813	32709311	3
chr4	32709311	33062502	0
chr4	33062502	37340633	0
chr4	37340633	43159849	0
chr4	43159849	44909791	0
chr4	44909791	48685813	0
chr4	48685813	49091580	0
chr4	49091580	50400000	0
chr4	50400000	52696792	0
chr4	52696792	52706713	0
chr4	52706713	52821263	2
chr4	52821263	52833741	0
chr4	52833741	53800584	0
chr4	53800584	57743483	0
chr4	57743483	59486747	4
chr4	59486747	59597434	0
chr4	59597434	60821975	4
chr4	60821975	60927119	0
chr4	60927119	61238238	4
chr4	61238238	61398637	0
chr4	61398637	67293127	4
chr4	67293127	67433434	0
chr4	67433434	68673547	4
chr4	68673547	68807271	0
chr4	68807271	69028542	4
chr4	69028542	69360489	0
chr4	69360489	69690410	0
chr4	69690410	69865625	0
chr4	69865625	69996571	0
chr4	69996571	70149404	0
chr4	70149404	72498629	0
chr4	72498629	72706793	0
chr4	72706793	72748034	0
chr4	72748034	73115500	0
chr4	73115500	73427062	0
chr4	73427062	73471586	0
chr4	73471586	76997451	0
chr4	76997451	78957509	0
chr4	78957509	81869225	0
chr4	81869225	82056153	0
chr4	82056153	82681325	0
chr4	82681325	83700382	0
chr4	83700382	84032383	0
chr4	84032383	84518663	0
chr4	84518663	91414748	0
chr4	91414748	98359546	0
chr4	98359546	98361306	0
chr4	98361306	112513634	0
chr4	112513634	114166798	0
chr4	114166798	115183202	0
chr4	115183202	116111578	0
chr4	116111578	116246317	0
chr4	116246317	119356515	0
chr4	119356515	129422075	0
chr4	129422075	129523872	0
chr4	129523872	131680681	0
chr4	131680681	131780294	0
chr4	131780294	147080203	0
chr4	147080203	158122396	0
chr4	158122396	158148535	0
chr4	158148535	158192616	0
chr4	158192616	160885548	0
chr4	160885548	161877009	0
chr4	161877009	161884972	0
chr4	161884972	163793262	0
chr4	163793262	163971449	0
chr4	163971449	165609158	0
chr4	165609158	169368025	0
chr4	169368025	172372115	0
chr4	172372115	172379152	0
chr4	172379152	176167638	0
chr4	176167638	187964074	0
chr4	187964074	187988173	0
chr4	187988173	189441093	0
chr4	189441093	189447989	0
chr4	189447989	190752543	0
chr4	190752543	191154276	0
chr5	0	2804699	6
chr5	2804699	15426357	22
chr5	15426357	26107358	22
chr5	26107358	26800864	13
chr5	26800864	31909821	22
chr5	31909821	31973731	8
chr5	31973731	32524985	22
chr5	32524985	32574568	6
chr5	32574568	41385493	22
chr5	41385493	41913857	11
chr5	41913857	42476163	2
chr5	42476163	48400000	2
chr5	48400000	49707618	0
chr5	49707618	55353715	0
chr5	55353715	57265834	0
chr5	57265834	57320534	0
chr5	57320534	57342136	0
chr5	57342136	57346982	0
chr5	57346982	57467029	0
chr5	57467029	57555924	0
chr5	57555924	65302196	0
chr5	65302196	82722476	0
chr5	82722476	84707156	0
chr5	84707156	84746301	0
chr5	84746301	99116951	0
chr5	99116951	99145376	0
chr5	99145376	100501327	0
chr5	100501327	101497323	0
chr5	101497323	101532393	0
chr5	101532393	101906008	0
chr5	101906008	109264118	0
chr5	109264118	119340119	0
chr5	119340119	123983077	0
chr5	123983077	124175650	0
chr5	124175650	125347758	0
chr5	125347758	125663727	0
chr5	125663727	125695021	10
chr5	125695021	131435459	0
chr5	131435459	132092899	6
chr5	132092899	132241469	20
chr5	132241469	132802810	6
chr5	132802810	132966105	0
chr5	132966105	133160824	6
chr5	133160824	133181214	0
chr5	133181214	139590047	6
chr5	139590047	156319195	9
chr5	156319195	157513737	0
chr5	157513737	160629771	0
chr5	160629771	162167710	0
chr5	162167710	162187504	0
chr5	162187504	172085716	0
chr5	172085716	178852760	0
chr5	178852760	178937051	0
chr5	178937051	180915260	0
chr6	0	11651527	22
chr6	11651527	11700761	5
chr6	11700761	17679237	22
chr6	17679237	18170575	23
chr6	18170575	21984797	22
chr6	21984797	22598957	20
chr6	22598957	22620706	34
chr6	22620706	24958617	20
chr6	24958617	24991672	3
chr6	24991672	29837158	20
chr6	29837158	29875890	6
chr6	29875890	32456713	20
chr6	32456713	32626278	10
chr6	32626278	35617335	20
chr6	35617335	36429456	6
chr6	36429456	38241846	20
chr6	38241846	38631615	8
chr6	38631615	43464265	7
chr6	43464265	43833330	24
chr6	43833330	47705345	7
chr6	47705345	50921716	10
chr6	50921716	54982883	3
chr6	54982883	58449658	0
chr6	58449658	58774716	11
chr6	58774716	61000000	0
chr6	61000000	62112627	15
chr6	62112627	63098142	4
chr6	63098142	63640261	0
chr6	63640261	85707833	0
chr6	85707833	86181296	0
chr6	86181296	91458408	0
chr6	91458408	95454698	0
chr6	95454698	96123390	0
chr6	96123390	101111966	0
chr6	101111966	101275331	0
chr6	101275331	103734827	0
chr6	103734827	103765576	0
chr6	103765576	107424314	0
chr6	107424314	108261213	0
chr6	108261213	111821569	0
chr6	111821569	112211203	0
chr6	112211203	113489051	0
chr6	113489051	115864001	0
chr6	115864001	127489334	0
chr6	127489334	144406446	0
chr6	144406446	154326157	0
chr6	154326157	157427121	0
chr6	157427121	171115067	0
chr7	0	710480	0
chr7	710480	2276145	0
chr7	2276145	2436601	0
chr7	2436601	2761666	0
chr7	2761666	7990962	0
chr7	7990962	8437918	0
chr7	8437918	8522571	0
chr7	8522571	11341878	0
chr7	11341878	11349388	0
chr7	11349388	26122228	0
chr7	26122228	26207428	0
chr7	26207428	33423717	0
chr7	33423717	35910972	0
chr7	35910972	36518345	0
chr7	36518345	42743832	0
chr7	42743832	57950944	0
chr7	57950944	59900000	0
chr7	59900000	61072037	0
chr7	61072037	61628365	0
chr7	61628365	61834254	0
chr7	61834254	62410854	0
chr7	62410854	63478717	0
chr7	63478717	72018551	0
chr7	72018551	75038543	0
chr7	75038543	76364543	0
chr7	76364543	79726672	0
chr7	79726672	80792506	0
chr7	80792506	87415158	0
chr7	87415158	87479815	0
chr7	87479815	89189417	0
chr7	89189417	89982644	0
chr7	89982644	90548806	0
chr7	90548806	90643322	0
chr7	90643322	109435445	0
chr7	109435445	109441885	28
chr7	109441885	109453884	14
chr7	109453884	109453946	0
chr7	109453946	117765103	0
chr7	117765103	125789076	7
chr7	125789076	133729190	6
chr7	133729190	135353260	7
chr7	135353260	135895002	16
chr7	135895002	142475488	33
chr7	142475488	142489788	19
chr7	142489788	158393297	33
chr7	158393297	159138663	43
chr8	0	11779533	0
chr8	11779533	14164661	0
chr8	14164661	14272835	0
chr8	14272835	14620720	0
chr8	14620720	14782083	0
chr8	14782083	16848399	0
chr8	16848399	19978834	0
chr8	19978834	20126970	0
chr8	20126970	24975535	0
chr8	24975535	24984237	0
chr8	24984237	25157915	0
chr8	25157915	27406484	0
chr8	27406484	27531368	0
chr8	27531368	34084022	0
chr8	34084022	35087237	0
chr8	35087237	35906972	0
chr8	35906972	39260742	0
chr8	39260742	39387632	0
chr8	39387632	42772986	0
chr8	42772986	43778914	0
chr8	43778914	45600000	0
chr8	45600000	49929453	6
chr8	49929453	49983548	0
chr8	49983548	50609929	6
chr8	50609929	51013854	6
chr8	51013854	52882868	13
chr8	52882868	56540135	24
chr8	56540135	57018463	25
chr8	57018463	59319637	39
chr8	59319637	60114299	49
chr8	60114299	60142148	32
chr8	60142148	70473681	49
chr8	70473681	76937501	54
chr8	76937501	78165447	52
chr8	78165447	90948927	33
chr8	90948927	102327869	49
chr8	102327869	108807916	45
chr8	108807916	111946072	50
chr8	111946072	112129607	60
chr8	112129607	112993808	50
chr8	112993808	113278250	50
chr8	113278250	113459383	50
chr8	113459383	113657268	50
chr8	113657268	113663211	60
chr8	113663211	113785286	50
chr8	113785286	113935481	50
chr8	113935481	114456489	50
chr8	114456489	115821811	50
chr8	115821811	116112240	50
chr8	116112240	116555975	50
chr8	116555975	117228058	50
chr8	117228058	117360528	50
chr8	117360528	117604141	50
chr8	117604141	117966347	50
chr8	117966347	118068373	50
chr8	118068373	118489462	50
chr8	118489462	118758239	50
chr8	118758239	118976360	50
chr8	118976360	120015510	50
chr8	120015510	120101444	50
chr8	120101444	121750209	50
chr8	121750209	121829822	50
chr8	121829822	122683594	50
chr8	122683594	122781297	50
chr8	122781297	123058816	50
chr8	123058816	123120186	50
chr8	123120186	123403605	50
chr8	123403605	123448532	50
chr8	123448532	123499118	50
chr8	123499118	124065937	50
chr8	124065937	124640653	50
chr8	124640653	124768788	50
chr8	124768788	124850673	50
chr8	124850673	125337676	50
chr8	125337676	125677784	50
chr8	125677784	126743927	50
chr8	126743927	126758982	50
chr8	126758982	126805211	60
chr8	126805211	127631249	60
chr8	127631249	127683517	60
chr8	127683517	127884188	60
chr8	127884188	127988427	60
chr8	127988427	128114891	60
chr8	128114891	128367041	60
chr8	128367041	128547751	60
chr8	128547751	128621564	64
chr8	128621564	128769875	64
chr8	128769875	129601703	64
chr8	129601703	129632063	64
chr8	129632063	129744422	60
chr8	129744422	130777535	60
chr8	130777535	131228901	60
chr8	131228901	131904802	60
chr8	131904802	131941660	60
chr8	131941660	131992797	60
chr8	131992797	132259906	60
chr8	132259906	132589832	60
chr8	132589832	132660114	60
chr8	132660114	132780110	60
chr8	132780110	133058079	60
chr8	133058079	133478152	60
chr8	133478152	133696409	67
chr8	133696409	133858283	67
chr8	133858283	135076381	67
chr8	135076381	135146886	67
chr8	135146886	136981003	67
chr8	136981003	137117482	67
chr8	137117482	137528284	67
chr8	137528284	137652895	67
chr8	137652895	137681983	67
chr8	137681983	137862915	67
chr8	137862915	138109802	67
chr8	138109802	138294433	67
chr8	138294433	138454791	67
chr8	138454791	138521070	67
chr8	138521070	140192356	67
chr8	140192356	140252857	67
chr8	140252857	141005123	67
chr8	141005123	141021183	67
chr8	141021183	141169493	67
chr8	141169493	141236153	67
chr8	141236153	142007350	67
chr8	142007350	142209958	67
chr8	142209958	142540828	67
chr8	142540828	146364022	67
chr9	0	14232312	0
chr9	14232312	14246316	0
chr9	14246316	21294440	0
chr9	21294440	21307242	0
chr9	21307242	22336496	0
chr9	22336496	23864448	0
chr9	23864448	23899407	0
chr9	23899407	34940233	0
chr9	34940233	36785694	0
chr9	36785694	38279773	0
chr9	38279773	44493001	0
chr9	44493001	45471396	0
chr9	45471396	46906975	0
chr9	46906975	49000000	0
chr9	49000000	65630934	0
chr9	65630934	68151514	0
chr9	68151514	68253531	0
chr9	68253531	69817410	0
chr9	69817410	70942213	0
chr9	70942213	73251320	0
chr9	73251320	78830782	0
chr9	78830782	80451712	0
chr9	80451712	85093434	0
chr9	85093434	87971241	0
chr9	87971241	97718528	0
chr9	97718528	99032731	0
chr9	99032731	99277853	0
chr9	99277853	100383610	0
chr9	100383610	107647170	0
chr9	107647170	111569864	0
chr9	111569864	112140708	0
chr9	112140708	127510846	0
chr9	127510846	129657192	0
chr9	129657192	130241961	0
chr9	130241961	130536241	0
chr9	130536241	131162525	3
chr9	131162525	131571310	7
chr9	131571310	132204523	0
chr9	132204523	135548700	0
chr9	135548700	135586577	0
chr9	135586577	139536695	0
chr9	139536695	140255680	0
chr9	140255680	140319685	18
chr9	140319685	140594585	7
chr9	140594585	141213431	0
chr10	0	135868	25
chr10	135868	1281961	35
chr10	1281961	18523169	23
chr10	18523169	21734768	13
chr10	21734768	21820018	27
chr10	21820018	25890518	13
chr10	25890518	26176544	4
chr10	26176544	34834057	14
chr10	34834057	35035149	24
chr10	35035149	36049693	7
chr10	36049693	36055349	0
chr10	36055349	36092540	7
chr10	36092540	36117555	0
chr10	36117555	36548525	7
chr10	36548525	38957514	0
chr10	38957514	40200000	0
chr10	40200000	42433540	0
chr10	42433540	42749289	1
chr10	42749289	46955606	0
chr10	46955606	47057252	0
chr10	47057252	50447828	0
chr10	50447828	55873493	0
chr10	55873493	55907343	0
chr10	55907343	56016217	0
chr10	56016217	56188521	0
chr10	56188521	57291561	0
chr10	57291561	57430259	0
chr10	57430259	58514609	0
chr10	58514609	61499524	0
chr10	61499524	61668115	0
chr10	61668115	64254172	0
chr10	64254172	64507207	0
chr10	64507207	72714084	0
chr10	72714084	73424737	0
chr10	73424737	82839268	0
chr10	82839268	87612526	0
chr10	87612526	90524816	0
chr10	90524816	97187829	0
chr10	97187829	102507797	0
chr10	102507797	104824433	0
chr10	104824433	105639516	0
chr10	105639516	107074712	0
chr10	107074712	112007090	0
chr10	112007090	112024266	0
chr10	112024266	114030175	0
chr10	114030175	114219531	0
chr10	114219531	114540088	0
chr10	114540088	116529779	0
chr10	116529779	116623297	0
chr10	116623297	123231297	0
chr10	123231297	134076411	0
chr10	134076411	134232713	16
chr10	134232713	134818407	28
chr10	134818407	135534747	16
chr11	0	280520	0
chr11	280520	4968348	0
chr11	4968348	4975690	0
chr11	4975690	5809400	0
chr11	5809400	10504130	0
chr11	10504130	21605173	0
chr11	21605173	24924015	0
chr11	24924015	31267034	0
chr11	31267034	36586710	0
chr11	36586710	43626613	0
chr11	43626613	43837810	0
chr11	43837810	45829499	0
chr11	45829499	48791153	0
chr11	48791153	51532610	0
chr11	51532610	53700000	0
chr11	53700000	54789042	0
chr11	54789042	54794667	0
chr11	54794667	55010310	1
chr11	55010310	55033148	0
chr11	55033148	55376389	0
chr11	55376389	55408766	0
chr11	55408766	61930624	0
chr11	61930624	63846061	2
chr11	63846061	65097138	11
chr11	65097138	65990883	28
chr11	65990883	66284160	11
chr11	66284160	67549749	13
chr11	67549749	67770606	0
chr11	67770606	73367000	13
chr11	73367000	78294500	13
chr11	78294500	94111025	8
chr11	94111025	94315987	27
chr11	94315987	100853508	30
chr11	100853508	101548093	34
chr11	101548093	104915047	32
chr11	104915047	105193065	24
chr11	105193065	105490980	21
chr11	105490980	107645608	25
chr11	107645608	109762645	26
chr11	109762645	110212938	9
chr11	110212938	112790206	26
chr11	112790206	134106492	26
chr11	134106492	135006516	9
chr12	0	2887244	0
chr12	2887244	3007629	7
chr12	3007629	6415827	0
chr12	6415827	6684284	7
chr12	6684284	9631972	0
chr12	9631972	9735334	0
chr12	9735334	12657768	0
chr12	12657768	13009570	5
chr12	13009570	21784085	0
chr12	21784085	24615834	0
chr12	24615834	24705672	0
chr12	24705672	26114012	0
chr12	26114012	26167175	0
chr12	26167175	34775885	0
chr12	34775885	35800000	0
chr12	35800000	37880478	0
chr12	37880478	37959632	0
chr12	37959632	45780219	0
chr12	45780219	48613103	0
chr12	48613103	51155015	0
chr12	51155015	51743143	0
chr12	51743143	52899103	0
chr12	52899103	52905839	0
chr12	52905839	71303315	0
chr12	71303315	71509146	0
chr12	71509146	91110462	0
chr12	91110462	112857872	0
chr12	112857872	119671794	0
chr12	119671794	121190339	0
chr12	121190339	121797391	0
chr12	121797391	128633035	0
chr12	128633035	128696923	0
chr12	128696923	133851895	0
chr13	0	17900000	0
chr13	17900000	19045720	0
chr13	19045720	19123483	0
chr13	19123483	19661387	0
chr13	19661387	22747547	0
chr13	22747547	24751428	0
chr13	24751428	24763916	0
chr13	24763916	33921672	0
chr13	33921672	36774583	0
chr13	36774583	36922822	0
chr13	36922822	38071579	0
chr13	38071579	38086544	0
chr13	38086544	41608675	0
chr13	41608675	45268653	0
chr13	45268653	48994672	0
chr13	48994672	49029102	0
chr13	49029102	51606850	0
chr13	51606850	80331924	0
chr13	80331924	96638794	0
chr13	96638794	115169878	0
chr14	0	17600000	0
chr14	17600000	19108176	0
chr14	19108176	19549378	0
chr14	19549378	20424155	0
chr14	20424155	22590936	0
chr14	22590936	23005299	13
chr14	23005299	26779521	0
chr14	26779521	26784422	0
chr14	26784422	35135418	0
chr14	35135418	50371559	0
chr14	50371559	50465642	8
chr14	50465642	53348198	0
chr14	53348198	54131994	0
chr14	54131994	56906183	0
chr14	56906183	56968966	0
chr14	56968966	59435843	0
chr14	59435843	60319426	0
chr14	60319426	61615205	0
chr14	61615205	64041480	0
chr14	64041480	64075695	0
chr14	64075695	67483075	0
chr14	67483075	68480212	0
chr14	68480212	68966435	0
chr14	68966435	69110216	0
chr14	69110216	73375536	0
chr14	73375536	73403454	0
chr14	73403454	73991717	0
chr14	73991717	74047270	0
chr14	74047270	85965099	0
chr14	85965099	88981545	0
chr14	88981545	89995934	0
chr14	89995934	101212406	0
chr14	101212406	106817250	0
chr14	106817250	106900096	0
chr14	106900096	107349540	0
chr15	0	19000000	0
chr15	19000000	20101641	0
chr15	20101641	20571284	0
chr15	20571284	29453188	0
chr15	29453188	35386881	0
chr15	35386881	41118843	0
chr15	41118843	47997479	0
chr15	47997479	60132824	0
chr15	60132824	64869246	0
chr15	64869246	65005357	2
chr15	65005357	65331603	0
chr15	65331603	68635993	10
chr15	68635993	72642168	13
chr15	72642168	74050994	30
chr15	74050994	74077895	18
chr15	74077895	74791231	30
chr15	74791231	75933975	33
chr15	75933975	81255963	30
chr15	81255963	92583790	13
chr15	92583790	92601356	27
chr15	92601356	93002820	13
chr15	93002820	93098056	23
chr15	93098056	95049686	13
chr15	95049686	102531392	10
chr16	0	593157	0
chr16	593157	668983	0
chr16	668983	1744007	0
chr16	1744007	2792963	0
chr16	2792963	3112439	0
chr16	3112439	3148837	0
chr16	3148837	3438664	0
chr16	3438664	7742958	0
chr16	7742958	7772821	0
chr16	7772821	8575158	0
chr16	8575158	14201558	0
chr16	14201558	14276466	0
chr16	14276466	14989851	0
chr16	14989851	15087177	0
chr16	15087177	16295263	0
chr16	16295263	22418509	0
chr16	22418509	22800517	0
chr16	22800517	22825693	0
chr16	22825693	25254914	0
chr16	25254914	25486832	0
chr16	25486832	27379146	0
chr16	27379146	29599364	0
chr16	29599364	32699406	0
chr16	32699406	34653401	0
chr16	34653401	34821104	0
chr16	34821104	36600000	0
chr16	36600000	46660580	0
chr16	46660580	46706944	0
chr16	46706944	46739893	0
chr16	46739893	49395842	0
chr16	49395842	50874957	0
chr16	50874957	50947061	0
chr16	50947061	51670153	0
chr16	51670153	51715195	0
chr16	51715195	51855786	0
chr16	51855786	58533268	0
chr16	58533268	62958672	0
chr16	62958672	62985290	0
chr16	62985290	63308527	0
chr16	63308527	63624141	0
chr16	63624141	64916454	0
chr16	64916454	64965887	0
chr16	64965887	69480221	0
chr16	69480221	69860889	0
chr16	69860889	83012271	0
chr16	83012271	83063804	0
chr16	83063804	83080016	0
chr16	83080016	83086852	0
chr16	83086852	84759158	0
chr16	84759158	86525584	0
chr16	86525584	87085016	0
chr16	87085016	89875431	0
chr16	89875431	90354753	0
chr17	0	6028100	0
chr17	6028100	6121680	0
chr17	6121680	15009641	0
chr17	15009641	15051915	0
chr17	15051915	22062395	0
chr17	22062395	22235650	0
chr17	22235650	24000000	0
chr17	24000000	25311244	0
chr17	25311244	25313829	0
chr17	25313829	25346692	0
chr17	25346692	26156614	0
chr17	26156614	26266654	0
chr17	26266654	29599401	0
chr17	29599401	29692834	0
chr17	29692834	34284116	0
chr17	34284116	34301896	0
chr17	34301896	34465244	0
chr17	34465244	36145014	0
chr17	36145014	39837128	0
chr17	39837128	40273062	0
chr17	40273062	40877056	0
chr17	40877056	42933814	0
chr17	42933814	43198686	0
chr17	43198686	43574666	0
chr17	43574666	44164457	0
chr17	44164457	44363267	0
chr17	44363267	44758647	0
chr17	44758647	45476449	0
chr17	45476449	45661626	0
chr17	45661626	46519872	0
chr17	46519872	47665095	0
chr17	47665095	48032955	0
chr17	48032955	48152578	12
chr17	48152578	54159979	0
chr17	54159979	54173035	0
chr17	54173035	63279899	0
chr17	63279899	64903046	0
chr17	64903046	66475727	0
chr17	66475727	71744878	2
chr17	71744878	72953224	26
chr17	72953224	72998079	29
chr17	72998079	73384773	46
chr17	73384773	73558813	29
chr17	73558813	76903286	46
chr17	76903286	77285486	29
chr17	77285486	77296988	13
chr17	77296988	77348494	46
chr17	77348494	78665415	58
chr17	78665415	81195210	69
chr18	0	816356	0
chr18	816356	887815	0
chr18	887815	2725064	0
chr18	2725064	14516434	0
chr18	14516434	15307817	0
chr18	15307817	17200000	2
chr18	17200000	18594682	0
chr18	18594682	18799520	0
chr18	18799520	23794627	5
chr18	23794627	24232193	19
chr18	24232193	26173647	5
chr18	26173647	26982955	1
chr18	26982955	35874561	0
chr18	35874561	38218378	0
chr18	38218378	47087074	0
chr18	47087074	49495582	0
chr18	49495582	49573382	0
chr18	49573382	56021520	0
chr18	56021520	56245254	0
chr18	56245254	58097091	0
chr18	58097091	58115744	0
chr18	58115744	63871003	0
chr18	63871003	66751546	0
chr18	66751546	66758431	0
chr18	66758431	71584032	0
chr18	71584032	76387445	0
chr18	76387445	78077248	0
chr19	0	548203	0
chr19	548203	2211230	0
chr19	2211230	5767767	0
chr19	5767767	6285532	0
chr19	6285532	8019600	0
chr19	8019600	9674523	0
chr19	9674523	9879827	0
chr19	9879827	10836440	16
chr19	10836440	10990609	33
chr19	10990609	11249405	56
chr19	11249405	11401451	39
chr19	11401451	13785224	37
chr19	13785224	14164551	54
chr19	14164551	15157216	37
chr19	15157216	15391754	51
chr19	15391754	17024445	37
chr19	17024445	17998593	36
chr19	17998593	18389195	40
chr19	18389195	18804611	56
chr19	18804611	18903200	40
chr19	18903200	19462010	32
chr19	19462010	20594498	29
chr19	20594498	20722654	39
chr19	20722654	21038378	29
chr19	21038378	21201428	26
chr19	21201428	22089284	29
chr19	22089284	23812456	18
chr19	23812456	23871949	0
chr19	23871949	23887702	5
chr19	23887702	24461119	6
chr19	24461119	24521623	23
chr19	24521623	26500000	6
chr19	26500000	27828664	22
chr19	27828664	29246134	12
chr19	29246134	30630437	31
chr19	30630437	31911731	43
chr19	31911731	32106085	37
chr19	32106085	34720350	38
chr19	34720350	36562870	0
chr19	36562870	36582565	0
chr19	36582565	37083063	0
chr19	37083063	38788311	0
chr19	38788311	39050556	0
chr19	39050556	41612890	0
chr19	41612890	45098602	0
chr19	45098602	45394422	0
chr19	45394422	45602046	0
chr19	45602046	45631186	0
chr19	45631186	46068095	0
chr19	46068095	46156317	0
chr19	46156317	47353885	0
chr19	47353885	47712603	0
chr19	47712603	49040532	0
chr19	49040532	51451561	0
chr19	51451561	51536032	0
chr19	51536032	59128983	0
chr20	0	1554847	7
chr20	1554847	1560862	19
chr20	1560862	1567733	9
chr20	1567733	1598026	0
chr20	1598026	1599357	0
chr20	1599357	2397607	7
chr20	2397607	5352019	19
chr20	5352019	6469696	7
chr20	6469696	6491546	0
chr20	6491546	7438540	7
chr20	7438540	7985998	12
chr20	7985998	10606597	20
chr20	10606597	14288304	3
chr20	14288304	25660139	2
chr20	25660139	25782586	0
chr20	25782586	26239838	2
chr20	26239838	27500000	5
chr20	27500000	30019280	5
chr20	30019280	32554879	22
chr20	32554879	34834775	22
chr20	34834775	40642680	5
chr20	40642680	45561900	11
chr20	45561900	45576557	0
chr20	45576557	46125253	11
chr20	46125253	49090540	11
chr20	49090540	49151530	28
chr20	49151530	54127289	11
chr20	54127289	60064023	11
chr20	60064023	60473581	41
chr20	60473581	61815521	58
chr20	61815521	62280479	70
chr20	62280479	62551844	58
chr20	62551844	63025520	41
chr21	0	9764385	0
chr21	9764385	11018120	0
chr21	11018120	11039570	0
chr21	11039570	11156072	0
chr21	11156072	13200000	0
chr21	13200000	14446700	0
chr21	14446700	14620400	0
chr21	14620400	15970762	0
chr21	15970762	16464021	0
chr21	16464021	22713173	0
chr21	22713173	22847707	0
chr21	22847707	24418183	0
chr21	24418183	24542448	0
chr21	24542448	25553139	0
chr21	25553139	25597846	0
chr21	25597846	27689760	0
chr21	27689760	27783015	0
chr21	27783015	36155685	0
chr21	36155685	36261775	0
chr21	36261775	38957652	0
chr21	38957652	39093729	0
chr21	39093729	41561815	0
chr21	41561815	42133388	0
chr21	42133388	44730323	0
chr21	44730323	44876952	3
chr21	44876952	44962914	17
chr21	44962914	46688638	3
chr21	46688638	47509664	0
chr21	47509664	48029213	0
chr21	48029213	48129895	0
chr22	0	14700000	0
chr22	14700000	16151161	0
chr22	16151161	16405616	0
chr22	16405616	16774157	0
chr22	16774157	18102527	0
chr22	18102527	19671558	0
chr22	19671558	22007404	0
chr22	22007404	22154214	0
chr22	22154214	22315098	0
chr22	22315098	24014289	0
chr22	24014289	24442107	0
chr22	24442107	30554982	0
chr22	30554982	31810485	0
chr22	31810485	33880241	0
chr22	33880241	35638996	0
chr22	35638996	38757114	0
chr22	38757114	38875899	0
chr22	38875899	42055787	0
chr22	42055787	51304566	0
chrX	0	586088	0
chrX	586088	868760	0
chrX	868760	885805	0
chrX	885805	1837799	9
chrX	1837799	1839899	0
chrX	1839899	2341842	0
chrX	2341842	3132459	0
chrX	3132459	3206832	0
chrX	3206832	4945595	0
chrX	4945595	5057457	0
chrX	5057457	7401550	0
chrX	7401550	8575572	0
chrX	8575572	8621859	0
chrX	8621859	9107997	0
chrX	9107997	9231506	0
chrX	9231506	9343570	0
chrX	9343570	9431345	0
chrX	9431345	12319627	0
chrX	12319627	12358577	0
chrX	12358577	28836972	0
chrX	28836972	28964612	0
chrX	28964612	29860575	0
chrX	29860575	30049426	0
chrX	30049426	31061106	0
chrX	31061106	31379682	0
chrX	31379682	32844248	0
chrX	32844248	32912247	0
chrX	32912247	34019171	0
chrX	34019171	34078178	0
chrX	34078178	38680380	0
chrX	38680380	38824431	0
chrX	38824431	40646659	0
chrX	40646659	42818248	0
chrX	42818248	47875707	0
chrX	47875707	48001293	0
chrX	48001293	48373078	0
chrX	48373078	49568632	0
chrX	49568632	49794837	0
chrX	49794837	49959570	0
chrX	49959570	50637881	0
chrX	50637881	58298382	0
chrX	58298382	59161081	0
chrX	59161081	59178820	0
chrX	59178820	59298906	0
chrX	59298906	59331578	0
chrX	59331578	60600000	0
chrX	60600000	61818199	0
chrX	61818199	69880360	0
chrX	69880360	70070147	0
chrX	70070147	73658204	0
chrX	73658204	73952091	0
chrX	73952091	78669413	0
chrX	78669413	78993933	0
chrX	78993933	84101164	0
chrX	84101164	86930102	0
chrX	86930102	99153150	0
chrX	99153150	99284747	0
chrX	99284747	106254402	0
chrX	106254402	106336270	0
chrX	106336270	111719379	0
chrX	111719379	111820188	0
chrX	111820188	112360537	0
chrX	112360537	112371843	0
chrX	112371843	112709758	0
chrX	112709758	113160987	0
chrX	113160987	113305660	0
chrX	113305660	113592593	0
chrX	113592593	114123840	0
chrX	114123840	114189823	0
chrX	114189823	114274147	0
chrX	114274147	114392963	0
chrX	114392963	115665703	0
chrX	115665703	115814741	0
chrX	115814741	118379663	0
chrX	118379663	118500196	0
chrX	118500196	123279494	0
chrX	123279494	123369233	0
chrX	123369233	126566720	0
chrX	126566720	140414597	0
chrX	140414597	140747265	0
chrX	140747265	152088477	0
chrX	152088477	152202601	0
chrX	152202601	152524435	0
chrX	152524435	152625354	0
chrX	152625354	152626083	0
chrX	152626083	153047128	0
chrX	153047128	153564687	0
chrX	153564687	153729788	0
chrX	153729788	155270560	0
chrY	0	12500000	0
chrY	12500000	59373566	0