Chromosome Region	Start	End	loss
chr1	0	6853355	8
chr1	6853355	8066167	0
chr1	8066167	11009611	0
chr1	11009611	15028144	5
chr1	15028144	15114070	0
chr1	15114070	16870321	5
chr1	16870321	17082652	21
chr1	17082652	23675595	5
chr1	23675595	25507254	2
chr1	25507254	26253274	0
chr1	26253274	26576396	0
chr1	26576396	27481096	2
chr1	27481096	27822900	0
chr1	27822900	28050602	0
chr1	28050602	28596133	0
chr1	28596133	32866884	0
chr1	32866884	35051963	0
chr1	35051963	37197385	0
chr1	37197385	37324799	0
chr1	37324799	37955370	0
chr1	37955370	38180037	0
chr1	38180037	39224753	0
chr1	39224753	41965965	0
chr1	41965965	42674616	0
chr1	42674616	45061581	0
chr1	45061581	48160843	0
chr1	48160843	48742095	0
chr1	48742095	52709536	0
chr1	52709536	53344941	0
chr1	53344941	56592339	0
chr1	56592339	59169753	0
chr1	59169753	62851904	0
chr1	62851904	63016018	0
chr1	63016018	65299195	0
chr1	65299195	65369223	0
chr1	65369223	65933145	0
chr1	65933145	70873430	0
chr1	70873430	72208817	0
chr1	72208817	72753227	0
chr1	72753227	72759361	0
chr1	72759361	72765894	0
chr1	72765894	72768926	0
chr1	72768926	72805230	9
chr1	72805230	72811532	0
chr1	72811532	77593002	0
chr1	77593002	80548614	0
chr1	80548614	87211485	0
chr1	87211485	87681211	0
chr1	87681211	88020633	0
chr1	88020633	91954925	2
chr1	91954925	92380027	0
chr1	92380027	92598321	2
chr1	92598321	95303791	0
chr1	95303791	95494745	0
chr1	95494745	95775615	0
chr1	95775615	97206239	2
chr1	97206239	98713037	5
chr1	98713037	98750900	0
chr1	98750900	105235109	5
chr1	105235109	109973521	0
chr1	109973521	112693006	34
chr1	112693006	112706196	17
chr1	112706196	113290397	34
chr1	113290397	113868367	18
chr1	113868367	114746862	32
chr1	114746862	114801514	18
chr1	114801514	118186483	32
chr1	118186483	120468751	9
chr1	120468751	120553649	8
chr1	120553649	120621451	0
chr1	120621451	121230790	0
chr1	121230790	121291080	0
chr1	121291080	125000000	0
chr1	125000000	143458436	0
chr1	143458436	149732608	0
chr1	149732608	149847673	0
chr1	149847673	152768310	0
chr1	152768310	152856193	0
chr1	152856193	152979258	0
chr1	152979258	154535541	0
chr1	154535541	155286287	0
chr1	155286287	155903195	0
chr1	155903195	158207057	0
chr1	158207057	158313222	0
chr1	158313222	163809199	0
chr1	163809199	166568705	0
chr1	166568705	171491621	0
chr1	171491621	173597243	0
chr1	173597243	174166144	0
chr1	174166144	174506579	0
chr1	174506579	174987046	0
chr1	174987046	176051538	0
chr1	176051538	176161380	0
chr1	176161380	177744013	0
chr1	177744013	177933068	0
chr1	177933068	182935212	0
chr1	182935212	183943386	0
chr1	183943386	187520715	0
chr1	187520715	189157358	0
chr1	189157358	189508302	0
chr1	189508302	192384886	0
chr1	192384886	196828843	0
chr1	196828843	200789160	0
chr1	200789160	205053184	0
chr1	205053184	207327196	0
chr1	207327196	209745006	0
chr1	209745006	209839590	0
chr1	209839590	213282083	0
chr1	213282083	216440418	0
chr1	216440418	217754871	0
chr1	217754871	218587072	0
chr1	218587072	218686904	0
chr1	218686904	219692450	0
chr1	219692450	227936992	0
chr1	227936992	230516522	0
chr1	230516522	232594411	0
chr1	232594411	232677503	0
chr1	232677503	232948623	0
chr1	232948623	249250621	0
chr2	0	10484183	21
chr2	10484183	18548422	24
chr2	18548422	19089623	23
chr2	19089623	19813813	8
chr2	19813813	21813996	22
chr2	21813996	21851627	0
chr2	21851627	22174099	0
chr2	22174099	23792313	0
chr2	23792313	26060892	0
chr2	26060892	26077186	0
chr2	26077186	26916131	0
chr2	26916131	30859740	0
chr2	30859740	31334781	0
chr2	31334781	37179231	0
chr2	37179231	38040545	0
chr2	38040545	38181431	0
chr2	38181431	41809180	0
chr2	41809180	42572649	0
chr2	42572649	43740823	0
chr2	43740823	49616470	0
chr2	49616470	49698261	0
chr2	49698261	55073688	0
chr2	55073688	55686405	0
chr2	55686405	55862670	0
chr2	55862670	60270985	0
chr2	60270985	62006204	0
chr2	62006204	63031292	0
chr2	63031292	63141799	0
chr2	63141799	65360446	0
chr2	65360446	65682351	0
chr2	65682351	71120279	0
chr2	71120279	74448605	13
chr2	74448605	77973549	14
chr2	77973549	78055193	0
chr2	78055193	80780924	14
chr2	80780924	80831029	0
chr2	80831029	85580057	14
chr2	85580057	85701660	0
chr2	85701660	87102511	14
chr2	87102511	87341354	13
chr2	87341354	90301276	17
chr2	90301276	91794849	6
chr2	91794849	92089051	0
chr2	92089051	92193296	0
chr2	92193296	92285930	0
chr2	92285930	93300000	6
chr2	93300000	95439958	0
chr2	95439958	96656411	0
chr2	96656411	97624834	5
chr2	97624834	98524556	0
chr2	98524556	98675483	0
chr2	98675483	98879626	0
chr2	98879626	99742491	0
chr2	99742491	102410348	0
chr2	102410348	104028502	0
chr2	104028502	104262587	0
chr2	104262587	104385099	0
chr2	104385099	104521125	0
chr2	104521125	109073022	0
chr2	109073022	112415706	0
chr2	112415706	113444584	0
chr2	113444584	120383500	0
chr2	120383500	123558644	0
chr2	123558644	139266523	0
chr2	139266523	141706582	0
chr2	141706582	142143208	0
chr2	142143208	142692934	0
chr2	142692934	143110356	0
chr2	143110356	143320951	0
chr2	143320951	146864436	0
chr2	146864436	152397296	0
chr2	152397296	153782144	0
chr2	153782144	153972474	0
chr2	153972474	154276875	0
chr2	154276875	155674194	0
chr2	155674194	157533540	0
chr2	157533540	157534519	0
chr2	157534519	159315782	0
chr2	159315782	161464653	0
chr2	161464653	164711142	0
chr2	164711142	167543853	0
chr2	167543853	168773435	0
chr2	168773435	171368309	0
chr2	171368309	172664318	0
chr2	172664318	173806966	0
chr2	173806966	177189497	0
chr2	177189497	178032138	0
chr2	178032138	181738827	0
chr2	181738827	184432051	0
chr2	184432051	184673379	0
chr2	184673379	186217716	0
chr2	186217716	186458661	0
chr2	186458661	187629616	0
chr2	187629616	189806307	0
chr2	189806307	189965565	0
chr2	189965565	190309384	0
chr2	190309384	191016476	0
chr2	191016476	191360716	0
chr2	191360716	191564964	0
chr2	191564964	194471488	0
chr2	194471488	194679904	0
chr2	194679904	196643104	0
chr2	196643104	201655561	0
chr2	201655561	204245014	0
chr2	204245014	208999100	0
chr2	208999100	209063487	0
chr2	209063487	216279727	0
chr2	216279727	218852039	20
chr2	218852039	219079263	1
chr2	219079263	227962753	22
chr2	227962753	229948848	41
chr2	229948848	230065224	28
chr2	230065224	234925298	41
chr2	234925298	236317554	41
chr2	236317554	236943609	24
chr2	236943609	237490615	29
chr2	237490615	238577884	12
chr2	238577884	239278666	26
chr2	239278666	239500651	12
chr2	239500651	243199373	26
chr3	0	10243615	0
chr3	10243615	12356103	17
chr3	12356103	16755083	0
chr3	16755083	18919212	0
chr3	18919212	19234215	0
chr3	19234215	23857279	0
chr3	23857279	23904874	0
chr3	23904874	24624899	0
chr3	24624899	24945501	0
chr3	24945501	24982753	0
chr3	24982753	25121418	0
chr3	25121418	27467906	0
chr3	27467906	31958533	0
chr3	31958533	32672483	0
chr3	32672483	37949994	0
chr3	37949994	39197746	4
chr3	39197746	50625904	5
chr3	50625904	55557879	4
chr3	55557879	59019091	0
chr3	59019091	60258108	1
chr3	60258108	60426234	35
chr3	60426234	60512802	21
chr3	60512802	60690540	35
chr3	60690540	63356016	1
chr3	63356016	64372507	0
chr3	64372507	64418082	0
chr3	64418082	64640468	0
chr3	64640468	65625084	0
chr3	65625084	67492844	0
chr3	67492844	72444868	3
chr3	72444868	73198696	0
chr3	73198696	74943778	0
chr3	74943778	84871422	0
chr3	84871422	85616390	0
chr3	85616390	90145243	0
chr3	90145243	91000000	0
chr3	91000000	93605126	0
chr3	93605126	94984795	0
chr3	94984795	101847172	0
chr3	101847172	102029359	0
chr3	102029359	106778255	0
chr3	106778255	107283509	0
chr3	107283509	107352799	0
chr3	107352799	107969313	0
chr3	107969313	110209578	0
chr3	110209578	110374486	0
chr3	110374486	111433654	0
chr3	111433654	113071094	0
chr3	113071094	114231668	0
chr3	114231668	115874587	0
chr3	115874587	116488267	0
chr3	116488267	117430401	0
chr3	117430401	117635989	0
chr3	117635989	124290949	0
chr3	124290949	125539111	0
chr3	125539111	128446302	0
chr3	128446302	129791189	0
chr3	129791189	129905844	0
chr3	129905844	130898829	0
chr3	130898829	138815490	0
chr3	138815490	141463126	0
chr3	141463126	142093058	0
chr3	142093058	142107945	0
chr3	142107945	142604190	0
chr3	142604190	143104966	0
chr3	143104966	144294872	0
chr3	144294872	144484510	0
chr3	144484510	145296225	0
chr3	145296225	145458383	0
chr3	145458383	148519173	0
chr3	148519173	148893024	0
chr3	148893024	162489666	0
chr3	162489666	162510463	0
chr3	162510463	162626284	0
chr3	162626284	165142043	0
chr3	165142043	167279464	0
chr3	167279464	167595919	0
chr3	167595919	167906411	0
chr3	167906411	168686609	0
chr3	168686609	168786800	0
chr3	168786800	169410466	0
chr3	169410466	169717695	0
chr3	169717695	169802543	0
chr3	169802543	169890262	0
chr3	169890262	169922744	0
chr3	169922744	170064054	0
chr3	170064054	172282254	0
chr3	172282254	172359651	0
chr3	172359651	172370631	0
chr3	172370631	174666554	0
chr3	174666554	174857107	0
chr3	174857107	176367546	0
chr3	176367546	176562841	0
chr3	176562841	176611711	0
chr3	176611711	176828696	0
chr3	176828696	176898343	0
chr3	176898343	179718398	0
chr3	179718398	186557329	0
chr3	186557329	186699461	0
chr3	186699461	189526877	0
chr3	189526877	197869551	0
chr3	197869551	198022430	0
chr4	0	66349	46
chr4	66349	67770	29
chr4	67770	646395	20
chr4	646395	2838021	0
chr4	2838021	3011672	0
chr4	3011672	3260110	0
chr4	3260110	3438991	0
chr4	3438991	3899298	0
chr4	3899298	4391897	0
chr4	4391897	4786805	0
chr4	4786805	5631650	0
chr4	5631650	6471562	0
chr4	6471562	6525584	0
chr4	6525584	6528995	0
chr4	6528995	7067862	11
chr4	7067862	7938932	0
chr4	7938932	8107136	11
chr4	8107136	9854530	17
chr4	9854530	10210348	0
chr4	10210348	10230805	0
chr4	10230805	10234240	0
chr4	10234240	10988130	3
chr4	10988130	11896171	0
chr4	11896171	13063824	6
chr4	13063824	13392807	27
chr4	13392807	15593830	10
chr4	15593830	17367644	27
chr4	17367644	18928588	10
chr4	18928588	21172481	27
chr4	21172481	23348800	10
chr4	23348800	23634253	27
chr4	23634253	24558560	10
chr4	24558560	25730823	27
chr4	25730823	26084384	10
chr4	26084384	26418681	27
chr4	26418681	26587201	10
chr4	26587201	26888359	27
chr4	26888359	30144469	10
chr4	30144469	31459202	27
chr4	31459202	32201299	10
chr4	32201299	32539486	27
chr4	32539486	34795786	10
chr4	34795786	37509966	27
chr4	37509966	38374427	10
chr4	38374427	40767635	27
chr4	40767635	40965866	10
chr4	40965866	43159849	27
chr4	43159849	43297564	24
chr4	43297564	44664591	8
chr4	44664591	45142381	7
chr4	45142381	45304903	23
chr4	45304903	47002152	7
chr4	47002152	47318212	0
chr4	47318212	48006692	7
chr4	48006692	48260999	23
chr4	48260999	49309867	7
chr4	49309867	50400000	9
chr4	50400000	52696792	0
chr4	52696792	52930519	26
chr4	52930519	53060344	36
chr4	53060344	53286908	20
chr4	53286908	53778176	3
chr4	53778176	56616606	36
chr4	56616606	56776197	20
chr4	56776197	65598369	36
chr4	65598369	65703649	38
chr4	65703649	66615266	24
chr4	66615266	68784010	38
chr4	68784010	69330439	18
chr4	69330439	69536970	0
chr4	69536970	70125577	18
chr4	70125577	70237630	4
chr4	70237630	72548908	18
chr4	72548908	73126933	24
chr4	73126933	73502195	38
chr4	73502195	73933932	10
chr4	73933932	75507605	38
chr4	75507605	75523908	24
chr4	75523908	75845604	29
chr4	75845604	76997451	42
chr4	76997451	78957509	79
chr4	78957509	85189734	46
chr4	85189734	86292373	32
chr4	86292373	88122950	46
chr4	88122950	93800915	51
chr4	93800915	97574665	37
chr4	97574665	108707790	51
chr4	108707790	110492518	37
chr4	110492518	112513634	51
chr4	112513634	114166798	45
chr4	114166798	115173678	79
chr4	115173678	115184351	46
chr4	115184351	130862520	79
chr4	130862520	131211986	66
chr4	131211986	147080203	79
chr4	147080203	148835646	42
chr4	148835646	155708009	42
chr4	155708009	158192616	29
chr4	158192616	160976070	33
chr4	160976070	161287633	47
chr4	161287633	163255327	33
chr4	163255327	164332346	20
chr4	164332346	165334024	33
chr4	165334024	166381405	42
chr4	166381405	169368025	56
chr4	169368025	169785732	22
chr4	169785732	169846698	8
chr4	169846698	172372115	22
chr4	172372115	181976094	23
chr4	181976094	182273098	23
chr4	182273098	184921150	23
chr4	184921150	185196919	10
chr4	185196919	189441093	23
chr4	189441093	191154276	23
chr5	0	7990909	0
chr5	7990909	8509939	0
chr5	8509939	11720760	0
chr5	11720760	11793201	0
chr5	11793201	20426898	0
chr5	20426898	24740567	0
chr5	24740567	26476816	0
chr5	26476816	28237526	0
chr5	28237526	34118627	0
chr5	34118627	34243765	0
chr5	34243765	36006041	0
chr5	36006041	38537407	0
chr5	38537407	46144332	0
chr5	46144332	48400000	0
chr5	48400000	49520000	9
chr5	49520000	49762785	0
chr5	49762785	52010966	9
chr5	52010966	53991662	0
chr5	53991662	55948901	9
chr5	55948901	57323830	11
chr5	57323830	57335951	10
chr5	57335951	59415102	14
chr5	59415102	60319716	1
chr5	60319716	62235622	16
chr5	62235622	68312814	20
chr5	68312814	79135669	18
chr5	79135669	79652741	4
chr5	79652741	79704402	32
chr5	79704402	80854225	4
chr5	80854225	82722476	18
chr5	82722476	83930963	48
chr5	83930963	87305207	34
chr5	87305207	88804733	48
chr5	88804733	88875622	34
chr5	88875622	95690454	48
chr5	95690454	96694607	40
chr5	96694607	96789650	26
chr5	96789650	97032840	42
chr5	97032840	97096533	25
chr5	97096533	109772193	42
chr5	109772193	109885720	26
chr5	109885720	113954052	40
chr5	113954052	118513069	26
chr5	118513069	119340119	40
chr5	119340119	124175650	7
chr5	124175650	126630361	1
chr5	126630361	132118950	0
chr5	132118950	132348938	0
chr5	132348938	135205841	0
chr5	135205841	137148669	0
chr5	137148669	137762318	0
chr5	137762318	148405470	4
chr5	148405470	148750956	5
chr5	148750956	151361206	0
chr5	151361206	152570152	5
chr5	152570152	153019188	0
chr5	153019188	160629771	8
chr5	160629771	163150298	43
chr5	163150298	166886578	43
chr5	166886578	167153968	29
chr5	167153968	175570927	43
chr5	175570927	175603987	29
chr5	175603987	178887104	43
chr5	178887104	179795812	43
chr5	179795812	180170835	26
chr5	180170835	180915260	40
chr6	0	4645769	0
chr6	4645769	8479866	0
chr6	8479866	10173396	0
chr6	10173396	11612725	0
chr6	11612725	14397628	0
chr6	14397628	16064610	0
chr6	16064610	18371113	0
chr6	18371113	19745322	0
chr6	19745322	19962242	0
chr6	19962242	20036833	0
chr6	20036833	21118684	0
chr6	21118684	21546123	0
chr6	21546123	21724278	0
chr6	21724278	22351733	0
chr6	22351733	23118471	0
chr6	23118471	26553866	0
chr6	26553866	26977644	0
chr6	26977644	27735553	0
chr6	27735553	28269272	0
chr6	28269272	29334883	0
chr6	29334883	30850901	0
chr6	30850901	32307442	0
chr6	32307442	32354349	0
chr6	32354349	32454399	0
chr6	32454399	33876701	0
chr6	33876701	33997975	0
chr6	33997975	35617335	0
chr6	35617335	36429456	18
chr6	36429456	42486674	0
chr6	42486674	42730702	0
chr6	42730702	43316687	0
chr6	43316687	43553672	0
chr6	43553672	46052289	0
chr6	46052289	47212976	0
chr6	47212976	49525433	0
chr6	49525433	50187699	0
chr6	50187699	50458278	0
chr6	50458278	58348953	8
chr6	58348953	61000000	0
chr6	61000000	62357676	0
chr6	62357676	63166549	8
chr6	63166549	63445291	0
chr6	63445291	65332836	0
chr6	65332836	67227403	0
chr6	67227403	68164229	0
chr6	68164229	69705300	0
chr6	69705300	71488947	0
chr6	71488947	71967577	0
chr6	71967577	73485665	0
chr6	73485665	73617869	0
chr6	73617869	74591205	0
chr6	74591205	74633180	0
chr6	74633180	75224569	0
chr6	75224569	75818735	0
chr6	75818735	77072382	0
chr6	77072382	77577714	0
chr6	77577714	80317844	0
chr6	80317844	80973631	0
chr6	80973631	81508893	0
chr6	81508893	81781380	0
chr6	81781380	85707833	13
chr6	85707833	95497904	52
chr6	95497904	95604281	35
chr6	95604281	103729353	52
chr6	103729353	103782461	29
chr6	103782461	109003283	52
chr6	109003283	109169648	38
chr6	109169648	109585052	52
chr6	109585052	109686862	38
chr6	109686862	113399180	52
chr6	113399180	121580244	57
chr6	121580244	126001208	52
chr6	126001208	127402433	38
chr6	127402433	128441567	52
chr6	128441567	128619035	38
chr6	128619035	131241083	52
chr6	131241083	131441752	38
chr6	131441752	139724607	52
chr6	139724607	140359691	38
chr6	140359691	141626466	52
chr6	141626466	147549869	53
chr6	147549869	147807488	55
chr6	147807488	148096180	41
chr6	148096180	151366520	55
chr6	151366520	154326157	39
chr6	154326157	154580059	35
chr6	154580059	156550849	47
chr6	156550849	157776284	61
chr6	157776284	159823863	47
chr6	159823863	161717140	66
chr6	161717140	171115067	80
chr7	0	782933	64
chr7	782933	2628653	56
chr7	2628653	3574043	64
chr7	3574043	4255450	60
chr7	4255450	4981219	46
chr7	4981219	9289566	60
chr7	9289566	9375586	46
chr7	9375586	13853681	60
chr7	13853681	14436573	41
chr7	14436573	14573582	41
chr7	14573582	16434256	41
chr7	16434256	16544544	41
chr7	16544544	16846997	41
chr7	16846997	17085629	41
chr7	17085629	20956682	41
chr7	20956682	21323243	59
chr7	21323243	23354827	45
chr7	23354827	26079580	59
chr7	26079580	26269336	45
chr7	26269336	28507855	59
chr7	28507855	33423717	50
chr7	33423717	37417401	49
chr7	37417401	37610429	36
chr7	37610429	40367889	49
chr7	40367889	40424438	36
chr7	40424438	40983465	49
chr7	40983465	41229591	16
chr7	41229591	41273357	16
chr7	41273357	46818560	17
chr7	46818560	46883406	3
chr7	46883406	46899111	0
chr7	46899111	50600394	11
chr7	50600394	50674180	28
chr7	50674180	50814111	11
chr7	50814111	50903011	28
chr7	50903011	53996354	11
chr7	53996354	55128620	0
chr7	55128620	56716305	0
chr7	56716305	57950944	2
chr7	57950944	59900000	18
chr7	59900000	61628365	0
chr7	61628365	61834254	32
chr7	61834254	62252314	22
chr7	62252314	62410854	22
chr7	62410854	64112442	31
chr7	64112442	64243196	31
chr7	64243196	65356718	31
chr7	65356718	67091782	28
chr7	67091782	70133492	28
chr7	70133492	70873345	14
chr7	70873345	72729344	28
chr7	72729344	73940195	19
chr7	73940195	73971915	5
chr7	73971915	75431800	5
chr7	75431800	76272467	19
chr7	76272467	76308201	27
chr7	76308201	79726672	28
chr7	79726672	80792506	0
chr7	80792506	82358873	0
chr7	82358873	89189417	0
chr7	89189417	90643322	0
chr7	90643322	90945150	0
chr7	90945150	91856614	0
chr7	91856614	92411130	11
chr7	92411130	93573473	0
chr7	93573473	95321419	0
chr7	95321419	97193889	0
chr7	97193889	97311008	0
chr7	97311008	101961217	0
chr7	101961217	104820012	0
chr7	104820012	108687233	0
chr7	108687233	108957230	0
chr7	108957230	109441885	0
chr7	109441885	109453946	22
chr7	109453946	110325736	0
chr7	110325736	111843015	0
chr7	111843015	113527056	0
chr7	113527056	115765385	0
chr7	115765385	118536667	0
chr7	118536667	118690659	0
chr7	118690659	126085828	0
chr7	126085828	126482873	0
chr7	126482873	127146570	0
chr7	127146570	129473350	0
chr7	129473350	131610597	0
chr7	131610597	131792359	0
chr7	131792359	132537446	0
chr7	132537446	133202828	0
chr7	133202828	133221287	0
chr7	133221287	133400682	0
chr7	133400682	133778651	0
chr7	133778651	133785186	0
chr7	133785186	133798551	0
chr7	133798551	133856990	0
chr7	133856990	134479687	0
chr7	134479687	134611253	0
chr7	134611253	134987449	0
chr7	134987449	135193430	0
chr7	135193430	135892962	0
chr7	135892962	136944542	0
chr7	136944542	140658301	0
chr7	140658301	142454991	0
chr7	142454991	142489788	0
chr7	142489788	143527647	0
chr7	143527647	143782292	2
chr7	143782292	145694469	0
chr7	145694469	153540429	7
chr7	153540429	157978721	3
chr7	157978721	158528590	0
chr7	158528590	159138663	3
chr8	0	365887	61
chr8	365887	674244	48
chr8	674244	4669718	61
chr8	4669718	4707520	48
chr8	4707520	12268731	62
chr8	12268731	12529361	59
chr8	12529361	13869020	65
chr8	13869020	15159509	51
chr8	15159509	17320479	65
chr8	17320479	17539802	51
chr8	17539802	24070100	65
chr8	24070100	24511042	46
chr8	24511042	24973309	46
chr8	24973309	24974499	37
chr8	24974499	24991187	28
chr8	24991187	26351571	50
chr8	26351571	35906972	64
chr8	35906972	36628359	55
chr8	36628359	39260742	48
chr8	39260742	39530043	32
chr8	39530043	39764842	18
chr8	39764842	40146309	32
chr8	40146309	41107855	0
chr8	41107855	43255729	32
chr8	43255729	43430222	39
chr8	43430222	45600000	22
chr8	45600000	46936840	0
chr8	46936840	48467103	0
chr8	48467103	49118330	0
chr8	49118330	55033847	0
chr8	55033847	55141441	0
chr8	55141441	55921165	0
chr8	55921165	57018463	0
chr8	57018463	60740213	0
chr8	60740213	66535258	0
chr8	66535258	74409333	0
chr8	74409333	82368699	0
chr8	82368699	82956912	0
chr8	82956912	83165772	0
chr8	83165772	86535536	0
chr8	86535536	91818687	0
chr8	91818687	102450229	0
chr8	102450229	106044900	0
chr8	106044900	106437475	0
chr8	106437475	108532309	0
chr8	108532309	110354107	0
chr8	110354107	113411564	0
chr8	113411564	116091156	0
chr8	116091156	118265534	0
chr8	118265534	119907280	0
chr8	119907280	121520177	0
chr8	121520177	124789059	0
chr8	124789059	129741323	0
chr8	129741323	129979761	0
chr8	129979761	132360977	0
chr8	132360977	134040410	0
chr8	134040410	134196478	0
chr8	134196478	135771789	0
chr8	135771789	139737409	0
chr8	139737409	141988433	0
chr8	141988433	142918573	0
chr8	142918573	143199742	0
chr8	143199742	144713392	0
chr8	144713392	146364022	0
chr9	0	2985650	29
chr9	2985650	5024466	9
chr9	5024466	5047324	48
chr9	5047324	5494471	10
chr9	5494471	10777276	29
chr9	10777276	10840412	11
chr9	10840412	10953865	25
chr9	10953865	11226316	11
chr9	11226316	13543024	30
chr9	13543024	19593844	11
chr9	19593844	21249769	25
chr9	21249769	21601975	11
chr9	21601975	22343186	30
chr9	22343186	23308958	13
chr9	23308958	25028262	27
chr9	25028262	25390798	13
chr9	25390798	29600133	30
chr9	29600133	29764706	14
chr9	29764706	30211950	28
chr9	30211950	30930219	11
chr9	30930219	31511241	28
chr9	31511241	32099984	21
chr9	32099984	32132407	7
chr9	32132407	32819870	21
chr9	32819870	36257841	13
chr9	36257841	38418827	18
chr9	38418827	38505765	4
chr9	38505765	38746928	18
chr9	38746928	38919096	22
chr9	38919096	43654560	5
chr9	43654560	44203261	22
chr9	44203261	44493001	5
chr9	44493001	45977049	22
chr9	45977049	46038858	36
chr9	46038858	46906975	36
chr9	46906975	49000000	22
chr9	49000000	65630934	4
chr9	65630934	66630502	21
chr9	66630502	70553336	4
chr9	70553336	70942213	21
chr9	70942213	75865258	64
chr9	75865258	76055619	50
chr9	76055619	77243366	64
chr9	77243366	79085325	63
chr9	79085325	79606965	49
chr9	79606965	87971241	63
chr9	87971241	94269517	26
chr9	94269517	94306003	12
chr9	94306003	94864244	26
chr9	94864244	95275170	12
chr9	95275170	97718528	26
chr9	97718528	98112888	0
chr9	98112888	98208106	0
chr9	98208106	98228198	0
chr9	98228198	105435819	0
chr9	105435819	109875860	0
chr9	109875860	110013600	0
chr9	110013600	114948221	0
chr9	114948221	114954561	0
chr9	114954561	119713176	0
chr9	119713176	122120376	0
chr9	122120376	122918719	0
chr9	122918719	127510846	11
chr9	127510846	129232942	11
chr9	129232942	129657192	19
chr9	129657192	131015459	20
chr9	131015459	131162525	6
chr9	131162525	131277112	3
chr9	131277112	131450975	0
chr9	131450975	132335018	3
chr9	132335018	132569413	6
chr9	132569413	139969257	20
chr9	139969257	141213431	15
chr10	0	4947857	0
chr10	4947857	10775215	0
chr10	10775215	11217677	0
chr10	11217677	16135416	0
chr10	16135416	17558926	0
chr10	17558926	18158750	0
chr10	18158750	21900485	0
chr10	21900485	22122653	0
chr10	22122653	23477932	0
chr10	23477932	25071193	0
chr10	25071193	25697716	0
chr10	25697716	26131492	0
chr10	26131492	26314925	0
chr10	26314925	26601693	0
chr10	26601693	27046363	0
chr10	27046363	32267661	2
chr10	32267661	35208679	0
chr10	35208679	35277103	0
chr10	35277103	36133927	0
chr10	36133927	38834411	6
chr10	38834411	39000378	0
chr10	39000378	40200000	6
chr10	40200000	42631233	0
chr10	42631233	42858908	9
chr10	42858908	44838234	0
chr10	44838234	50616915	12
chr10	50616915	51073998	0
chr10	51073998	51780328	11
chr10	51780328	52629236	0
chr10	52629236	53522869	11
chr10	53522869	54787650	10
chr10	54787650	55606940	10
chr10	55606940	58294383	10
chr10	58294383	58439355	0
chr10	58439355	64827747	10
chr10	64827747	67346421	0
chr10	67346421	68859782	10
chr10	68859782	69308005	0
chr10	69308005	69330237	0
chr10	69330237	71716646	6
chr10	71716646	72489644	10
chr10	72489644	72595385	0
chr10	72595385	73424737	12
chr10	73424737	73902503	5
chr10	73902503	75543520	3
chr10	75543520	77159203	5
chr10	77159203	77516329	18
chr10	77516329	78847565	5
chr10	78847565	79804416	0
chr10	79804416	81428922	6
chr10	81428922	82715757	6
chr10	82715757	82830098	0
chr10	82830098	82839268	6
chr10	82839268	83535452	43
chr10	83535452	83666804	29
chr10	83666804	89704633	43
chr10	89704633	89724879	44
chr10	89724879	90871563	44
chr10	90871563	96132136	42
chr10	96132136	103480315	47
chr10	103480315	103913920	48
chr10	103913920	104629357	28
chr10	104629357	105170671	28
chr10	105170671	105932397	28
chr10	105932397	106279421	50
chr10	106279421	106813802	69
chr10	106813802	116461076	69
chr10	116461076	122335468	67
chr10	122335468	127855140	25
chr10	127855140	131383036	39
chr10	131383036	134791496	25
chr10	134791496	135534747	39
chr11	0	825486	67
chr11	825486	3088532	53
chr11	3088532	4967523	36
chr11	4967523	4980649	32
chr11	4980649	5776609	34
chr11	5776609	5816215	18
chr11	5816215	6817036	34
chr11	6817036	10504130	54
chr11	10504130	10622035	20
chr11	10622035	11047791	0
chr11	11047791	12494819	15
chr11	12494819	12669859	13
chr11	12669859	13392236	10
chr11	13392236	14293061	0
chr11	14293061	17002372	10
chr11	17002372	18939625	13
chr11	18939625	18970962	1
chr11	18970962	19738771	5
chr11	19738771	21664971	0
chr11	21664971	22292216	1
chr11	22292216	23066013	0
chr11	23066013	25474843	0
chr11	25474843	26217412	1
chr11	26217412	26724495	0
chr11	26724495	27985280	0
chr11	27985280	29885332	0
chr11	29885332	30374835	0
chr11	30374835	30735242	0
chr11	30735242	32566032	0
chr11	32566032	37511495	0
chr11	37511495	38916142	2
chr11	38916142	39072759	0
chr11	39072759	44103014	2
chr11	44103014	45445520	0
chr11	45445520	48117024	0
chr11	48117024	48744745	0
chr11	48744745	53700000	2
chr11	53700000	54794667	3
chr11	54794667	55452944	0
chr11	55452944	55838118	0
chr11	55838118	57311306	4
chr11	57311306	57438937	0
chr11	57438937	59007871	4
chr11	59007871	61930624	1
chr11	61930624	63338641	0
chr11	63338641	63936446	0
chr11	63936446	65221351	0
chr11	65221351	67549749	0
chr11	67549749	67770606	0
chr11	67770606	68682197	0
chr11	68682197	69150911	0
chr11	69150911	69940093	0
chr11	69940093	70542895	0
chr11	70542895	71339209	0
chr11	71339209	71472668	0
chr11	71472668	72750331	0
chr11	72750331	73757590	0
chr11	73757590	77383137	0
chr11	77383137	78040655	0
chr11	78040655	78957116	0
chr11	78957116	80726398	0
chr11	80726398	81671793	0
chr11	81671793	93442151	0
chr11	93442151	96977142	0
chr11	96977142	99270667	0
chr11	99270667	100853508	0
chr11	100853508	101593627	0
chr11	101593627	102248060	0
chr11	102248060	107645608	0
chr11	107645608	107820300	0
chr11	107820300	121615592	0
chr11	121615592	124832613	0
chr11	124832613	134298991	0
chr11	134298991	135006516	0
chr12	0	185876	0
chr12	185876	265322	0
chr12	265322	414888	0
chr12	414888	875800	0
chr12	875800	1542127	0
chr12	1542127	2211552	0
chr12	2211552	2276891	0
chr12	2276891	4368743	0
chr12	4368743	4397717	0
chr12	4397717	5336413	0
chr12	5336413	7066150	0
chr12	7066150	8369457	0
chr12	8369457	8595219	0
chr12	8595219	10926574	0
chr12	10926574	12284985	0
chr12	12284985	12475253	0
chr12	12475253	12548137	0
chr12	12548137	13105449	0
chr12	13105449	13554988	0
chr12	13554988	13574632	0
chr12	13574632	15601437	0
chr12	15601437	17704810	0
chr12	17704810	21614447	0
chr12	21614447	21750832	0
chr12	21750832	22290210	0
chr12	22290210	22985840	0
chr12	22985840	23124411	0
chr12	23124411	29565547	0
chr12	29565547	30732515	0
chr12	30732515	31656852	0
chr12	31656852	34756673	0
chr12	34756673	35800000	0
chr12	35800000	37959632	0
chr12	37959632	40009651	0
chr12	40009651	41118479	0
chr12	41118479	41945971	0
chr12	41945971	42378726	0
chr12	42378726	42587672	0
chr12	42587672	43520437	0
chr12	43520437	45167725	0
chr12	45167725	46039963	0
chr12	46039963	51155015	0
chr12	51155015	55482081	0
chr12	55482081	55656723	0
chr12	55656723	57840896	0
chr12	57840896	58046842	0
chr12	58046842	59638998	0
chr12	59638998	66107193	0
chr12	66107193	69163574	0
chr12	69163574	75820682	0
chr12	75820682	80178064	0
chr12	80178064	85569897	0
chr12	85569897	86594888	0
chr12	86594888	90640659	0
chr12	90640659	90901858	0
chr12	90901858	97995501	0
chr12	97995501	101827559	0
chr12	101827559	102749566	0
chr12	102749566	107255907	0
chr12	107255907	107417270	0
chr12	107417270	108486338	0
chr12	108486338	112857872	0
chr12	112857872	112894536	0
chr12	112894536	112926773	0
chr12	112926773	113186018	0
chr12	113186018	113470871	0
chr12	113470871	118471189	0
chr12	118471189	118585817	0
chr12	118585817	119390107	0
chr12	119390107	119671794	0
chr12	119671794	121797391	0
chr12	121797391	124913600	15
chr12	124913600	125140477	1
chr12	125140477	126282107	15
chr12	126282107	129960046	1
chr12	129960046	133851895	15
chr13	0	17900000	0
chr13	17900000	19123483	36
chr13	19123483	19368903	50
chr13	19368903	19409272	67
chr13	19409272	19954331	53
chr13	19954331	20067575	39
chr13	20067575	21244208	53
chr13	21244208	22050848	88
chr13	22050848	25474300	84
chr13	25474300	26773507	87
chr13	26773507	26835429	73
chr13	26835429	29256428	87
chr13	29256428	31211943	90
chr13	31211943	38070201	89
chr13	38070201	48956202	90
chr13	48956202	49048441	75
chr13	49048441	57569687	89
chr13	57569687	57713301	75
chr13	57713301	59814508	89
chr13	59814508	64030209	89
chr13	64030209	64181326	68
chr13	64181326	66373819	82
chr13	66373819	67904046	68
chr13	67904046	68509523	82
chr13	68509523	68674087	49
chr13	68674087	71585437	82
chr13	71585437	71768962	65
chr13	71768962	72035814	82
chr13	72035814	72309434	65
chr13	72309434	73337470	82
chr13	73337470	74399875	68
chr13	74399875	75610946	68
chr13	75610946	77984331	82
chr13	77984331	79073995	68
chr13	79073995	80716307	82
chr13	80716307	82347044	64
chr13	82347044	82607302	61
chr13	82607302	84650736	47
chr13	84650736	86503160	66
chr13	86503160	87310172	50
chr13	87310172	87314529	66
chr13	87314529	87852052	47
chr13	87852052	92501549	66
chr13	92501549	92596428	50
chr13	92596428	93248858	66
chr13	93248858	93305384	52
chr13	93305384	94094361	66
chr13	94094361	97880384	65
chr13	97880384	98140019	51
chr13	98140019	100166318	65
chr13	100166318	101087717	65
chr13	101087717	101151977	79
chr13	101151977	101297888	65
chr13	101297888	101511110	52
chr13	101511110	102952887	65
chr13	102952887	103103515	52
chr13	103103515	103486597	65
chr13	103486597	103748967	52
chr13	103748967	103975621	65
chr13	103975621	104040218	52
chr13	104040218	108058295	65
chr13	108058295	108331334	63
chr13	108331334	108370966	49
chr13	108370966	108641774	63
chr13	108641774	108668868	49
chr13	108668868	114057013	63
chr13	114057013	114100878	49
chr13	114100878	114852542	63
chr13	114852542	114956355	49
chr13	114956355	115024734	63
chr13	115024734	115169878	83
chr14	0	17600000	0
chr14	17600000	19108176	6
chr14	19108176	19392293	3
chr14	19392293	23432148	3
chr14	23432148	25947675	36
chr14	25947675	26113867	3
chr14	26113867	28592070	3
chr14	28592070	28666706	0
chr14	28666706	29110113	3
chr14	29110113	29274679	0
chr14	29274679	29278028	11
chr14	29278028	33254324	44
chr14	33254324	39487296	46
chr14	39487296	48509208	49
chr14	48509208	50252240	42
chr14	50252240	50562820	37
chr14	50562820	50940355	48
chr14	50940355	51054756	48
chr14	51054756	51096444	48
chr14	51096444	51167051	48
chr14	51167051	52297572	48
chr14	52297572	54131994	48
chr14	54131994	61810605	84
chr14	61810605	62577715	84
chr14	62577715	62717109	70
chr14	62717109	66231138	84
chr14	66231138	67519396	83
chr14	67519396	67648169	47
chr14	67648169	69110216	75
chr14	69110216	70173789	77
chr14	70173789	72787496	63
chr14	72787496	72812733	82
chr14	72812733	73444536	79
chr14	73444536	73686768	82
chr14	73686768	73693061	80
chr14	73693061	74155142	74
chr14	74155142	77084576	80
chr14	77084576	78425636	79
chr14	78425636	80411985	78
chr14	80411985	83411352	79
chr14	83411352	87563300	74
chr14	87563300	90442536	54
chr14	90442536	91692632	68
chr14	91692632	98168266	68
chr14	98168266	98274808	74
chr14	98274808	98305492	74
chr14	98305492	102933694	70
chr14	102933694	103257922	67
chr14	103257922	107349540	67
chr15	0	19000000	0
chr15	19000000	20101641	3
chr15	20101641	20567257	0
chr15	20567257	22753941	0
chr15	22753941	24426137	0
chr15	24426137	29510247	0
chr15	29510247	30917106	0
chr15	30917106	33518470	0
chr15	33518470	33791855	0
chr15	33791855	35367799	0
chr15	35367799	38830374	0
chr15	38830374	39302264	0
chr15	39302264	48086421	0
chr15	48086421	48442940	0
chr15	48442940	51820737	0
chr15	51820737	52575583	0
chr15	52575583	55373796	0
chr15	55373796	60132824	0
chr15	60132824	61912634	0
chr15	61912634	63363695	0
chr15	63363695	65331603	0
chr15	65331603	66552517	0
chr15	66552517	67124912	0
chr15	67124912	74313377	0
chr15	74313377	76892015	0
chr15	76892015	77402681	0
chr15	77402681	83272598	0
chr15	83272598	85926836	0
chr15	85926836	95049686	0
chr15	95049686	102531392	0
chr16	0	99112	59
chr16	99112	241092	45
chr16	241092	523295	32
chr16	523295	651562	45
chr16	651562	651656	32
chr16	651656	1338722	30
chr16	1338722	1707922	49
chr16	1707922	2792963	32
chr16	2792963	3102227	36
chr16	3102227	3148837	41
chr16	3148837	3523583	38
chr16	3523583	4546279	55
chr16	4546279	5928015	41
chr16	5928015	8205010	60
chr16	8205010	8442565	60
chr16	8442565	8575158	42
chr16	8575158	12729834	7
chr16	12729834	20004398	21
chr16	20004398	20873198	7
chr16	20873198	23532703	3
chr16	23532703	25316135	17
chr16	25316135	27379146	22
chr16	27379146	29599364	53
chr16	29599364	29698939	18
chr16	29698939	30628695	0
chr16	30628695	31938260	16
chr16	31938260	33674456	0
chr16	33674456	34197476	18
chr16	34197476	34565979	32
chr16	34565979	34620350	18
chr16	34620350	34835447	32
chr16	34835447	35183806	31
chr16	35183806	35205717	14
chr16	35205717	36600000	0
chr16	36600000	46491374	3
chr16	46491374	46706944	33
chr16	46706944	49084045	6
chr16	49084045	53860933	21
chr16	53860933	56102822	49
chr16	56102822	59331594	54
chr16	59331594	60250142	53
chr16	60250142	70848239	59
chr16	70848239	70854785	57
chr16	70854785	71170120	40
chr16	71170120	88490963	57
chr16	88490963	89480820	37
chr16	89480820	90354753	57
chr17	0	623681	68
chr17	623681	1842412	54
chr17	1842412	7111701	68
chr17	7111701	11236274	50
chr17	11236274	11432380	71
chr17	11432380	11554401	57
chr17	11554401	21953994	71
chr17	21953994	21968431	54
chr17	21968431	22062395	58
chr17	22062395	22235650	18
chr17	22235650	24000000	4
chr17	24000000	25346692	1
chr17	25346692	25363386	65
chr17	25363386	25749729	79
chr17	25749729	28149734	46
chr17	28149734	35550338	78
chr17	35550338	36733028	70
chr17	36733028	38268626	52
chr17	38268626	38505909	54
chr17	38505909	39422361	74
chr17	39422361	40877056	70
chr17	40877056	44363267	0
chr17	44363267	44758647	51
chr17	44758647	45191971	18
chr17	45191971	46631354	0
chr17	46631354	53575542	0
chr17	53575542	54112253	0
chr17	54112253	56628492	0
chr17	56628492	60274821	0
chr17	60274821	63444401	0
chr17	63444401	63519517	0
chr17	63519517	74028803	0
chr17	74028803	74302165	0
chr17	74302165	75371088	0
chr17	75371088	78811150	0
chr17	78811150	80045044	0
chr17	80045044	80477687	0
chr17	80477687	80716397	0
chr17	80716397	81195210	0
chr18	0	497735	12
chr18	497735	7268525	15
chr18	7268525	10032112	10
chr18	10032112	10115432	26
chr18	10115432	14516434	10
chr18	14516434	15307817	0
chr18	15307817	17200000	0
chr18	17200000	18609580	1
chr18	18609580	18611243	15
chr18	18611243	18799520	0
chr18	18799520	19234895	0
chr18	19234895	20512086	2
chr18	20512086	24387628	0
chr18	24387628	26982955	1
chr18	26982955	27142937	6
chr18	27142937	27378389	0
chr18	27378389	29297211	6
chr18	29297211	31149381	0
chr18	31149381	31268490	0
chr18	31268490	38218378	9
chr18	38218378	38258076	6
chr18	38258076	38918769	0
chr18	38918769	43515280	0
chr18	43515280	43821092	3
chr18	43821092	45341275	3
chr18	45341275	46568602	20
chr18	46568602	47087074	26
chr18	47087074	52004601	30
chr18	52004601	52861671	16
chr18	52861671	55698521	30
chr18	55698521	55967166	16
chr18	55967166	59151143	30
chr18	59151143	59891346	16
chr18	59891346	60119358	17
chr18	60119358	60195681	17
chr18	60195681	60289808	17
chr18	60289808	60604728	17
chr18	60604728	60717881	17
chr18	60717881	60805028	17
chr18	60805028	60853773	17
chr18	60853773	60899132	17
chr18	60899132	61055767	17
chr18	61055767	61460487	17
chr18	61460487	62352511	17
chr18	62352511	63782303	31
chr18	63782303	63874533	17
chr18	63874533	64813936	31
chr18	64813936	65034178	17
chr18	65034178	70047045	31
chr18	70047045	71471555	64
chr18	71471555	71511231	44
chr18	71511231	75070962	66
chr18	75070962	75271028	52
chr18	75271028	78077248	66
chr19	0	707987	81
chr19	707987	4010306	79
chr19	4010306	7060022	57
chr19	7060022	7295879	27
chr19	7295879	9674523	22
chr19	9674523	10753749	0
chr19	10753749	12970934	0
chr19	12970934	14306166	0
chr19	14306166	14715823	0
chr19	14715823	15391754	0
chr19	15391754	17671081	0
chr19	17671081	17939118	0
chr19	17939118	17968162	0
chr19	17968162	18311633	3
chr19	18311633	20134126	0
chr19	20134126	20318099	0
chr19	20318099	20805926	0
chr19	20805926	20892702	6
chr19	20892702	21038378	0
chr19	21038378	22315792	0
chr19	22315792	23225561	0
chr19	23225561	23812456	0
chr19	23812456	23922620	0
chr19	23922620	24340714	0
chr19	24340714	24521623	0
chr19	24521623	26500000	0
chr19	26500000	28156224	0
chr19	28156224	29202629	13
chr19	29202629	31528364	0
chr19	31528364	31889275	0
chr19	31889275	32027163	0
chr19	32027163	32106085	0
chr19	32106085	34038169	0
chr19	34038169	34111989	0
chr19	34111989	34720350	0
chr19	34720350	36853389	0
chr19	36853389	39511176	0
chr19	39511176	39755196	0
chr19	39755196	40169310	0
chr19	40169310	40357535	0
chr19	40357535	40605358	0
chr19	40605358	41654905	24
chr19	41654905	43784815	10
chr19	43784815	45097141	0
chr19	45097141	46068095	10
chr19	46068095	47470941	44
chr19	47470941	50376326	58
chr19	50376326	51886424	44
chr19	51886424	54937348	61
chr19	54937348	57735948	47
chr19	57735948	59128983	61
chr20	0	178928	0
chr20	178928	7438540	0
chr20	7438540	7806394	0
chr20	7806394	8225024	0
chr20	8225024	9675479	0
chr20	9675479	10539539	0
chr20	10539539	12239519	0
chr20	12239519	12611320	0
chr20	12611320	15864060	0
chr20	15864060	18071199	0
chr20	18071199	21074996	0
chr20	21074996	26239964	0
chr20	26239964	27500000	0
chr20	27500000	29471217	0
chr20	29471217	30941321	0
chr20	30941321	31337448	0
chr20	31337448	32224228	0
chr20	32224228	33230641	6
chr20	33230641	35602429	0
chr20	35602429	36562852	0
chr20	36562852	37195174	0
chr20	37195174	37379394	0
chr20	37379394	39230595	6
chr20	39230595	40739012	0
chr20	40739012	40999505	0
chr20	40999505	41063323	0
chr20	41063323	43408660	0
chr20	43408660	43440196	0
chr20	43440196	43493171	0
chr20	43493171	43932286	0
chr20	43932286	44042410	0
chr20	44042410	44093689	0
chr20	44093689	44220084	0
chr20	44220084	44311049	0
chr20	44311049	44914841	0
chr20	44914841	47428600	0
chr20	47428600	50001298	0
chr20	50001298	50290088	0
chr20	50290088	50384371	0
chr20	50384371	50564330	0
chr20	50564330	50659047	0
chr20	50659047	50720346	0
chr20	50720346	50865936	0
chr20	50865936	53262428	0
chr20	53262428	53998119	3
chr20	53998119	54127289	0
chr20	54127289	54326092	0
chr20	54326092	56108044	2
chr20	56108044	56823460	0
chr20	56823460	60064684	2
chr20	60064684	63025520	3
chr21	0	9764385	0
chr21	9764385	11039570	14
chr21	11039570	13200000	0
chr21	13200000	14446700	0
chr21	14446700	15970762	0
chr21	15970762	20665455	0
chr21	20665455	21162894	0
chr21	21162894	23047601	0
chr21	23047601	23247171	0
chr21	23247171	27339341	0
chr21	27339341	28497593	0
chr21	28497593	28808053	0
chr21	28808053	29051535	0
chr21	29051535	29093988	1
chr21	29093988	34615882	0
chr21	34615882	35089691	0
chr21	35089691	35253014	4
chr21	35253014	37063642	0
chr21	37063642	37707059	0
chr21	37707059	38729577	0
chr21	38729577	41561815	0
chr21	41561815	42048454	27
chr21	42048454	45133776	7
chr21	45133776	45307653	23
chr21	45307653	45870170	7
chr21	45870170	47509664	26
chr21	47509664	48064649	31
chr21	48064649	48129895	45
chr22	0	14700000	0
chr22	14700000	16151161	8
chr22	16151161	16774157	6
chr22	16774157	16875979	23
chr22	16875979	17315480	9
chr22	17315480	19006554	26
chr22	19006554	19315626	9
chr22	19315626	19447218	26
chr22	19447218	20019103	27
chr22	20019103	20306072	11
chr22	20306072	22493709	27
chr22	22493709	24206588	30
chr22	24206588	24510482	11
chr22	24510482	25062193	30
chr22	25062193	25719035	28
chr22	25719035	25784601	11
chr22	25784601	27483949	28
chr22	27483949	28149283	30
chr22	28149283	28568073	13
chr22	28568073	28733499	0
chr22	28733499	29189494	11
chr22	29189494	29290288	28
chr22	29290288	29882649	32
chr22	29882649	30049789	29
chr22	30049789	30165374	27
chr22	30165374	30350689	18
chr22	30350689	30431716	4
chr22	30431716	31432843	5
chr22	31432843	31574576	0
chr22	31574576	31657683	5
chr22	31657683	31812545	0
chr22	31812545	32111070	5
chr22	32111070	32144376	19
chr22	32144376	32199783	2
chr22	32199783	32451500	0
chr22	32451500	33208374	5
chr22	33208374	33261830	0
chr22	33261830	33319902	2
chr22	33319902	33880241	5
chr22	33880241	34898070	0
chr22	34898070	35638996	0
chr22	35638996	35739517	21
chr22	35739517	36119231	37
chr22	36119231	36464753	21
chr22	36464753	36762860	15
chr22	36762860	37952247	32
chr22	37952247	38065429	32
chr22	38065429	38117784	18
chr22	38117784	38757114	1
chr22	38757114	38832615	0
chr22	38832615	38875899	0
chr22	38875899	40243311	13
chr22	40243311	40874840	21
chr22	40874840	41239363	4
chr22	41239363	41605107	21
chr22	41605107	42055787	4
chr22	42055787	42073308	0
chr22	42073308	42579065	0
chr22	42579065	43209053	6
chr22	43209053	44878506	0
chr22	44878506	45895551	6
chr22	45895551	46044783	0
chr22	46044783	48804406	6
chr22	48804406	49177359	0
chr22	49177359	49761909	6
chr22	49761909	49820682	0
chr22	49820682	50535370	6
chr22	50535370	50691584	0
chr22	50691584	51133399	6
chr22	51133399	51304566	0
chrX	0	708379	0
chrX	708379	1477511	0
chrX	1477511	1791866	0
chrX	1791866	1837799	0
chrX	1837799	1839899	0
chrX	1839899	2654718	0
chrX	2654718	2896756	0
chrX	2896756	11077370	0
chrX	11077370	12358577	0
chrX	12358577	12474232	0
chrX	12474232	14230708	0
chrX	14230708	19309383	0
chrX	19309383	22800705	0
chrX	22800705	22901279	0
chrX	22901279	23578191	0
chrX	23578191	23919969	0
chrX	23919969	24150775	0
chrX	24150775	27709549	0
chrX	27709549	27864598	0
chrX	27864598	29842127	0
chrX	29842127	29914094	0
chrX	29914094	31794862	0
chrX	31794862	32205254	2
chrX	32205254	32485694	0
chrX	32485694	32608452	0
chrX	32608452	33387856	0
chrX	33387856	34194987	0
chrX	34194987	34247678	0
chrX	34247678	37704505	0
chrX	37704505	38574751	0
chrX	38574751	41984517	0
chrX	41984517	43608693	0
chrX	43608693	44325530	0
chrX	44325530	47875707	0
chrX	47875707	50114690	0
chrX	50114690	57158293	0
chrX	57158293	59178820	0
chrX	59178820	60600000	0
chrX	60600000	61818199	0
chrX	61818199	62161697	0
chrX	62161697	63123463	0
chrX	63123463	64601570	0
chrX	64601570	66528865	0
chrX	66528865	68783929	0
chrX	68783929	71526505	0
chrX	71526505	71953717	0
chrX	71953717	73569883	0
chrX	73569883	73752683	0
chrX	73752683	74845030	0
chrX	74845030	77714160	0
chrX	77714160	77976176	0
chrX	77976176	95391027	0
chrX	95391027	95443409	0
chrX	95443409	97439794	0
chrX	97439794	97531937	0
chrX	97531937	98626686	0
chrX	98626686	99731789	0
chrX	99731789	100006663	0
chrX	100006663	100227032	0
chrX	100227032	100741263	0
chrX	100741263	104255386	0
chrX	104255386	108442628	0
chrX	108442628	110126646	0
chrX	110126646	114545044	0
chrX	114545044	118500196	0
chrX	118500196	120811647	0
chrX	120811647	120935309	0
chrX	120935309	121405539	0
chrX	121405539	139434936	0
chrX	139434936	139545927	0
chrX	139545927	142312643	0
chrX	142312643	142545633	0
chrX	142545633	144490304	0
chrX	144490304	144551419	0
chrX	144551419	153047128	0
chrX	153047128	153558354	0
chrX	153558354	153559531	0
chrX	153559531	153564687	0
chrX	153564687	155270560	0
chrY	0	12500000	0
chrY	12500000	59373566	0