Chromosome Region	Start	End	gain
chr1	0	6853355	0
chr1	6853355	8066167	9
chr1	8066167	11009611	8
chr1	11009611	15028144	0
chr1	15028144	15114070	8
chr1	15114070	16870321	0
chr1	16870321	17082652	0
chr1	17082652	23675595	0
chr1	23675595	25507254	0
chr1	25507254	26253274	11
chr1	26253274	26576396	11
chr1	26576396	27481096	0
chr1	27481096	27822900	11
chr1	27822900	28050602	21
chr1	28050602	28596133	23
chr1	28596133	32866884	5
chr1	32866884	35051963	8
chr1	35051963	37197385	9
chr1	37197385	37324799	14
chr1	37324799	37955370	22
chr1	37955370	38180037	36
chr1	38180037	39224753	22
chr1	39224753	41965965	36
chr1	41965965	42674616	35
chr1	42674616	45061581	14
chr1	45061581	48160843	32
chr1	48160843	48742095	18
chr1	48742095	52709536	46
chr1	52709536	53344941	14
chr1	53344941	56592339	11
chr1	56592339	59169753	41
chr1	59169753	62851904	41
chr1	62851904	63016018	55
chr1	63016018	65299195	41
chr1	65299195	65369223	55
chr1	65369223	65933145	41
chr1	65933145	70873430	35
chr1	70873430	72208817	35
chr1	72208817	72753227	39
chr1	72753227	72759361	55
chr1	72759361	72765894	58
chr1	72765894	72768926	23
chr1	72768926	72805230	0
chr1	72805230	72811532	24
chr1	72811532	77593002	41
chr1	77593002	80548614	37
chr1	80548614	87211485	31
chr1	87211485	87681211	49
chr1	87681211	88020633	11
chr1	88020633	91954925	0
chr1	91954925	92380027	11
chr1	92380027	92598321	0
chr1	92598321	95303791	11
chr1	95303791	95494745	14
chr1	95494745	95775615	0
chr1	95775615	97206239	0
chr1	97206239	98713037	0
chr1	98713037	98750900	8
chr1	98750900	105235109	0
chr1	105235109	109973521	0
chr1	109973521	112693006	0
chr1	112693006	112706196	0
chr1	112706196	113290397	0
chr1	113290397	113868367	0
chr1	113868367	114746862	0
chr1	114746862	114801514	0
chr1	114801514	118186483	0
chr1	118186483	120468751	0
chr1	120468751	120553649	0
chr1	120553649	120621451	28
chr1	120621451	121230790	44
chr1	121230790	121291080	28
chr1	121291080	125000000	1
chr1	125000000	143458436	4
chr1	143458436	149732608	20
chr1	149732608	149847673	20
chr1	149847673	152768310	33
chr1	152768310	152856193	33
chr1	152856193	152979258	46
chr1	152979258	154535541	33
chr1	154535541	155286287	33
chr1	155286287	155903195	33
chr1	155903195	158207057	35
chr1	158207057	158313222	49
chr1	158313222	163809199	35
chr1	163809199	166568705	49
chr1	166568705	171491621	35
chr1	171491621	173597243	49
chr1	173597243	174166144	33
chr1	174166144	174506579	29
chr1	174506579	174987046	15
chr1	174987046	176051538	33
chr1	176051538	176161380	47
chr1	176161380	177744013	33
chr1	177744013	177933068	47
chr1	177933068	182935212	30
chr1	182935212	183943386	48
chr1	183943386	187520715	48
chr1	187520715	189157358	29
chr1	189157358	189508302	28
chr1	189508302	192384886	42
chr1	192384886	196828843	28
chr1	196828843	200789160	27
chr1	200789160	205053184	46
chr1	205053184	207327196	44
chr1	207327196	209745006	31
chr1	209745006	209839590	44
chr1	209839590	213282083	25
chr1	213282083	216440418	26
chr1	216440418	217754871	27
chr1	217754871	218587072	27
chr1	218587072	218686904	41
chr1	218686904	219692450	27
chr1	219692450	227936992	28
chr1	227936992	230516522	41
chr1	230516522	232594411	28
chr1	232594411	232677503	41
chr1	232677503	232948623	28
chr1	232948623	249250621	27
chr2	0	10484183	0
chr2	10484183	18548422	0
chr2	18548422	19089623	0
chr2	19089623	19813813	0
chr2	19813813	21813996	0
chr2	21813996	21851627	12
chr2	21851627	22174099	26
chr2	22174099	23792313	12
chr2	23792313	26060892	13
chr2	26060892	26077186	36
chr2	26077186	26916131	39
chr2	26916131	30859740	45
chr2	30859740	31334781	23
chr2	31334781	37179231	17
chr2	37179231	38040545	22
chr2	38040545	38181431	36
chr2	38181431	41809180	22
chr2	41809180	42572649	18
chr2	42572649	43740823	21
chr2	43740823	49616470	18
chr2	49616470	49698261	32
chr2	49698261	55073688	18
chr2	55073688	55686405	22
chr2	55686405	55862670	24
chr2	55862670	60270985	22
chr2	60270985	62006204	36
chr2	62006204	63031292	22
chr2	63031292	63141799	8
chr2	63141799	65360446	22
chr2	65360446	65682351	23
chr2	65682351	71120279	20
chr2	71120279	74448605	0
chr2	74448605	77973549	0
chr2	77973549	78055193	0
chr2	78055193	80780924	0
chr2	80780924	80831029	0
chr2	80831029	85580057	0
chr2	85580057	85701660	0
chr2	85701660	87102511	0
chr2	87102511	87341354	0
chr2	87341354	90301276	0
chr2	90301276	91794849	0
chr2	91794849	92089051	10
chr2	92089051	92193296	23
chr2	92193296	92285930	10
chr2	92285930	93300000	0
chr2	93300000	95439958	0
chr2	95439958	96656411	11
chr2	96656411	97624834	0
chr2	97624834	98524556	8
chr2	98524556	98675483	25
chr2	98675483	98879626	8
chr2	98879626	99742491	25
chr2	99742491	102410348	8
chr2	102410348	104028502	7
chr2	104028502	104262587	24
chr2	104262587	104385099	7
chr2	104385099	104521125	24
chr2	104521125	109073022	10
chr2	109073022	112415706	24
chr2	112415706	113444584	10
chr2	113444584	120383500	24
chr2	120383500	123558644	10
chr2	123558644	139266523	10
chr2	139266523	141706582	24
chr2	141706582	142143208	10
chr2	142143208	142692934	11
chr2	142692934	143110356	25
chr2	143110356	143320951	11
chr2	143320951	146864436	25
chr2	146864436	152397296	30
chr2	152397296	153782144	16
chr2	153782144	153972474	30
chr2	153972474	154276875	16
chr2	154276875	155674194	30
chr2	155674194	157533540	30
chr2	157533540	157534519	17
chr2	157534519	159315782	30
chr2	159315782	161464653	12
chr2	161464653	164711142	12
chr2	164711142	167543853	31
chr2	167543853	168773435	17
chr2	168773435	171368309	31
chr2	171368309	172664318	37
chr2	172664318	173806966	37
chr2	173806966	177189497	19
chr2	177189497	178032138	35
chr2	178032138	181738827	19
chr2	181738827	184432051	32
chr2	184432051	184673379	32
chr2	184673379	186217716	19
chr2	186217716	186458661	37
chr2	186458661	187629616	54
chr2	187629616	189806307	37
chr2	189806307	189965565	37
chr2	189965565	190309384	37
chr2	190309384	191016476	37
chr2	191016476	191360716	37
chr2	191360716	191564964	37
chr2	191564964	194471488	37
chr2	194471488	194679904	37
chr2	194679904	196643104	16
chr2	196643104	201655561	11
chr2	201655561	204245014	9
chr2	204245014	208999100	8
chr2	208999100	209063487	22
chr2	209063487	216279727	3
chr2	216279727	218852039	0
chr2	218852039	219079263	0
chr2	219079263	227962753	0
chr2	227962753	229948848	0
chr2	229948848	230065224	0
chr2	230065224	234925298	0
chr2	234925298	236317554	0
chr2	236317554	236943609	0
chr2	236943609	237490615	0
chr2	237490615	238577884	0
chr2	238577884	239278666	0
chr2	239278666	239500651	0
chr2	239500651	243199373	0
chr3	0	10243615	0
chr3	10243615	12356103	0
chr3	12356103	16755083	0
chr3	16755083	18919212	1
chr3	18919212	19234215	15
chr3	19234215	23857279	0
chr3	23857279	23904874	11
chr3	23904874	24624899	25
chr3	24624899	24945501	2
chr3	24945501	24982753	0
chr3	24982753	25121418	13
chr3	25121418	27467906	15
chr3	27467906	31958533	1
chr3	31958533	32672483	20
chr3	32672483	37949994	0
chr3	37949994	39197746	0
chr3	39197746	50625904	0
chr3	50625904	55557879	0
chr3	55557879	59019091	12
chr3	59019091	60258108	0
chr3	60258108	60426234	0
chr3	60426234	60512802	0
chr3	60512802	60690540	0
chr3	60690540	63356016	0
chr3	63356016	64372507	12
chr3	64372507	64418082	12
chr3	64418082	64640468	12
chr3	64640468	65625084	16
chr3	65625084	67492844	0
chr3	67492844	72444868	0
chr3	72444868	73198696	0
chr3	73198696	74943778	14
chr3	74943778	84871422	0
chr3	84871422	85616390	14
chr3	85616390	90145243	0
chr3	90145243	91000000	17
chr3	91000000	93605126	8
chr3	93605126	94984795	24
chr3	94984795	101847172	8
chr3	101847172	102029359	22
chr3	102029359	106778255	8
chr3	106778255	107283509	22
chr3	107283509	107352799	8
chr3	107352799	107969313	23
chr3	107969313	110209578	9
chr3	110209578	110374486	23
chr3	110374486	111433654	9
chr3	111433654	113071094	46
chr3	113071094	114231668	46
chr3	114231668	115874587	46
chr3	115874587	116488267	60
chr3	116488267	117430401	46
chr3	117430401	117635989	26
chr3	117635989	124290949	46
chr3	124290949	125539111	60
chr3	125539111	128446302	46
chr3	128446302	129791189	60
chr3	129791189	129905844	46
chr3	129905844	130898829	67
chr3	130898829	138815490	67
chr3	138815490	141463126	68
chr3	141463126	142093058	70
chr3	142093058	142107945	70
chr3	142107945	142604190	68
chr3	142604190	143104966	68
chr3	143104966	144294872	68
chr3	144294872	144484510	68
chr3	144484510	145296225	68
chr3	145296225	145458383	68
chr3	145458383	148519173	68
chr3	148519173	148893024	68
chr3	148893024	162489666	68
chr3	162489666	162510463	66
chr3	162510463	162626284	12
chr3	162626284	165142043	67
chr3	165142043	167279464	68
chr3	167279464	167595919	68
chr3	167595919	167906411	68
chr3	167906411	168686609	68
chr3	168686609	168786800	68
chr3	168786800	169410466	68
chr3	169410466	169717695	68
chr3	169717695	169802543	68
chr3	169802543	169890262	68
chr3	169890262	169922744	68
chr3	169922744	170064054	68
chr3	170064054	172282254	68
chr3	172282254	172359651	73
chr3	172359651	172370631	73
chr3	172370631	174666554	68
chr3	174666554	174857107	68
chr3	174857107	176367546	68
chr3	176367546	176562841	68
chr3	176562841	176611711	68
chr3	176611711	176828696	68
chr3	176828696	176898343	66
chr3	176898343	179718398	68
chr3	179718398	186557329	68
chr3	186557329	186699461	54
chr3	186699461	189526877	68
chr3	189526877	197869551	68
chr3	197869551	198022430	40
chr4	0	66349	0
chr4	66349	67770	0
chr4	67770	646395	0
chr4	646395	2838021	2
chr4	2838021	3011672	18
chr4	3011672	3260110	2
chr4	3260110	3438991	18
chr4	3438991	3899298	32
chr4	3899298	4391897	15
chr4	4391897	4786805	2
chr4	4786805	5631650	18
chr4	5631650	6471562	4
chr4	6471562	6525584	32
chr4	6525584	6528995	15
chr4	6528995	7067862	0
chr4	7067862	7938932	4
chr4	7938932	8107136	0
chr4	8107136	9854530	0
chr4	9854530	10210348	0
chr4	10210348	10230805	12
chr4	10230805	10234240	13
chr4	10234240	10988130	0
chr4	10988130	11896171	10
chr4	11896171	13063824	0
chr4	13063824	13392807	0
chr4	13392807	15593830	0
chr4	15593830	17367644	0
chr4	17367644	18928588	0
chr4	18928588	21172481	0
chr4	21172481	23348800	0
chr4	23348800	23634253	0
chr4	23634253	24558560	0
chr4	24558560	25730823	0
chr4	25730823	26084384	0
chr4	26084384	26418681	0
chr4	26418681	26587201	0
chr4	26587201	26888359	0
chr4	26888359	30144469	0
chr4	30144469	31459202	0
chr4	31459202	32201299	0
chr4	32201299	32539486	0
chr4	32539486	34795786	0
chr4	34795786	37509966	0
chr4	37509966	38374427	0
chr4	38374427	40767635	0
chr4	40767635	40965866	0
chr4	40965866	43159849	0
chr4	43159849	43297564	0
chr4	43297564	44664591	0
chr4	44664591	45142381	0
chr4	45142381	45304903	0
chr4	45304903	47002152	0
chr4	47002152	47318212	6
chr4	47318212	48006692	0
chr4	48006692	48260999	0
chr4	48260999	49309867	0
chr4	49309867	50400000	0
chr4	50400000	52696792	0
chr4	52696792	52930519	0
chr4	52930519	53060344	0
chr4	53060344	53286908	0
chr4	53286908	53778176	0
chr4	53778176	56616606	0
chr4	56616606	56776197	0
chr4	56776197	65598369	0
chr4	65598369	65703649	0
chr4	65703649	66615266	0
chr4	66615266	68784010	0
chr4	68784010	69330439	0
chr4	69330439	69536970	14
chr4	69536970	70125577	0
chr4	70125577	70237630	0
chr4	70237630	72548908	0
chr4	72548908	73126933	0
chr4	73126933	73502195	0
chr4	73502195	73933932	0
chr4	73933932	75507605	0
chr4	75507605	75523908	0
chr4	75523908	75845604	0
chr4	75845604	76997451	0
chr4	76997451	78957509	0
chr4	78957509	85189734	0
chr4	85189734	86292373	0
chr4	86292373	88122950	0
chr4	88122950	93800915	0
chr4	93800915	97574665	0
chr4	97574665	108707790	0
chr4	108707790	110492518	0
chr4	110492518	112513634	0
chr4	112513634	114166798	0
chr4	114166798	115173678	0
chr4	115173678	115184351	0
chr4	115184351	130862520	0
chr4	130862520	131211986	0
chr4	131211986	147080203	0
chr4	147080203	148835646	0
chr4	148835646	155708009	0
chr4	155708009	158192616	0
chr4	158192616	160976070	0
chr4	160976070	161287633	0
chr4	161287633	163255327	0
chr4	163255327	164332346	0
chr4	164332346	165334024	0
chr4	165334024	166381405	0
chr4	166381405	169368025	0
chr4	169368025	169785732	0
chr4	169785732	169846698	0
chr4	169846698	172372115	0
chr4	172372115	181976094	0
chr4	181976094	182273098	0
chr4	182273098	184921150	0
chr4	184921150	185196919	0
chr4	185196919	189441093	0
chr4	189441093	191154276	0
chr5	0	7990909	13
chr5	7990909	8509939	27
chr5	8509939	11720760	10
chr5	11720760	11793201	26
chr5	11793201	20426898	7
chr5	20426898	24740567	7
chr5	24740567	26476816	30
chr5	26476816	28237526	10
chr5	28237526	34118627	28
chr5	34118627	34243765	15
chr5	34243765	36006041	28
chr5	36006041	38537407	15
chr5	38537407	46144332	2
chr5	46144332	48400000	4
chr5	48400000	49520000	0
chr5	49520000	49762785	7
chr5	49762785	52010966	0
chr5	52010966	53991662	4
chr5	53991662	55948901	0
chr5	55948901	57323830	0
chr5	57323830	57335951	0
chr5	57335951	59415102	0
chr5	59415102	60319716	0
chr5	60319716	62235622	0
chr5	62235622	68312814	0
chr5	68312814	79135669	0
chr5	79135669	79652741	0
chr5	79652741	79704402	0
chr5	79704402	80854225	0
chr5	80854225	82722476	0
chr5	82722476	83930963	0
chr5	83930963	87305207	0
chr5	87305207	88804733	0
chr5	88804733	88875622	0
chr5	88875622	95690454	0
chr5	95690454	96694607	0
chr5	96694607	96789650	0
chr5	96789650	97032840	0
chr5	97032840	97096533	0
chr5	97096533	109772193	0
chr5	109772193	109885720	0
chr5	109885720	113954052	0
chr5	113954052	118513069	0
chr5	118513069	119340119	0
chr5	119340119	124175650	0
chr5	124175650	126630361	0
chr5	126630361	132118950	0
chr5	132118950	132348938	3
chr5	132348938	135205841	0
chr5	135205841	137148669	14
chr5	137148669	137762318	0
chr5	137762318	148405470	0
chr5	148405470	148750956	0
chr5	148750956	151361206	8
chr5	151361206	152570152	0
chr5	152570152	153019188	8
chr5	153019188	160629771	0
chr5	160629771	163150298	0
chr5	163150298	166886578	0
chr5	166886578	167153968	0
chr5	167153968	175570927	0
chr5	175570927	175603987	0
chr5	175603987	178887104	0
chr5	178887104	179795812	0
chr5	179795812	180170835	0
chr5	180170835	180915260	0
chr6	0	4645769	11
chr6	4645769	8479866	29
chr6	8479866	10173396	15
chr6	10173396	11612725	0
chr6	11612725	14397628	17
chr6	14397628	16064610	20
chr6	16064610	18371113	37
chr6	18371113	19745322	35
chr6	19745322	19962242	22
chr6	19962242	20036833	5
chr6	20036833	21118684	22
chr6	21118684	21546123	35
chr6	21546123	21724278	22
chr6	21724278	22351733	35
chr6	22351733	23118471	22
chr6	23118471	26553866	35
chr6	26553866	26977644	22
chr6	26977644	27735553	35
chr6	27735553	28269272	35
chr6	28269272	29334883	35
chr6	29334883	30850901	35
chr6	30850901	32307442	19
chr6	32307442	32354349	19
chr6	32354349	32454399	0
chr6	32454399	33876701	15
chr6	33876701	33997975	29
chr6	33997975	35617335	15
chr6	35617335	36429456	0
chr6	36429456	42486674	15
chr6	42486674	42730702	12
chr6	42730702	43316687	12
chr6	43316687	43553672	30
chr6	43553672	46052289	16
chr6	46052289	47212976	30
chr6	47212976	49525433	13
chr6	49525433	50187699	14
chr6	50187699	50458278	0
chr6	50458278	58348953	0
chr6	58348953	61000000	8
chr6	61000000	62357676	7
chr6	62357676	63166549	0
chr6	63166549	63445291	24
chr6	63445291	65332836	20
chr6	65332836	67227403	20
chr6	67227403	68164229	20
chr6	68164229	69705300	20
chr6	69705300	71488947	20
chr6	71488947	71967577	34
chr6	71967577	73485665	34
chr6	73485665	73617869	34
chr6	73617869	74591205	34
chr6	74591205	74633180	34
chr6	74633180	75224569	34
chr6	75224569	75818735	20
chr6	75818735	77072382	34
chr6	77072382	77577714	34
chr6	77577714	80317844	0
chr6	80317844	80973631	34
chr6	80973631	81508893	34
chr6	81508893	81781380	20
chr6	81781380	85707833	0
chr6	85707833	95497904	0
chr6	95497904	95604281	0
chr6	95604281	103729353	0
chr6	103729353	103782461	0
chr6	103782461	109003283	0
chr6	109003283	109169648	0
chr6	109169648	109585052	0
chr6	109585052	109686862	0
chr6	109686862	113399180	0
chr6	113399180	121580244	0
chr6	121580244	126001208	0
chr6	126001208	127402433	0
chr6	127402433	128441567	0
chr6	128441567	128619035	0
chr6	128619035	131241083	0
chr6	131241083	131441752	0
chr6	131441752	139724607	0
chr6	139724607	140359691	0
chr6	140359691	141626466	0
chr6	141626466	147549869	0
chr6	147549869	147807488	0
chr6	147807488	148096180	0
chr6	148096180	151366520	0
chr6	151366520	154326157	0
chr6	154326157	154580059	0
chr6	154580059	156550849	0
chr6	156550849	157776284	0
chr6	157776284	159823863	0
chr6	159823863	161717140	0
chr6	161717140	171115067	0
chr7	0	782933	0
chr7	782933	2628653	0
chr7	2628653	3574043	0
chr7	3574043	4255450	0
chr7	4255450	4981219	0
chr7	4981219	9289566	0
chr7	9289566	9375586	0
chr7	9375586	13853681	0
chr7	13853681	14436573	0
chr7	14436573	14573582	0
chr7	14573582	16434256	0
chr7	16434256	16544544	0
chr7	16544544	16846997	0
chr7	16846997	17085629	0
chr7	17085629	20956682	0
chr7	20956682	21323243	0
chr7	21323243	23354827	0
chr7	23354827	26079580	0
chr7	26079580	26269336	0
chr7	26269336	28507855	0
chr7	28507855	33423717	0
chr7	33423717	37417401	0
chr7	37417401	37610429	0
chr7	37610429	40367889	0
chr7	40367889	40424438	0
chr7	40424438	40983465	0
chr7	40983465	41229591	0
chr7	41229591	41273357	0
chr7	41273357	46818560	0
chr7	46818560	46883406	0
chr7	46883406	46899111	1
chr7	46899111	50600394	0
chr7	50600394	50674180	0
chr7	50674180	50814111	0
chr7	50814111	50903011	0
chr7	50903011	53996354	0
chr7	53996354	55128620	1
chr7	55128620	56716305	16
chr7	56716305	57950944	0
chr7	57950944	59900000	0
chr7	59900000	61628365	1
chr7	61628365	61834254	0
chr7	61834254	62252314	0
chr7	62252314	62410854	0
chr7	62410854	64112442	0
chr7	64112442	64243196	0
chr7	64243196	65356718	0
chr7	65356718	67091782	0
chr7	67091782	70133492	0
chr7	70133492	70873345	0
chr7	70873345	72729344	0
chr7	72729344	73940195	0
chr7	73940195	73971915	0
chr7	73971915	75431800	0
chr7	75431800	76272467	0
chr7	76272467	76308201	0
chr7	76308201	79726672	0
chr7	79726672	80792506	6
chr7	80792506	82358873	45
chr7	82358873	89189417	59
chr7	89189417	90643322	26
chr7	90643322	90945150	26
chr7	90945150	91856614	7
chr7	91856614	92411130	0
chr7	92411130	93573473	8
chr7	93573473	95321419	28
chr7	95321419	97193889	27
chr7	97193889	97311008	19
chr7	97311008	101961217	5
chr7	101961217	104820012	14
chr7	104820012	108687233	28
chr7	108687233	108957230	14
chr7	108957230	109441885	10
chr7	109441885	109453946	0
chr7	109453946	110325736	9
chr7	110325736	111843015	9
chr7	111843015	113527056	7
chr7	113527056	115765385	25
chr7	115765385	118536667	3
chr7	118536667	118690659	17
chr7	118690659	126085828	3
chr7	126085828	126482873	17
chr7	126482873	127146570	3
chr7	127146570	129473350	7
chr7	129473350	131610597	7
chr7	131610597	131792359	24
chr7	131792359	132537446	10
chr7	132537446	133202828	24
chr7	133202828	133221287	24
chr7	133221287	133400682	31
chr7	133400682	133778651	32
chr7	133778651	133785186	10
chr7	133785186	133798551	10
chr7	133798551	133856990	32
chr7	133856990	134479687	32
chr7	134479687	134611253	32
chr7	134611253	134987449	32
chr7	134987449	135193430	32
chr7	135193430	135892962	32
chr7	135892962	136944542	32
chr7	136944542	140658301	32
chr7	140658301	142454991	12
chr7	142454991	142489788	0
chr7	142489788	143527647	10
chr7	143527647	143782292	0
chr7	143782292	145694469	10
chr7	145694469	153540429	0
chr7	153540429	157978721	0
chr7	157978721	158528590	10
chr7	158528590	159138663	0
chr8	0	365887	0
chr8	365887	674244	0
chr8	674244	4669718	0
chr8	4669718	4707520	0
chr8	4707520	12268731	0
chr8	12268731	12529361	0
chr8	12529361	13869020	0
chr8	13869020	15159509	0
chr8	15159509	17320479	0
chr8	17320479	17539802	0
chr8	17539802	24070100	0
chr8	24070100	24511042	0
chr8	24511042	24973309	0
chr8	24973309	24974499	0
chr8	24974499	24991187	0
chr8	24991187	26351571	0
chr8	26351571	35906972	0
chr8	35906972	36628359	0
chr8	36628359	39260742	0
chr8	39260742	39530043	0
chr8	39530043	39764842	0
chr8	39764842	40146309	0
chr8	40146309	41107855	1
chr8	41107855	43255729	0
chr8	43255729	43430222	0
chr8	43430222	45600000	0
chr8	45600000	46936840	9
chr8	46936840	48467103	26
chr8	48467103	49118330	40
chr8	49118330	55033847	26
chr8	55033847	55141441	40
chr8	55141441	55921165	26
chr8	55921165	57018463	26
chr8	57018463	60740213	64
chr8	60740213	66535258	64
chr8	66535258	74409333	81
chr8	74409333	82368699	68
chr8	82368699	82956912	67
chr8	82956912	83165772	81
chr8	83165772	86535536	67
chr8	86535536	91818687	64
chr8	91818687	102450229	64
chr8	102450229	106044900	67
chr8	106044900	106437475	87
chr8	106437475	108532309	69
chr8	108532309	110354107	90
chr8	110354107	113411564	90
chr8	113411564	116091156	70
chr8	116091156	118265534	90
chr8	118265534	119907280	70
chr8	119907280	121520177	71
chr8	121520177	124789059	67
chr8	124789059	129741323	71
chr8	129741323	129979761	91
chr8	129979761	132360977	71
chr8	132360977	134040410	71
chr8	134040410	134196478	85
chr8	134196478	135771789	71
chr8	135771789	139737409	70
chr8	139737409	141988433	90
chr8	141988433	142918573	90
chr8	142918573	143199742	70
chr8	143199742	144713392	93
chr8	144713392	146364022	74
chr9	0	2985650	0
chr9	2985650	5024466	0
chr9	5024466	5047324	0
chr9	5047324	5494471	0
chr9	5494471	10777276	0
chr9	10777276	10840412	0
chr9	10840412	10953865	0
chr9	10953865	11226316	0
chr9	11226316	13543024	0
chr9	13543024	19593844	0
chr9	19593844	21249769	0
chr9	21249769	21601975	0
chr9	21601975	22343186	0
chr9	22343186	23308958	0
chr9	23308958	25028262	0
chr9	25028262	25390798	0
chr9	25390798	29600133	0
chr9	29600133	29764706	0
chr9	29764706	30211950	0
chr9	30211950	30930219	0
chr9	30930219	31511241	0
chr9	31511241	32099984	0
chr9	32099984	32132407	0
chr9	32132407	32819870	0
chr9	32819870	36257841	0
chr9	36257841	38418827	0
chr9	38418827	38505765	0
chr9	38505765	38746928	0
chr9	38746928	38919096	0
chr9	38919096	43654560	0
chr9	43654560	44203261	0
chr9	44203261	44493001	0
chr9	44493001	45977049	0
chr9	45977049	46038858	0
chr9	46038858	46906975	0
chr9	46906975	49000000	0
chr9	49000000	65630934	0
chr9	65630934	66630502	0
chr9	66630502	70553336	0
chr9	70553336	70942213	0
chr9	70942213	75865258	0
chr9	75865258	76055619	0
chr9	76055619	77243366	0
chr9	77243366	79085325	0
chr9	79085325	79606965	0
chr9	79606965	87971241	0
chr9	87971241	94269517	0
chr9	94269517	94306003	0
chr9	94306003	94864244	0
chr9	94864244	95275170	0
chr9	95275170	97718528	0
chr9	97718528	98112888	9
chr9	98112888	98208106	10
chr9	98208106	98228198	13
chr9	98228198	105435819	13
chr9	105435819	109875860	13
chr9	109875860	110013600	27
chr9	110013600	114948221	13
chr9	114948221	114954561	10
chr9	114954561	119713176	10
chr9	119713176	122120376	10
chr9	122120376	122918719	2
chr9	122918719	127510846	0
chr9	127510846	129232942	0
chr9	129232942	129657192	0
chr9	129657192	131015459	0
chr9	131015459	131162525	0
chr9	131162525	131277112	0
chr9	131277112	131450975	9
chr9	131450975	132335018	0
chr9	132335018	132569413	0
chr9	132569413	139969257	0
chr9	139969257	141213431	0
chr10	0	4947857	20
chr10	4947857	10775215	40
chr10	10775215	11217677	21
chr10	11217677	16135416	27
chr10	16135416	17558926	23
chr10	17558926	18158750	37
chr10	18158750	21900485	23
chr10	21900485	22122653	37
chr10	22122653	23477932	23
chr10	23477932	25071193	23
chr10	25071193	25697716	6
chr10	25697716	26131492	20
chr10	26131492	26314925	6
chr10	26314925	26601693	20
chr10	26601693	27046363	4
chr10	27046363	32267661	0
chr10	32267661	35208679	13
chr10	35208679	35277103	0
chr10	35277103	36133927	13
chr10	36133927	38834411	0
chr10	38834411	39000378	10
chr10	39000378	40200000	0
chr10	40200000	42631233	2
chr10	42631233	42858908	0
chr10	42858908	44838234	4
chr10	44838234	50616915	0
chr10	50616915	51073998	2
chr10	51073998	51780328	0
chr10	51780328	52629236	2
chr10	52629236	53522869	0
chr10	53522869	54787650	0
chr10	54787650	55606940	0
chr10	55606940	58294383	0
chr10	58294383	58439355	3
chr10	58439355	64827747	0
chr10	64827747	67346421	3
chr10	67346421	68859782	0
chr10	68859782	69308005	3
chr10	69308005	69330237	7
chr10	69330237	71716646	0
chr10	71716646	72489644	0
chr10	72489644	72595385	3
chr10	72595385	73424737	0
chr10	73424737	73902503	0
chr10	73902503	75543520	0
chr10	75543520	77159203	0
chr10	77159203	77516329	0
chr10	77516329	78847565	0
chr10	78847565	79804416	14
chr10	79804416	81428922	0
chr10	81428922	82715757	0
chr10	82715757	82830098	7
chr10	82830098	82839268	0
chr10	82839268	83535452	0
chr10	83535452	83666804	0
chr10	83666804	89704633	0
chr10	89704633	89724879	0
chr10	89724879	90871563	0
chr10	90871563	96132136	0
chr10	96132136	103480315	0
chr10	103480315	103913920	0
chr10	103913920	104629357	0
chr10	104629357	105170671	0
chr10	105170671	105932397	0
chr10	105932397	106279421	0
chr10	106279421	106813802	0
chr10	106813802	116461076	0
chr10	116461076	122335468	0
chr10	122335468	127855140	0
chr10	127855140	131383036	0
chr10	131383036	134791496	0
chr10	134791496	135534747	0
chr11	0	825486	0
chr11	825486	3088532	0
chr11	3088532	4967523	0
chr11	4967523	4980649	0
chr11	4980649	5776609	0
chr11	5776609	5816215	0
chr11	5816215	6817036	0
chr11	6817036	10504130	0
chr11	10504130	10622035	0
chr11	10622035	11047791	1
chr11	11047791	12494819	0
chr11	12494819	12669859	0
chr11	12669859	13392236	0
chr11	13392236	14293061	3
chr11	14293061	17002372	0
chr11	17002372	18939625	0
chr11	18939625	18970962	0
chr11	18970962	19738771	0
chr11	19738771	21664971	12
chr11	21664971	22292216	0
chr11	22292216	23066013	12
chr11	23066013	25474843	12
chr11	25474843	26217412	0
chr11	26217412	26724495	1
chr11	26724495	27985280	15
chr11	27985280	29885332	1
chr11	29885332	30374835	1
chr11	30374835	30735242	17
chr11	30735242	32566032	3
chr11	32566032	37511495	17
chr11	37511495	38916142	0
chr11	38916142	39072759	11
chr11	39072759	44103014	0
chr11	44103014	45445520	1
chr11	45445520	48117024	17
chr11	48117024	48744745	15
chr11	48744745	53700000	0
chr11	53700000	54794667	0
chr11	54794667	55452944	16
chr11	55452944	55838118	9
chr11	55838118	57311306	0
chr11	57311306	57438937	9
chr11	57438937	59007871	0
chr11	59007871	61930624	0
chr11	61930624	63338641	32
chr11	63338641	63936446	34
chr11	63936446	65221351	37
chr11	65221351	67549749	37
chr11	67549749	67770606	5
chr11	67770606	68682197	44
chr11	68682197	69150911	60
chr11	69150911	69940093	60
chr11	69940093	70542895	74
chr11	70542895	71339209	74
chr11	71339209	71472668	74
chr11	71472668	72750331	74
chr11	72750331	73757590	80
chr11	73757590	77383137	46
chr11	77383137	78040655	44
chr11	78040655	78957116	37
chr11	78957116	80726398	37
chr11	80726398	81671793	33
chr11	81671793	93442151	31
chr11	93442151	96977142	20
chr11	96977142	99270667	26
chr11	99270667	100853508	32
chr11	100853508	101593627	38
chr11	101593627	102248060	37
chr11	102248060	107645608	36
chr11	107645608	107820300	37
chr11	107820300	121615592	32
chr11	121615592	124832613	33
chr11	124832613	134298991	37
chr11	134298991	135006516	32
chr12	0	185876	18
chr12	185876	265322	18
chr12	265322	414888	32
chr12	414888	875800	41
chr12	875800	1542127	41
chr12	1542127	2211552	37
chr12	2211552	2276891	37
chr12	2276891	4368743	37
chr12	4368743	4397717	37
chr12	4397717	5336413	37
chr12	5336413	7066150	23
chr12	7066150	8369457	23
chr12	8369457	8595219	23
chr12	8595219	10926574	23
chr12	10926574	12284985	44
chr12	12284985	12475253	45
chr12	12475253	12548137	31
chr12	12548137	13105449	45
chr12	13105449	13554988	31
chr12	13554988	13574632	31
chr12	13574632	15601437	31
chr12	15601437	17704810	45
chr12	17704810	21614447	48
chr12	21614447	21750832	29
chr12	21750832	22290210	43
chr12	22290210	22985840	29
chr12	22985840	23124411	43
chr12	23124411	29565547	29
chr12	29565547	30732515	26
chr12	30732515	31656852	29
chr12	31656852	34756673	24
chr12	34756673	35800000	8
chr12	35800000	37959632	3
chr12	37959632	40009651	20
chr12	40009651	41118479	17
chr12	41118479	41945971	20
chr12	41945971	42378726	35
chr12	42378726	42587672	21
chr12	42587672	43520437	17
chr12	43520437	45167725	20
chr12	45167725	46039963	17
chr12	46039963	51155015	17
chr12	51155015	55482081	19
chr12	55482081	55656723	33
chr12	55656723	57840896	19
chr12	57840896	58046842	17
chr12	58046842	59638998	17
chr12	59638998	66107193	13
chr12	66107193	69163574	15
chr12	69163574	75820682	15
chr12	75820682	80178064	15
chr12	80178064	85569897	29
chr12	85569897	86594888	15
chr12	86594888	90640659	33
chr12	90640659	90901858	31
chr12	90901858	97995501	13
chr12	97995501	101827559	12
chr12	101827559	102749566	16
chr12	102749566	107255907	17
chr12	107255907	107417270	30
chr12	107417270	108486338	17
chr12	108486338	112857872	34
chr12	112857872	112894536	35
chr12	112894536	112926773	21
chr12	112926773	113186018	35
chr12	113186018	113470871	35
chr12	113470871	118471189	21
chr12	118471189	118585817	4
chr12	118585817	119390107	21
chr12	119390107	119671794	19
chr12	119671794	121797391	52
chr12	121797391	124913600	0
chr12	124913600	125140477	0
chr12	125140477	126282107	0
chr12	126282107	129960046	0
chr12	129960046	133851895	0
chr13	0	17900000	0
chr13	17900000	19123483	0
chr13	19123483	19368903	0
chr13	19368903	19409272	0
chr13	19409272	19954331	0
chr13	19954331	20067575	0
chr13	20067575	21244208	0
chr13	21244208	22050848	0
chr13	22050848	25474300	0
chr13	25474300	26773507	0
chr13	26773507	26835429	0
chr13	26835429	29256428	0
chr13	29256428	31211943	0
chr13	31211943	38070201	0
chr13	38070201	48956202	0
chr13	48956202	49048441	0
chr13	49048441	57569687	0
chr13	57569687	57713301	0
chr13	57713301	59814508	0
chr13	59814508	64030209	0
chr13	64030209	64181326	0
chr13	64181326	66373819	0
chr13	66373819	67904046	0
chr13	67904046	68509523	0
chr13	68509523	68674087	0
chr13	68674087	71585437	0
chr13	71585437	71768962	0
chr13	71768962	72035814	0
chr13	72035814	72309434	0
chr13	72309434	73337470	0
chr13	73337470	74399875	0
chr13	74399875	75610946	0
chr13	75610946	77984331	0
chr13	77984331	79073995	0
chr13	79073995	80716307	0
chr13	80716307	82347044	0
chr13	82347044	82607302	0
chr13	82607302	84650736	0
chr13	84650736	86503160	0
chr13	86503160	87310172	0
chr13	87310172	87314529	0
chr13	87314529	87852052	0
chr13	87852052	92501549	0
chr13	92501549	92596428	0
chr13	92596428	93248858	0
chr13	93248858	93305384	0
chr13	93305384	94094361	0
chr13	94094361	97880384	0
chr13	97880384	98140019	0
chr13	98140019	100166318	0
chr13	100166318	101087717	0
chr13	101087717	101151977	0
chr13	101151977	101297888	0
chr13	101297888	101511110	0
chr13	101511110	102952887	0
chr13	102952887	103103515	0
chr13	103103515	103486597	0
chr13	103486597	103748967	0
chr13	103748967	103975621	0
chr13	103975621	104040218	0
chr13	104040218	108058295	0
chr13	108058295	108331334	0
chr13	108331334	108370966	0
chr13	108370966	108641774	0
chr13	108641774	108668868	0
chr13	108668868	114057013	0
chr13	114057013	114100878	0
chr13	114100878	114852542	0
chr13	114852542	114956355	0
chr13	114956355	115024734	0
chr13	115024734	115169878	0
chr14	0	17600000	0
chr14	17600000	19108176	0
chr14	19108176	19392293	0
chr14	19392293	23432148	0
chr14	23432148	25947675	0
chr14	25947675	26113867	0
chr14	26113867	28592070	0
chr14	28592070	28666706	10
chr14	28666706	29110113	0
chr14	29110113	29274679	10
chr14	29274679	29278028	0
chr14	29278028	33254324	0
chr14	33254324	39487296	0
chr14	39487296	48509208	0
chr14	48509208	50252240	0
chr14	50252240	50562820	0
chr14	50562820	50940355	0
chr14	50940355	51054756	0
chr14	51054756	51096444	0
chr14	51096444	51167051	0
chr14	51167051	52297572	0
chr14	52297572	54131994	0
chr14	54131994	61810605	0
chr14	61810605	62577715	0
chr14	62577715	62717109	0
chr14	62717109	66231138	0
chr14	66231138	67519396	0
chr14	67519396	67648169	0
chr14	67648169	69110216	0
chr14	69110216	70173789	0
chr14	70173789	72787496	0
chr14	72787496	72812733	0
chr14	72812733	73444536	0
chr14	73444536	73686768	0
chr14	73686768	73693061	0
chr14	73693061	74155142	0
chr14	74155142	77084576	0
chr14	77084576	78425636	0
chr14	78425636	80411985	0
chr14	80411985	83411352	0
chr14	83411352	87563300	0
chr14	87563300	90442536	0
chr14	90442536	91692632	0
chr14	91692632	98168266	0
chr14	98168266	98274808	0
chr14	98274808	98305492	0
chr14	98305492	102933694	0
chr14	102933694	103257922	0
chr14	103257922	107349540	0
chr15	0	19000000	0
chr15	19000000	20101641	0
chr15	20101641	20567257	13
chr15	20567257	22753941	14
chr15	22753941	24426137	28
chr15	24426137	29510247	14
chr15	29510247	30917106	12
chr15	30917106	33518470	5
chr15	33518470	33791855	20
chr15	33791855	35367799	6
chr15	35367799	38830374	6
chr15	38830374	39302264	8
chr15	39302264	48086421	8
chr15	48086421	48442940	22
chr15	48442940	51820737	8
chr15	51820737	52575583	8
chr15	52575583	55373796	22
chr15	55373796	60132824	8
chr15	60132824	61912634	9
chr15	61912634	63363695	23
chr15	63363695	65331603	23
chr15	65331603	66552517	30
chr15	66552517	67124912	30
chr15	67124912	74313377	35
chr15	74313377	76892015	36
chr15	76892015	77402681	39
chr15	77402681	83272598	37
chr15	83272598	85926836	44
chr15	85926836	95049686	46
chr15	95049686	102531392	40
chr16	0	99112	0
chr16	99112	241092	0
chr16	241092	523295	0
chr16	523295	651562	0
chr16	651562	651656	0
chr16	651656	1338722	0
chr16	1338722	1707922	0
chr16	1707922	2792963	0
chr16	2792963	3102227	0
chr16	3102227	3148837	0
chr16	3148837	3523583	0
chr16	3523583	4546279	0
chr16	4546279	5928015	0
chr16	5928015	8205010	0
chr16	8205010	8442565	0
chr16	8442565	8575158	0
chr16	8575158	12729834	0
chr16	12729834	20004398	0
chr16	20004398	20873198	0
chr16	20873198	23532703	0
chr16	23532703	25316135	0
chr16	25316135	27379146	0
chr16	27379146	29599364	0
chr16	29599364	29698939	0
chr16	29698939	30628695	3
chr16	30628695	31938260	0
chr16	31938260	33674456	1
chr16	33674456	34197476	0
chr16	34197476	34565979	0
chr16	34565979	34620350	0
chr16	34620350	34835447	0
chr16	34835447	35183806	0
chr16	35183806	35205717	0
chr16	35205717	36600000	0
chr16	36600000	46491374	0
chr16	46491374	46706944	0
chr16	46706944	49084045	0
chr16	49084045	53860933	0
chr16	53860933	56102822	0
chr16	56102822	59331594	0
chr16	59331594	60250142	0
chr16	60250142	70848239	0
chr16	70848239	70854785	0
chr16	70854785	71170120	0
chr16	71170120	88490963	0
chr16	88490963	89480820	0
chr16	89480820	90354753	0
chr17	0	623681	0
chr17	623681	1842412	0
chr17	1842412	7111701	0
chr17	7111701	11236274	0
chr17	11236274	11432380	0
chr17	11432380	11554401	0
chr17	11554401	21953994	0
chr17	21953994	21968431	0
chr17	21968431	22062395	0
chr17	22062395	22235650	0
chr17	22235650	24000000	0
chr17	24000000	25346692	0
chr17	25346692	25363386	0
chr17	25363386	25749729	0
chr17	25749729	28149734	0
chr17	28149734	35550338	0
chr17	35550338	36733028	0
chr17	36733028	38268626	0
chr17	38268626	38505909	0
chr17	38505909	39422361	0
chr17	39422361	40877056	0
chr17	40877056	44363267	0
chr17	44363267	44758647	0
chr17	44758647	45191971	0
chr17	45191971	46631354	9
chr17	46631354	53575542	13
chr17	53575542	54112253	16
chr17	54112253	56628492	19
chr17	56628492	60274821	26
chr17	60274821	63444401	21
chr17	63444401	63519517	38
chr17	63519517	74028803	24
chr17	74028803	74302165	7
chr17	74302165	75371088	24
chr17	75371088	78811150	23
chr17	78811150	80045044	43
chr17	80045044	80477687	24
chr17	80477687	80716397	38
chr17	80716397	81195210	24
chr18	0	497735	0
chr18	497735	7268525	0
chr18	7268525	10032112	0
chr18	10032112	10115432	0
chr18	10115432	14516434	0
chr18	14516434	15307817	3
chr18	15307817	17200000	0
chr18	17200000	18609580	0
chr18	18609580	18611243	0
chr18	18611243	18799520	1
chr18	18799520	19234895	6
chr18	19234895	20512086	0
chr18	20512086	24387628	1
chr18	24387628	26982955	0
chr18	26982955	27142937	0
chr18	27142937	27378389	7
chr18	27378389	29297211	0
chr18	29297211	31149381	7
chr18	31149381	31268490	7
chr18	31268490	38218378	0
chr18	38218378	38258076	0
chr18	38258076	38918769	10
chr18	38918769	43515280	12
chr18	43515280	43821092	0
chr18	43821092	45341275	0
chr18	45341275	46568602	0
chr18	46568602	47087074	0
chr18	47087074	52004601	0
chr18	52004601	52861671	0
chr18	52861671	55698521	0
chr18	55698521	55967166	0
chr18	55967166	59151143	0
chr18	59151143	59891346	0
chr18	59891346	60119358	0
chr18	60119358	60195681	0
chr18	60195681	60289808	0
chr18	60289808	60604728	0
chr18	60604728	60717881	0
chr18	60717881	60805028	0
chr18	60805028	60853773	0
chr18	60853773	60899132	0
chr18	60899132	61055767	0
chr18	61055767	61460487	0
chr18	61460487	62352511	0
chr18	62352511	63782303	0
chr18	63782303	63874533	0
chr18	63874533	64813936	0
chr18	64813936	65034178	0
chr18	65034178	70047045	0
chr18	70047045	71471555	0
chr18	71471555	71511231	0
chr18	71511231	75070962	0
chr18	75070962	75271028	0
chr18	75271028	78077248	0
chr19	0	707987	0
chr19	707987	4010306	0
chr19	4010306	7060022	0
chr19	7060022	7295879	0
chr19	7295879	9674523	0
chr19	9674523	10753749	1
chr19	10753749	12970934	14
chr19	12970934	14306166	17
chr19	14306166	14715823	3
chr19	14715823	15391754	36
chr19	15391754	17671081	30
chr19	17671081	17939118	30
chr19	17939118	17968162	30
chr19	17968162	18311633	0
chr19	18311633	20134126	15
chr19	20134126	20318099	49
chr19	20318099	20805926	27
chr19	20805926	20892702	0
chr19	20892702	21038378	13
chr19	21038378	22315792	46
chr19	22315792	23225561	46
chr19	23225561	23812456	29
chr19	23812456	23922620	19
chr19	23922620	24340714	5
chr19	24340714	24521623	22
chr19	24521623	26500000	5
chr19	26500000	28156224	2
chr19	28156224	29202629	0
chr19	29202629	31528364	7
chr19	31528364	31889275	4
chr19	31889275	32027163	21
chr19	32027163	32106085	23
chr19	32106085	34038169	27
chr19	34038169	34111989	5
chr19	34111989	34720350	21
chr19	34720350	36853389	18
chr19	36853389	39511176	32
chr19	39511176	39755196	23
chr19	39755196	40169310	9
chr19	40169310	40357535	9
chr19	40357535	40605358	9
chr19	40605358	41654905	0
chr19	41654905	43784815	0
chr19	43784815	45097141	6
chr19	45097141	46068095	0
chr19	46068095	47470941	0
chr19	47470941	50376326	0
chr19	50376326	51886424	0
chr19	51886424	54937348	0
chr19	54937348	57735948	0
chr19	57735948	59128983	0
chr20	0	178928	29
chr20	178928	7438540	43
chr20	7438540	7806394	47
chr20	7806394	8225024	33
chr20	8225024	9675479	47
chr20	9675479	10539539	51
chr20	10539539	12239519	37
chr20	12239519	12611320	51
chr20	12611320	15864060	26
chr20	15864060	18071199	26
chr20	18071199	21074996	40
chr20	21074996	26239964	26
chr20	26239964	27500000	9
chr20	27500000	29471217	11
chr20	29471217	30941321	41
chr20	30941321	31337448	41
chr20	31337448	32224228	26
chr20	32224228	33230641	0
chr20	33230641	35602429	26
chr20	35602429	36562852	26
chr20	36562852	37195174	26
chr20	37195174	37379394	26
chr20	37379394	39230595	0
chr20	39230595	40739012	26
chr20	40739012	40999505	44
chr20	40999505	41063323	44
chr20	41063323	43408660	44
chr20	43408660	43440196	44
chr20	43440196	43493171	44
chr20	43493171	43932286	44
chr20	43932286	44042410	44
chr20	44042410	44093689	44
chr20	44093689	44220084	44
chr20	44220084	44311049	44
chr20	44311049	44914841	44
chr20	44914841	47428600	44
chr20	47428600	50001298	30
chr20	50001298	50290088	30
chr20	50290088	50384371	30
chr20	50384371	50564330	30
chr20	50564330	50659047	30
chr20	50659047	50720346	30
chr20	50720346	50865936	44
chr20	50865936	53262428	30
chr20	53262428	53998119	0
chr20	53998119	54127289	10
chr20	54127289	54326092	10
chr20	54326092	56108044	0
chr20	56108044	56823460	10
chr20	56823460	60064684	0
chr20	60064684	63025520	0
chr21	0	9764385	0
chr21	9764385	11039570	0
chr21	11039570	13200000	0
chr21	13200000	14446700	1
chr21	14446700	15970762	11
chr21	15970762	20665455	16
chr21	20665455	21162894	30
chr21	21162894	23047601	16
chr21	23047601	23247171	30
chr21	23247171	27339341	16
chr21	27339341	28497593	12
chr21	28497593	28808053	26
chr21	28808053	29051535	12
chr21	29051535	29093988	0
chr21	29093988	34615882	12
chr21	34615882	35089691	12
chr21	35089691	35253014	0
chr21	35253014	37063642	12
chr21	37063642	37707059	7
chr21	37707059	38729577	21
chr21	38729577	41561815	7
chr21	41561815	42048454	0
chr21	42048454	45133776	0
chr21	45133776	45307653	0
chr21	45307653	45870170	0
chr21	45870170	47509664	0
chr21	47509664	48064649	0
chr21	48064649	48129895	0
chr22	0	14700000	0
chr22	14700000	16151161	0
chr22	16151161	16774157	0
chr22	16774157	16875979	0
chr22	16875979	17315480	0
chr22	17315480	19006554	0
chr22	19006554	19315626	0
chr22	19315626	19447218	0
chr22	19447218	20019103	0
chr22	20019103	20306072	0
chr22	20306072	22493709	0
chr22	22493709	24206588	0
chr22	24206588	24510482	0
chr22	24510482	25062193	0
chr22	25062193	25719035	0
chr22	25719035	25784601	0
chr22	25784601	27483949	0
chr22	27483949	28149283	0
chr22	28149283	28568073	0
chr22	28568073	28733499	2
chr22	28733499	29189494	0
chr22	29189494	29290288	0
chr22	29290288	29882649	0
chr22	29882649	30049789	0
chr22	30049789	30165374	0
chr22	30165374	30350689	0
chr22	30350689	30431716	0
chr22	30431716	31432843	0
chr22	31432843	31574576	11
chr22	31574576	31657683	0
chr22	31657683	31812545	11
chr22	31812545	32111070	0
chr22	32111070	32144376	0
chr22	32144376	32199783	0
chr22	32199783	32451500	11
chr22	32451500	33208374	0
chr22	33208374	33261830	11
chr22	33261830	33319902	0
chr22	33319902	33880241	0
chr22	33880241	34898070	20
chr22	34898070	35638996	15
chr22	35638996	35739517	0
chr22	35739517	36119231	0
chr22	36119231	36464753	0
chr22	36464753	36762860	0
chr22	36762860	37952247	0
chr22	37952247	38065429	0
chr22	38065429	38117784	0
chr22	38117784	38757114	0
chr22	38757114	38832615	37
chr22	38832615	38875899	21
chr22	38875899	40243311	0
chr22	40243311	40874840	0
chr22	40874840	41239363	0
chr22	41239363	41605107	0
chr22	41605107	42055787	0
chr22	42055787	42073308	24
chr22	42073308	42579065	10
chr22	42579065	43209053	0
chr22	43209053	44878506	10
chr22	44878506	45895551	0
chr22	45895551	46044783	10
chr22	46044783	48804406	0
chr22	48804406	49177359	10
chr22	49177359	49761909	0
chr22	49761909	49820682	10
chr22	49820682	50535370	0
chr22	50535370	50691584	10
chr22	50691584	51133399	0
chr22	51133399	51304566	10
chrX	0	708379	23
chrX	708379	1477511	24
chrX	1477511	1791866	38
chrX	1791866	1837799	35
chrX	1837799	1839899	21
chrX	1839899	2654718	21
chrX	2654718	2896756	8
chrX	2896756	11077370	8
chrX	11077370	12358577	8
chrX	12358577	12474232	10
chrX	12474232	14230708	24
chrX	14230708	19309383	10
chrX	19309383	22800705	14
chrX	22800705	22901279	28
chrX	22901279	23578191	14
chrX	23578191	23919969	28
chrX	23919969	24150775	14
chrX	24150775	27709549	10
chrX	27709549	27864598	24
chrX	27864598	29842127	10
chrX	29842127	29914094	24
chrX	29914094	31794862	10
chrX	31794862	32205254	0
chrX	32205254	32485694	10
chrX	32485694	32608452	24
chrX	32608452	33387856	10
chrX	33387856	34194987	14
chrX	34194987	34247678	27
chrX	34247678	37704505	14
chrX	37704505	38574751	37
chrX	38574751	41984517	23
chrX	41984517	43608693	37
chrX	43608693	44325530	36
chrX	44325530	47875707	19
chrX	47875707	50114690	19
chrX	50114690	57158293	22
chrX	57158293	59178820	24
chrX	59178820	60600000	0
chrX	60600000	61818199	0
chrX	61818199	62161697	38
chrX	62161697	63123463	25
chrX	63123463	64601570	38
chrX	64601570	66528865	25
chrX	66528865	68783929	24
chrX	68783929	71526505	19
chrX	71526505	71953717	33
chrX	71953717	73569883	19
chrX	73569883	73752683	33
chrX	73752683	74845030	19
chrX	74845030	77714160	19
chrX	77714160	77976176	5
chrX	77976176	95391027	19
chrX	95391027	95443409	33
chrX	95443409	97439794	19
chrX	97439794	97531937	33
chrX	97531937	98626686	19
chrX	98626686	99731789	33
chrX	99731789	100006663	19
chrX	100006663	100227032	33
chrX	100227032	100741263	33
chrX	100741263	104255386	19
chrX	104255386	108442628	19
chrX	108442628	110126646	33
chrX	110126646	114545044	19
chrX	114545044	118500196	19
chrX	118500196	120811647	25
chrX	120811647	120935309	39
chrX	120935309	121405539	25
chrX	121405539	139434936	21
chrX	139434936	139545927	35
chrX	139545927	142312643	21
chrX	142312643	142545633	35
chrX	142545633	144490304	21
chrX	144490304	144551419	35
chrX	144551419	153047128	21
chrX	153047128	153558354	28
chrX	153558354	153559531	27
chrX	153559531	153564687	25
chrX	153564687	155270560	22
chrY	0	12500000	0
chrY	12500000	59373566	0