Chromosome Region	Start	End	gain
chr1	0	566105	8
chr1	566105	24093317	11
chr1	24093317	25507254	9
chr1	25507254	28596133	43
chr1	28596133	30309810	0
chr1	30309810	37955370	1
chr1	37955370	39454983	57
chr1	39454983	42674616	57
chr1	42674616	43082313	37
chr1	43082313	43112846	28
chr1	43112846	48160843	37
chr1	48160843	48720845	4
chr1	48720845	48940713	2
chr1	48940713	53344941	4
chr1	53344941	56592339	4
chr1	56592339	65933145	11
chr1	65933145	84538032	0
chr1	84538032	84827141	8
chr1	84827141	87211485	9
chr1	87211485	88020633	56
chr1	88020633	91099473	17
chr1	91099473	98750900	17
chr1	98750900	109973521	0
chr1	109973521	113290397	0
chr1	113290397	120553649	10
chr1	120553649	125000000	25
chr1	125000000	149732608	5
chr1	149732608	152856193	5
chr1	152856193	173597243	31
chr1	173597243	174152498	13
chr1	174152498	174484130	0
chr1	174484130	174987046	0
chr1	174987046	176761738	25
chr1	176761738	177744013	25
chr1	177744013	192384886	47
chr1	192384886	206508400	47
chr1	206508400	207327196	46
chr1	207327196	208446313	20
chr1	208446313	218587072	17
chr1	218587072	231912506	17
chr1	231912506	237375389	17
chr1	237375389	249250621	5
chr2	0	26060892	0
chr2	26060892	27422857	61
chr2	27422857	30859740	71
chr2	30859740	42572649	3
chr2	42572649	63031292	5
chr2	63031292	63141799	0
chr2	63141799	70587048	6
chr2	70587048	71120279	0
chr2	71120279	77921869	0
chr2	77921869	77973549	0
chr2	77973549	85701660	0
chr2	85701660	91704724	0
chr2	91704724	92275027	0
chr2	92275027	93300000	6
chr2	93300000	112415706	29
chr2	112415706	135243512	30
chr2	135243512	141795864	30
chr2	141795864	142094872	28
chr2	142094872	142692934	30
chr2	142692934	149835915	52
chr2	149835915	149881107	47
chr2	149881107	164501666	52
chr2	164501666	186190738	52
chr2	186190738	186217716	52
chr2	186217716	192163964	82
chr2	192163964	194679904	82
chr2	194679904	198132690	11
chr2	198132690	219382088	10
chr2	219382088	224586353	6
chr2	224586353	233223117	10
chr2	233223117	243199373	9
chr3	0	14930071	0
chr3	14930071	18919212	0
chr3	18919212	25110460	22
chr3	25110460	32672483	22
chr3	32672483	35058029	2
chr3	35058029	51850776	3
chr3	51850776	53788877	2
chr3	53788877	60258108	28
chr3	60258108	60690540	21
chr3	60690540	63356016	29
chr3	63356016	65625084	73
chr3	65625084	91000000	10
chr3	91000000	99902805	6
chr3	99902805	106778255	6
chr3	106778255	107352799	49
chr3	107352799	107452249	79
chr3	107452249	107969313	79
chr3	107969313	114231668	22
chr3	114231668	129911642	21
chr3	129911642	132831541	80
chr3	132831541	133007052	80
chr3	133007052	138840909	84
chr3	138840909	148519173	86
chr3	148519173	149220043	86
chr3	149220043	162508230	90
chr3	162508230	162628629	14
chr3	162628629	174759514	91
chr3	174759514	174993514	91
chr3	174993514	175172586	89
chr3	175172586	176898343	91
chr3	176898343	186557329	91
chr3	186557329	198022430	87
chr4	0	646395	0
chr4	646395	5631650	2
chr4	5631650	10402732	0
chr4	10402732	50400000	0
chr4	50400000	57640575	0
chr4	57640575	68784010	0
chr4	68784010	75845604	0
chr4	75845604	77813812	0
chr4	77813812	78005252	0
chr4	78005252	85189734	0
chr4	85189734	87633399	0
chr4	87633399	114166798	0
chr4	114166798	127261574	0
chr4	127261574	155708009	0
chr4	155708009	169368025	0
chr4	169368025	169846698	0
chr4	169846698	172372115	0
chr4	172372115	191154276	0
chr5	0	11720760	19
chr5	11720760	46152136	19
chr5	46152136	48400000	22
chr5	48400000	52322442	8
chr5	52322442	64708132	1
chr5	64708132	75256869	0
chr5	75256869	79135669	0
chr5	79135669	82722476	11
chr5	82722476	88875622	3
chr5	88875622	94091449	0
chr5	94091449	94776698	0
chr5	94776698	113532680	0
chr5	113532680	113954052	0
chr5	113954052	118513069	55
chr5	118513069	123477471	0
chr5	123477471	125663727	0
chr5	125663727	125695021	3
chr5	125695021	132092899	0
chr5	132092899	140911052	13
chr5	140911052	152043997	15
chr5	152043997	152982215	16
chr5	152982215	153019188	15
chr5	153019188	160629771	0
chr5	160629771	166560394	0
chr5	166560394	167153968	0
chr5	167153968	177745289	0
chr5	177745289	180915260	0
chr6	0	20509960	55
chr6	20509960	29837158	58
chr6	29837158	29875890	50
chr6	29875890	33997975	57
chr6	33997975	61000000	16
chr6	61000000	69307090	36
chr6	69307090	81508893	28
chr6	81508893	103765576	0
chr6	103765576	109003283	0
chr6	109003283	117018123	0
chr6	117018123	137063476	0
chr6	137063476	148063306	0
chr6	148063306	151366520	0
chr6	151366520	153959078	55
chr6	153959078	156550849	13
chr6	156550849	171115067	0
chr7	0	2436601	3
chr7	2436601	13853681	3
chr7	13853681	17095918	70
chr7	17095918	20956682	72
chr7	20956682	29545701	9
chr7	29545701	42743832	9
chr7	42743832	56716305	11
chr7	56716305	59900000	4
chr7	59900000	70133492	0
chr7	70133492	75431800	28
chr7	75431800	80792506	0
chr7	80792506	82358873	7
chr7	82358873	90945150	76
chr7	90945150	93573473	0
chr7	93573473	97311008	60
chr7	97311008	100537268	25
chr7	100537268	109441885	28
chr7	109441885	109949307	28
chr7	109949307	132537446	19
chr7	132537446	133400682	78
chr7	133400682	135851182	78
chr7	135851182	140658301	79
chr7	140658301	142475488	8
chr7	142475488	145694469	2
chr7	145694469	157842432	0
chr7	157842432	159138663	0
chr8	0	3996604	0
chr8	3996604	24070100	0
chr8	24070100	26351571	53
chr8	26351571	33843807	0
chr8	33843807	45600000	0
chr8	45600000	63339667	25
chr8	63339667	106044900	21
chr8	106044900	108532309	22
chr8	108532309	112172734	93
chr8	112172734	113411564	95
chr8	113411564	116091156	27
chr8	116091156	118265534	77
chr8	118265534	126980137	27
chr8	126980137	129741323	27
chr8	129741323	130644346	41
chr8	130644346	130838080	24
chr8	130838080	134040410	28
chr8	134040410	134196478	27
chr8	134196478	135872980	24
chr8	135872980	139737409	24
chr8	139737409	141988433	87
chr8	141988433	146364022	65
chr9	0	17918102	34
chr9	17918102	19593844	34
chr9	19593844	22343186	12
chr9	22343186	32099984	12
chr9	32099984	32132407	70
chr9	32132407	33871137	0
chr9	33871137	38418827	0
chr9	38418827	38505765	69
chr9	38505765	44493001	0
chr9	44493001	49000000	0
chr9	49000000	78427115	0
chr9	78427115	87971241	0
chr9	87971241	94269517	0
chr9	94269517	122918719	3
chr9	122918719	141213431	0
chr10	0	4447304	1
chr10	4447304	4947857	3
chr10	4947857	6928904	74
chr10	6928904	9206927	74
chr10	9206927	10775215	74
chr10	10775215	11221582	0
chr10	11221582	17558926	0
chr10	17558926	22417382	15
chr10	22417382	27046363	21
chr10	27046363	39000378	21
chr10	39000378	40200000	22
chr10	40200000	42858908	0
chr10	42858908	45993839	37
chr10	45993839	50156475	2
chr10	50156475	50616915	5
chr10	50616915	51492644	15
chr10	51492644	61901829	13
chr10	61901829	72595385	11
chr10	72595385	73424737	0
chr10	73424737	73902503	0
chr10	73902503	77159203	1
chr10	77159203	82115160	0
chr10	82115160	83535452	0
chr10	83535452	83666804	56
chr10	83666804	84735459	0
chr10	84735459	100782024	0
chr10	100782024	103771115	1
chr10	103771115	105932397	5
chr10	105932397	106279421	0
chr10	106279421	122335468	0
chr10	122335468	135534747	30
chr11	0	3088532	0
chr11	3088532	6817036	37
chr11	6817036	12421470	0
chr11	12421470	17106129	7
chr11	17106129	29885332	24
chr11	29885332	32566032	31
chr11	32566032	37511495	73
chr11	37511495	50390319	15
chr11	50390319	53700000	17
chr11	53700000	54794667	0
chr11	54794667	55408766	72
chr11	55408766	55838118	73
chr11	55838118	57438937	7
chr11	57438937	64754509	6
chr11	64754509	69940093	9
chr11	69940093	81671793	86
chr11	81671793	108570451	79
chr11	108570451	135006516	72
chr12	0	7511332	43
chr12	7511332	15601437	40
chr12	15601437	25410343	41
chr12	25410343	35800000	43
chr12	35800000	41945971	0
chr12	41945971	66744025	8
chr12	66744025	107657016	6
chr12	107657016	108486338	7
chr12	108486338	109229139	65
chr12	109229139	113470871	65
chr12	113470871	114601045	7
chr12	114601045	121797391	6
chr12	121797391	133851895	2
chr13	0	17900000	0
chr13	17900000	26835429	0
chr13	26835429	38088381	0
chr13	38088381	48956202	0
chr13	48956202	53587187	0
chr13	53587187	74399875	0
chr13	74399875	80716307	0
chr13	80716307	82607302	0
chr13	82607302	98140019	0
chr13	98140019	101297888	0
chr13	101297888	103338790	0
chr13	103338790	110602467	0
chr13	110602467	115024734	0
chr13	115024734	115169878	0
chr14	0	17600000	0
chr14	17600000	22975789	0
chr14	22975789	50252240	0
chr14	50252240	54131994	0
chr14	54131994	56112327	0
chr14	56112327	61810605	0
chr14	61810605	62577715	0
chr14	62577715	67648169	0
chr14	67648169	84012168	0
chr14	84012168	107349540	0
chr15	0	19000000	0
chr15	19000000	24426137	23
chr15	24426137	26149139	1
chr15	26149139	33518470	0
chr15	33518470	59755836	7
chr15	59755836	61120910	0
chr15	61120910	61912634	0
chr15	61912634	72033985	68
chr15	72033985	77402681	67
chr15	77402681	90857701	66
chr15	90857701	101641861	68
chr15	101641861	101710449	68
chr15	101710449	102531392	67
chr16	0	99112	0
chr16	99112	1746867	19
chr16	1746867	8442565	18
chr16	8442565	8575158	55
chr16	8575158	12729834	65
chr16	12729834	19642305	0
chr16	19642305	20004398	0
chr16	20004398	20873198	69
chr16	20873198	23532703	75
chr16	23532703	27379146	4
chr16	27379146	29698939	1
chr16	29698939	33554425	46
chr16	33554425	33674456	27
chr16	33674456	35183806	0
chr16	35183806	36600000	0
chr16	36600000	46706944	0
chr16	46706944	50344313	0
chr16	50344313	51670153	0
chr16	51670153	70839247	0
chr16	70839247	70884744	0
chr16	70884744	90354753	0
chr17	0	229100	0
chr17	229100	4587290	0
chr17	4587290	11554401	0
chr17	11554401	22235650	0
chr17	22235650	24000000	0
chr17	24000000	38505909	0
chr17	38505909	45156690	0
chr17	45156690	46972547	0
chr17	46972547	63444401	0
chr17	63444401	72902770	0
chr17	72902770	78811150	0
chr17	78811150	81195210	0
chr18	0	17200000	0
chr18	17200000	18609580	6
chr18	18609580	25727474	0
chr18	25727474	29297211	0
chr18	29297211	52004601	0
chr18	52004601	52512695	11
chr18	52512695	52861671	5
chr18	52861671	59151143	6
chr18	59151143	62352511	65
chr18	62352511	64711489	0
chr18	64711489	66751546	0
chr18	66751546	78077248	0
chr19	0	10753749	0
chr19	10753749	12703556	48
chr19	12703556	14306166	84
chr19	14306166	26500000	39
chr19	26500000	29202629	2
chr19	29202629	31107049	76
chr19	31107049	31490053	72
chr19	31490053	36853389	31
chr19	36853389	39651882	69
chr19	39651882	39755196	70
chr19	39755196	41654905	0
chr19	41654905	42788141	70
chr19	42788141	46658177	64
chr19	46658177	59128983	10
chr20	0	7180081	41
chr20	7180081	27500000	41
chr20	27500000	40739012	14
chr20	40739012	45561900	75
chr20	45561900	47428600	75
chr20	47428600	63025520	15
chr21	0	13200000	0
chr21	13200000	42048454	0
chr21	42048454	45870170	46
chr21	45870170	48129895	0
chr22	0	14700000	0
chr22	14700000	24510482	6
chr22	24510482	30049789	10
chr22	30049789	31711670	11
chr22	31711670	33261830	9
chr22	33261830	33319902	0
chr22	33319902	36433278	0
chr22	36433278	38065429	0
chr22	38065429	51304566	17
chrX	0	2384889	13
chrX	2384889	3132459	5
chrX	3132459	3157190	0
chrX	3157190	8130969	0
chrX	8130969	10446923	0
chrX	10446923	16724645	4
chrX	16724645	26067346	4
chrX	26067346	27864598	4
chrX	27864598	29842127	0
chrX	29842127	29914094	39
chrX	29914094	32205254	0
chrX	32205254	32485694	0
chrX	32485694	37624533	1
chrX	37624533	37704505	2
chrX	37704505	44325530	34
chrX	44325530	57785172	0
chrX	57785172	60600000	6
chrX	60600000	62120883	33
chrX	62120883	64601570	26
chrX	64601570	70391751	6
chrX	70391751	73752683	17
chrX	73752683	95391027	8
chrX	95391027	111719379	19
chrX	111719379	118500196	6
chrX	118500196	139434936	9
chrX	139434936	144551419	9
chrX	144551419	155270560	7
chrY	0	12500000	0
chrY	12500000	59373566	0