Chromosome Region	Start	End	gain
chr1	0	767025	0
chr1	767025	6853355	0
chr1	6853355	11009611	0
chr1	11009611	12860827	0
chr1	12860827	13733465	0
chr1	13733465	14454375	0
chr1	14454375	14500584	0
chr1	14500584	15028144	0
chr1	15028144	15114070	0
chr1	15114070	15344250	0
chr1	15344250	16588894	0
chr1	16588894	16697192	0
chr1	16697192	17691321	0
chr1	17691321	17842092	0
chr1	17842092	21515869	0
chr1	21515869	21740246	0
chr1	21740246	25507254	0
chr1	25507254	26576396	0
chr1	26576396	27481096	0
chr1	27481096	27535130	0
chr1	27535130	28596133	0
chr1	28596133	28771659	0
chr1	28771659	31262421	0
chr1	31262421	35091656	0
chr1	35091656	36239842	0
chr1	36239842	37098711	0
chr1	37098711	37955370	13
chr1	37955370	38180037	39
chr1	38180037	39224753	13
chr1	39224753	39454983	39
chr1	39454983	42674616	42
chr1	42674616	44687475	15
chr1	44687475	44820347	1
chr1	44820347	45061581	15
chr1	45061581	46570864	42
chr1	46570864	47223002	50
chr1	47223002	48160843	42
chr1	48160843	48988196	15
chr1	48988196	49308196	1
chr1	49308196	51751304	15
chr1	51751304	60931543	16
chr1	60931543	61011195	0
chr1	61011195	62851904	16
chr1	62851904	63016018	42
chr1	63016018	65299195	16
chr1	65299195	65315050	42
chr1	65315050	65358736	28
chr1	65358736	65369223	42
chr1	65369223	65933145	16
chr1	65933145	71003255	13
chr1	71003255	71537191	0
chr1	71537191	71786677	0
chr1	71786677	72765894	0
chr1	72765894	72816882	0
chr1	72816882	83828881	0
chr1	83828881	83961652	0
chr1	83961652	86071417	0
chr1	86071417	86409792	3
chr1	86409792	87211485	0
chr1	87211485	88020633	21
chr1	88020633	89510891	0
chr1	89510891	89899366	3
chr1	89899366	91954925	0
chr1	91954925	92380027	21
chr1	92380027	92598321	0
chr1	92598321	93275319	21
chr1	93275319	95494745	7
chr1	95494745	98713037	0
chr1	98713037	98750900	7
chr1	98750900	113290397	0
chr1	113290397	113501522	7
chr1	113501522	113678932	21
chr1	113678932	113868367	7
chr1	113868367	114746862	0
chr1	114746862	114801514	7
chr1	114801514	116526920	0
chr1	116526920	118186483	0
chr1	118186483	121185034	9
chr1	121185034	121291080	28
chr1	121291080	125000000	1
chr1	125000000	143458436	5
chr1	143458436	144527676	19
chr1	144527676	145386254	5
chr1	145386254	149255799	19
chr1	149255799	149834798	5
chr1	149834798	152856193	19
chr1	152856193	152979258	45
chr1	152979258	153191794	19
chr1	153191794	153250731	5
chr1	153250731	155253522	19
chr1	155253522	158207057	19
chr1	158207057	158313222	45
chr1	158313222	162881278	19
chr1	162881278	162933215	5
chr1	162933215	163809199	19
chr1	163809199	166568705	45
chr1	166568705	167795127	19
chr1	167795127	167918828	27
chr1	167918828	169585047	19
chr1	169585047	171491621	25
chr1	171491621	172153245	51
chr1	172153245	172209427	59
chr1	172209427	173597243	51
chr1	173597243	174472140	25
chr1	174472140	174506579	24
chr1	174506579	174987046	0
chr1	174987046	176051538	24
chr1	176051538	176161380	50
chr1	176161380	176761738	24
chr1	176761738	177744013	21
chr1	177744013	177933068	47
chr1	177933068	179800493	21
chr1	179800493	182935212	7
chr1	182935212	183271207	33
chr1	183271207	183303180	41
chr1	183303180	187520715	33
chr1	187520715	189508302	7
chr1	189508302	192384886	33
chr1	192384886	200789160	7
chr1	200789160	203761823	33
chr1	203761823	203918036	47
chr1	203918036	206508400	33
chr1	206508400	207327196	12
chr1	207327196	209745006	0
chr1	209745006	209839590	12
chr1	209839590	218587072	0
chr1	218587072	218686904	12
chr1	218686904	223481124	0
chr1	223481124	224256093	0
chr1	224256093	224411289	8
chr1	224411289	224588601	0
chr1	224588601	227936992	0
chr1	227936992	230516522	12
chr1	230516522	232594411	0
chr1	232594411	232677503	12
chr1	232677503	236454946	0
chr1	236454946	236536247	0
chr1	236536247	237375389	0
chr1	237375389	247292531	0
chr1	247292531	249250621	4
chr2	0	19089623	0
chr2	19089623	19320223	21
chr2	19320223	19813813	1
chr2	19813813	19997951	0
chr2	19997951	20317602	0
chr2	20317602	21851627	0
chr2	21851627	22174099	1
chr2	22174099	23630998	0
chr2	23630998	23871292	0
chr2	23871292	26060892	0
chr2	26060892	26077186	1
chr2	26077186	30859740	4
chr2	30859740	32163804	0
chr2	32163804	32584312	0
chr2	32584312	35889399	0
chr2	35889399	38040545	0
chr2	38040545	38181431	12
chr2	38181431	39027347	0
chr2	39027347	39246568	0
chr2	39246568	39483431	0
chr2	39483431	42633249	0
chr2	42633249	42828325	0
chr2	42828325	47538695	0
chr2	47538695	47697978	0
chr2	47697978	47889331	0
chr2	47889331	48110791	0
chr2	48110791	49616470	0
chr2	49616470	49698261	4
chr2	49698261	50626114	0
chr2	50626114	60270985	0
chr2	60270985	61666549	12
chr2	61666549	62006204	26
chr2	62006204	62042449	0
chr2	62042449	63031292	0
chr2	63031292	63141799	0
chr2	63141799	65351817	0
chr2	65351817	65465459	0
chr2	65465459	67429190	0
chr2	67429190	67651895	0
chr2	67651895	67851794	0
chr2	67851794	70266797	8
chr2	70266797	70492634	21
chr2	70492634	71036446	8
chr2	71036446	71398812	0
chr2	71398812	75885669	8
chr2	75885669	77973549	0
chr2	77973549	78055193	26
chr2	78055193	80780924	0
chr2	80780924	80831029	26
chr2	80831029	85580057	0
chr2	85580057	85701660	26
chr2	85701660	91627978	0
chr2	91627978	91704724	19
chr2	91704724	92089051	11
chr2	92089051	92193296	38
chr2	92193296	92275027	11
chr2	92275027	93300000	0
chr2	93300000	97624834	5
chr2	97624834	97832353	31
chr2	97832353	98197009	17
chr2	98197009	99742491	31
chr2	99742491	104385099	5
chr2	104385099	104521125	31
chr2	104521125	109073022	5
chr2	109073022	112415706	31
chr2	112415706	113444584	5
chr2	113444584	120383500	31
chr2	120383500	128707938	5
chr2	128707938	128867389	19
chr2	128867389	128960405	5
chr2	128960405	135972182	0
chr2	135972182	139266523	5
chr2	139266523	140884228	31
chr2	140884228	141387789	23
chr2	141387789	141420218	31
chr2	141420218	141421062	17
chr2	141421062	141706582	9
chr2	141706582	142014612	0
chr2	142014612	142068980	0
chr2	142068980	142692934	5
chr2	142692934	143110356	31
chr2	143110356	143320951	5
chr2	143320951	146863238	31
chr2	146863238	146866854	23
chr2	146866854	152397296	31
chr2	152397296	153782144	5
chr2	153782144	153972474	31
chr2	153972474	154276875	5
chr2	154276875	154602651	31
chr2	154602651	157533540	34
chr2	157533540	157534519	7
chr2	157534519	159315782	34
chr2	159315782	164711142	7
chr2	164711142	167543853	34
chr2	167543853	168773435	7
chr2	168773435	170384577	34
chr2	170384577	170472426	48
chr2	170472426	173806966	34
chr2	173806966	174840448	7
chr2	174840448	181738827	0
chr2	181738827	184673379	26
chr2	184673379	185971389	0
chr2	185971389	186217716	7
chr2	186217716	186785832	34
chr2	186785832	189806307	26
chr2	189806307	189848630	26
chr2	189848630	189965565	34
chr2	189965565	190309384	34
chr2	190309384	191016476	34
chr2	191016476	191360716	34
chr2	191360716	191564964	34
chr2	191564964	191722235	34
chr2	191722235	191854453	42
chr2	191854453	194679904	34
chr2	194679904	196637169	7
chr2	196637169	203069398	7
chr2	203069398	204202731	21
chr2	204202731	208999100	7
chr2	208999100	209063487	34
chr2	209063487	217032025	7
chr2	217032025	217257958	15
chr2	217257958	217756983	15
chr2	217756983	218852039	7
chr2	218852039	219079263	33
chr2	219079263	229948848	7
chr2	229948848	230065224	33
chr2	230065224	236317554	7
chr2	236317554	238577884	33
chr2	238577884	239278666	7
chr2	239278666	239500651	33
chr2	239500651	243199373	7
chr3	0	11639931	13
chr3	11639931	11651839	0
chr3	11651839	18919212	13
chr3	18919212	19234215	40
chr3	19234215	19440301	13
chr3	19440301	23904874	0
chr3	23904874	24624899	26
chr3	24624899	24982753	0
chr3	24982753	26612137	26
chr3	26612137	26616020	12
chr3	26616020	27467906	26
chr3	27467906	31958533	0
chr3	31958533	32471102	26
chr3	32471102	32672483	34
chr3	32672483	32687890	7
chr3	32687890	32840816	21
chr3	32840816	33101111	7
chr3	33101111	47721582	0
chr3	47721582	48152949	13
chr3	48152949	50132434	5
chr3	50132434	55557879	0
chr3	55557879	56589233	18
chr3	56589233	57229022	26
chr3	57229022	59019091	18
chr3	59019091	60426234	0
chr3	60426234	60512802	18
chr3	60512802	63356016	0
chr3	63356016	64372507	18
chr3	64372507	64418082	18
chr3	64418082	65625084	18
chr3	65625084	72004310	0
chr3	72004310	73198696	0
chr3	73198696	74943778	26
chr3	74943778	84871422	0
chr3	84871422	85616390	26
chr3	85616390	89420352	0
chr3	89420352	90137970	1
chr3	90137970	91000000	15
chr3	91000000	93543006	1
chr3	93543006	93548479	13
chr3	93548479	93588564	21
chr3	93588564	93705493	35
chr3	93705493	93720625	23
chr3	93720625	93769215	15
chr3	93769215	96925560	1
chr3	96925560	97058062	9
chr3	97058062	101847172	1
chr3	101847172	102029359	28
chr3	102029359	104760858	1
chr3	104760858	105419369	0
chr3	105419369	106778255	1
chr3	106778255	107283509	28
chr3	107283509	107352799	1
chr3	107352799	107591196	28
chr3	107591196	107754354	49
chr3	107754354	107969313	30
chr3	107969313	108944655	4
chr3	108944655	109199781	18
chr3	109199781	110209578	4
chr3	110209578	110374486	30
chr3	110374486	112112749	4
chr3	112112749	114113075	12
chr3	114113075	115874587	4
chr3	115874587	116488267	30
chr3	116488267	117430401	4
chr3	117430401	117635989	0
chr3	117635989	124290949	4
chr3	124290949	125539111	30
chr3	125539111	128311925	4
chr3	128311925	128429016	18
chr3	128429016	128446302	4
chr3	128446302	129791189	30
chr3	129791189	129905844	4
chr3	129905844	138502804	30
chr3	138502804	138625611	44
chr3	138625611	142093058	30
chr3	142093058	142604190	30
chr3	142604190	144294872	30
chr3	144294872	144484510	30
chr3	144484510	145296225	30
chr3	145296225	145458383	30
chr3	145458383	152595809	30
chr3	152595809	152769861	51
chr3	152769861	152864100	65
chr3	152864100	157314131	51
chr3	157314131	162489666	59
chr3	162489666	162510463	55
chr3	162510463	162512698	28
chr3	162512698	162625988	20
chr3	162625988	162626284	24
chr3	162626284	162655246	51
chr3	162655246	163071525	59
chr3	163071525	167279464	73
chr3	167279464	167595919	73
chr3	167595919	168686609	73
chr3	168686609	168786800	73
chr3	168786800	169410466	73
chr3	169410466	169717695	73
chr3	169717695	169802543	73
chr3	169802543	169890262	73
chr3	169890262	169922744	73
chr3	169922744	170064054	73
chr3	170064054	174666554	73
chr3	174666554	174857107	73
chr3	174857107	176367546	73
chr3	176367546	176562841	73
chr3	176562841	176611711	73
chr3	176611711	177742999	73
chr3	177742999	177876532	65
chr3	177876532	179718398	73
chr3	179718398	181564393	73
chr3	181564393	181763784	65
chr3	181763784	183912495	73
chr3	183912495	184091306	65
chr3	184091306	186557329	73
chr3	186557329	186699461	46
chr3	186699461	187510806	73
chr3	187510806	187630613	65
chr3	187630613	188218915	73
chr3	188218915	188261647	57
chr3	188261647	188327003	43
chr3	188327003	189639309	57
chr3	189639309	191715041	65
chr3	191715041	192826538	57
chr3	192826538	192886953	43
chr3	192886953	197679947	57
chr3	197679947	197869551	36
chr3	197869551	198022430	0
chr4	0	69623	0
chr4	69623	79627	0
chr4	79627	646395	0
chr4	646395	3438991	0
chr4	3438991	4391897	0
chr4	4391897	5631650	0
chr4	5631650	6471562	0
chr4	6471562	6528995	0
chr4	6528995	10210348	0
chr4	10210348	10234240	0
chr4	10234240	10988130	0
chr4	10988130	13063824	0
chr4	13063824	25507837	0
chr4	25507837	25623269	0
chr4	25623269	37078696	0
chr4	37078696	44573233	0
chr4	44573233	47002152	0
chr4	47002152	47318212	0
chr4	47318212	47620220	0
chr4	47620220	49115038	0
chr4	49115038	49309867	0
chr4	49309867	50400000	0
chr4	50400000	52696792	0
chr4	52696792	52860746	0
chr4	52860746	52863061	0
chr4	52863061	56505676	0
chr4	56505676	65703649	0
chr4	65703649	66615266	0
chr4	66615266	68784010	0
chr4	68784010	70125577	0
chr4	70125577	70237630	10
chr4	70237630	73126933	0
chr4	73126933	73502195	0
chr4	73502195	73933932	10
chr4	73933932	75507605	0
chr4	75507605	75845604	0
chr4	75845604	77540765	0
chr4	77540765	77555749	0
chr4	77555749	82322908	0
chr4	82322908	85189734	0
chr4	85189734	86292373	0
chr4	86292373	90880464	0
chr4	90880464	91340251	0
chr4	91340251	93800915	0
chr4	93800915	97574665	0
chr4	97574665	106880509	0
chr4	106880509	107068507	0
chr4	107068507	107432736	0
chr4	107432736	108707790	0
chr4	108707790	110492518	0
chr4	110492518	122237622	0
chr4	122237622	123534733	0
chr4	123534733	127377126	0
chr4	127377126	130862520	0
chr4	130862520	131211986	0
chr4	131211986	151932855	0
chr4	151932855	152067118	0
chr4	152067118	155708009	0
chr4	155708009	160976070	0
chr4	160976070	161287633	0
chr4	161287633	161873926	0
chr4	161873926	161884754	0
chr4	161884754	163255327	0
chr4	163255327	164332346	0
chr4	164332346	165945039	0
chr4	165945039	166106749	0
chr4	166106749	166381405	0
chr4	166381405	169785732	0
chr4	169785732	169846698	0
chr4	169846698	181976094	0
chr4	181976094	182273098	0
chr4	182273098	184921150	0
chr4	184921150	185196919	0
chr4	185196919	191154276	0
chr5	0	1522369	19
chr5	1522369	7990909	8
chr5	7990909	8509939	34
chr5	8509939	11720760	8
chr5	11720760	11793201	34
chr5	11793201	17040114	8
chr5	17040114	17145744	21
chr5	17145744	24740567	8
chr5	24740567	26476816	34
chr5	26476816	28237526	8
chr5	28237526	34118627	34
chr5	34118627	34243765	8
chr5	34243765	36006041	34
chr5	36006041	43524226	8
chr5	43524226	45878132	0
chr5	45878132	46062051	13
chr5	46062051	46144332	18
chr5	46144332	46383335	21
chr5	46383335	48400000	0
chr5	48400000	49520000	0
chr5	49520000	49573133	0
chr5	49573133	49696127	0
chr5	49696127	50215202	0
chr5	50215202	51879881	0
chr5	51879881	52010966	0
chr5	52010966	53991662	0
chr5	53991662	58539092	0
chr5	58539092	59415102	0
chr5	59415102	60319716	0
chr5	60319716	79135669	0
chr5	79135669	79652741	0
chr5	79652741	79704402	0
chr5	79704402	80854225	0
chr5	80854225	83930963	0
chr5	83930963	87305207	0
chr5	87305207	88804733	0
chr5	88804733	88875622	0
chr5	88875622	94776698	0
chr5	94776698	96694607	0
chr5	96694607	96789650	0
chr5	96789650	106006040	0
chr5	106006040	109772193	0
chr5	109772193	109885720	0
chr5	109885720	113164660	0
chr5	113164660	113954052	0
chr5	113954052	114420932	0
chr5	114420932	118401754	0
chr5	118401754	118513069	0
chr5	118513069	120576966	0
chr5	120576966	125054858	0
chr5	125054858	125887953	0
chr5	125887953	126130630	3
chr5	126130630	126159001	0
chr5	126159001	128255639	0
chr5	128255639	128315026	0
chr5	128315026	132278400	0
chr5	132278400	132439889	0
chr5	132439889	133922767	0
chr5	133922767	134247360	0
chr5	134247360	135205841	0
chr5	135205841	137148669	7
chr5	137148669	138744488	0
chr5	138744488	139017711	0
chr5	139017711	148750956	0
chr5	148750956	151361206	7
chr5	151361206	152043997	0
chr5	152043997	152570152	2
chr5	152570152	153019188	28
chr5	153019188	166886578	2
chr5	166886578	167018829	28
chr5	167018829	167153968	36
chr5	167153968	171614236	10
chr5	171614236	171756784	23
chr5	171756784	175570927	10
chr5	175570927	175603987	36
chr5	175603987	176398609	10
chr5	176398609	176718860	23
chr5	176718860	177143001	10
chr5	177143001	177585404	8
chr5	177585404	179795812	0
chr5	179795812	180170835	27
chr5	180170835	180915260	0
chr6	0	294459	1
chr6	294459	377826	0
chr6	377826	4645769	1
chr6	4645769	6785671	28
chr6	6785671	6826519	36
chr6	6826519	8398388	28
chr6	8398388	8479866	47
chr6	8479866	11612725	20
chr6	11612725	12767237	47
chr6	12767237	13330281	63
chr6	13330281	19745322	55
chr6	19745322	21118684	28
chr6	21118684	21546123	55
chr6	21546123	21724278	28
chr6	21724278	22351733	55
chr6	22351733	23118471	28
chr6	23118471	26553866	55
chr6	26553866	26977644	28
chr6	26977644	27567183	55
chr6	27567183	27673060	69
chr6	27673060	27735553	55
chr6	27735553	28269272	55
chr6	28269272	30578191	55
chr6	30578191	32074062	63
chr6	32074062	32307442	55
chr6	32307442	32354349	55
chr6	32354349	33436041	28
chr6	33436041	33620870	42
chr6	33620870	33876701	28
chr6	33876701	33997975	55
chr6	33997975	39128700	28
chr6	39128700	40052883	5
chr6	40052883	40183676	0
chr6	40183676	40377782	5
chr6	40377782	40449275	0
chr6	40449275	43316687	5
chr6	43316687	43553672	31
chr6	43553672	46052289	5
chr6	46052289	48965467	31
chr6	48965467	50164665	23
chr6	50164665	50187699	31
chr6	50187699	51010257	5
chr6	51010257	58454586	5
chr6	58454586	58774716	19
chr6	58774716	61000000	5
chr6	61000000	62235758	23
chr6	62235758	62262967	11
chr6	62262967	63906639	0
chr6	63906639	69307090	0
chr6	69307090	71488947	0
chr6	71488947	73001238	7
chr6	73001238	73968138	4
chr6	73968138	74380536	18
chr6	74380536	75224569	4
chr6	75224569	75818735	0
chr6	75818735	81508893	4
chr6	81508893	88195128	0
chr6	88195128	95662921	0
chr6	95662921	95878690	0
chr6	95878690	109003283	0
chr6	109003283	109169648	0
chr6	109169648	109585052	0
chr6	109585052	109686862	0
chr6	109686862	117677495	0
chr6	117677495	117811553	0
chr6	117811553	126001208	0
chr6	126001208	127402433	0
chr6	127402433	127457544	0
chr6	127457544	128441567	0
chr6	128441567	128619035	0
chr6	128619035	129346998	0
chr6	129346998	129444130	0
chr6	129444130	131241083	0
chr6	131241083	131441752	0
chr6	131441752	137063476	0
chr6	137063476	139724607	0
chr6	139724607	140359691	0
chr6	140359691	143043919	0
chr6	143043919	143178520	0
chr6	143178520	145376232	0
chr6	145376232	145936695	0
chr6	145936695	147807488	0
chr6	147807488	148096180	0
chr6	148096180	151366520	0
chr6	151366520	154274269	0
chr6	154274269	154380181	0
chr6	154380181	156550849	0
chr6	156550849	157776284	0
chr6	157776284	158274881	0
chr6	158274881	159212776	0
chr6	159212776	159823863	0
chr6	159823863	161717140	0
chr6	161717140	171115067	0
chr7	0	761642	5
chr7	761642	802531	13
chr7	802531	1190844	24
chr7	1190844	1960803	13
chr7	1960803	4255450	5
chr7	4255450	4351180	31
chr7	4351180	4981219	39
chr7	4981219	5786961	13
chr7	5786961	9289566	5
chr7	9289566	9375586	31
chr7	9375586	13853681	5
chr7	13853681	14436573	31
chr7	14436573	14573582	31
chr7	14573582	16434256	31
chr7	16434256	16544544	31
chr7	16544544	16846997	31
chr7	16846997	17085629	31
chr7	17085629	20798049	31
chr7	20798049	20956682	17
chr7	20956682	21323243	0
chr7	21323243	23354827	17
chr7	23354827	26079580	0
chr7	26079580	26269336	17
chr7	26269336	32965006	0
chr7	32965006	33079538	5
chr7	33079538	36889252	0
chr7	36889252	36956980	0
chr7	36956980	37417401	0
chr7	37417401	37610429	17
chr7	37610429	40267207	0
chr7	40267207	40367889	3
chr7	40367889	40424438	29
chr7	40424438	46293172	3
chr7	46293172	46818560	0
chr7	46818560	46899111	25
chr7	46899111	48152877	0
chr7	48152877	48842820	7
chr7	48842820	53956847	0
chr7	53956847	53996354	1
chr7	53996354	56716305	27
chr7	56716305	59900000	1
chr7	59900000	61072037	2
chr7	61072037	62443302	16
chr7	62443302	70133492	2
chr7	70133492	70873345	28
chr7	70873345	72876358	2
chr7	72876358	73940195	16
chr7	73940195	75431800	42
chr7	75431800	76053922	16
chr7	76053922	77151435	2
chr7	77151435	77220173	0
chr7	77220173	77372353	0
chr7	77372353	80812951	0
chr7	80812951	81085550	0
chr7	81085550	82358873	0
chr7	82358873	90112483	5
chr7	90112483	90476423	13
chr7	90476423	90945150	5
chr7	90945150	91856614	0
chr7	91856614	92411130	0
chr7	92411130	93573473	0
chr7	93573473	97311008	5
chr7	97311008	97873900	0
chr7	97873900	98142673	0
chr7	98142673	99654902	0
chr7	99654902	100537268	0
chr7	100537268	101115610	11
chr7	101115610	101332587	19
chr7	101332587	101644327	11
chr7	101644327	102101741	19
chr7	102101741	104820012	6
chr7	104820012	104944219	32
chr7	104944219	105204245	46
chr7	105204245	108687233	32
chr7	108687233	113527056	6
chr7	113527056	115765385	32
chr7	115765385	118536667	6
chr7	118536667	118690659	32
chr7	118690659	126085828	6
chr7	126085828	126482873	32
chr7	126482873	129542946	6
chr7	129542946	129673241	19
chr7	129673241	131610597	6
chr7	131610597	131792359	32
chr7	131792359	132537446	6
chr7	132537446	133778651	32
chr7	133778651	133798551	6
chr7	133798551	134479687	32
chr7	134479687	134611253	32
chr7	134611253	134987449	32
chr7	134987449	135193430	32
chr7	135193430	135892962	32
chr7	135892962	136944542	32
chr7	136944542	138284110	32
chr7	138284110	138478410	46
chr7	138478410	139140503	32
chr7	139140503	140027133	45
chr7	140027133	140391244	59
chr7	140391244	140658301	45
chr7	140658301	143527647	18
chr7	143527647	143782292	0
chr7	143782292	145694469	18
chr7	145694469	148677767	0
chr7	148677767	148877675	6
chr7	148877675	152116282	0
chr7	152116282	152425260	6
chr7	152425260	157978721	0
chr7	157978721	158528590	18
chr7	158528590	159138663	0
chr8	0	365887	0
chr8	365887	674244	8
chr8	674244	2179927	0
chr8	2179927	2246583	0
chr8	2246583	4669718	0
chr8	4669718	4707520	8
chr8	4707520	6445568	0
chr8	6445568	6791986	0
chr8	6791986	6840001	0
chr8	6840001	7254335	0
chr8	7254335	9561661	0
chr8	9561661	10684296	0
chr8	10684296	10751952	0
chr8	10751952	11657849	0
chr8	11657849	11702163	0
chr8	11702163	12226259	0
chr8	12226259	12241174	0
chr8	12241174	12247381	0
chr8	12247381	12247447	0
chr8	12247447	13869020	0
chr8	13869020	15159509	0
chr8	15159509	17320479	0
chr8	17320479	17539802	0
chr8	17539802	24070100	0
chr8	24070100	24975039	0
chr8	24975039	24987712	5
chr8	24987712	26351571	0
chr8	26351571	28438024	0
chr8	28438024	28535439	0
chr8	28535439	31145876	0
chr8	31145876	37061867	0
chr8	37061867	37818204	0
chr8	37818204	38106145	1
chr8	38106145	39530043	0
chr8	39530043	39764842	13
chr8	39764842	40181981	0
chr8	40181981	40191217	0
chr8	40191217	40904015	0
chr8	40904015	43430222	0
chr8	43430222	43762681	12
chr8	43762681	45600000	0
chr8	45600000	46924211	7
chr8	46924211	47016018	20
chr8	47016018	47892092	7
chr8	47892092	48467103	20
chr8	48467103	49118330	47
chr8	49118330	55033847	20
chr8	55033847	55139282	47
chr8	55139282	55141441	55
chr8	55141441	55360907	28
chr8	55360907	61349869	20
chr8	61349869	66535258	17
chr8	66535258	74409333	43
chr8	74409333	76440129	17
chr8	76440129	76656956	3
chr8	76656956	82956912	0
chr8	82956912	83165772	9
chr8	83165772	84802476	0
chr8	84802476	85008636	0
chr8	85008636	85396471	0
chr8	85396471	89687595	0
chr8	89687595	93079036	0
chr8	93079036	94284049	0
chr8	94284049	95573448	0
chr8	95573448	98777642	3
chr8	98777642	98828343	3
chr8	98828343	100836631	3
chr8	100836631	101524482	12
chr8	101524482	102337818	3
chr8	102337818	104229276	0
chr8	104229276	106044900	0
chr8	106044900	106437475	22
chr8	106437475	106915229	0
chr8	106915229	107193266	0
chr8	107193266	107331096	7
chr8	107331096	108532309	0
chr8	108532309	109698052	25
chr8	109698052	113411564	45
chr8	113411564	115175243	19
chr8	115175243	115205363	0
chr8	115205363	116091156	19
chr8	116091156	118265534	45
chr8	118265534	119126579	19
chr8	119126579	119224429	27
chr8	119224429	119538367	19
chr8	119538367	120711041	27
chr8	120711041	122987257	35
chr8	122987257	123135434	27
chr8	123135434	129741323	35
chr8	129741323	129979761	61
chr8	129979761	134040410	35
chr8	134040410	134196478	61
chr8	134196478	138699035	35
chr8	138699035	139737409	35
chr8	139737409	141375767	61
chr8	141375767	142564502	61
chr8	142564502	142918573	61
chr8	142918573	143199742	35
chr8	143199742	144323648	61
chr8	144323648	144713392	61
chr8	144713392	144838800	35
chr8	144838800	145255251	35
chr8	145255251	145508486	35
chr8	145508486	146364022	35
chr9	0	2985650	23
chr9	2985650	5024466	49
chr9	5024466	5047324	0
chr9	5047324	5494471	49
chr9	5494471	6576805	23
chr9	6576805	6784796	37
chr9	6784796	10777276	23
chr9	10777276	10840412	49
chr9	10840412	10953865	23
chr9	10953865	11226316	49
chr9	11226316	12502168	23
chr9	12502168	12569946	31
chr9	12569946	13543024	23
chr9	13543024	19078612	49
chr9	19078612	19299982	63
chr9	19299982	19593844	49
chr9	19593844	21249769	23
chr9	21249769	21601975	49
chr9	21601975	22343186	23
chr9	22343186	23308958	49
chr9	23308958	25028262	23
chr9	25028262	25390798	49
chr9	25390798	29600133	23
chr9	29600133	29764706	49
chr9	29764706	32040609	23
chr9	32040609	32099984	0
chr9	32099984	32132407	27
chr9	32132407	33814401	0
chr9	33814401	34329077	14
chr9	34329077	36223362	0
chr9	36223362	36572644	14
chr9	36572644	38418827	0
chr9	38418827	38505765	27
chr9	38505765	45977049	0
chr9	45977049	46906975	0
chr9	46906975	49000000	0
chr9	49000000	66630502	0
chr9	66630502	68187200	11
chr9	68187200	75038521	0
chr9	75038521	75089875	5
chr9	75089875	75865258	0
chr9	75865258	76055619	24
chr9	76055619	77952541	0
chr9	77952541	79085325	5
chr9	79085325	79116390	32
chr9	79116390	79182439	24
chr9	79182439	79585311	32
chr9	79585311	79606965	24
chr9	79606965	79944705	0
chr9	79944705	80179157	5
chr9	80179157	80281878	0
chr9	80281878	80654696	5
chr9	80654696	80757914	0
chr9	80757914	87383583	5
chr9	87383583	88407736	8
chr9	88407736	88800721	0
chr9	88800721	93960555	8
chr9	93960555	94269517	0
chr9	94269517	94306003	26
chr9	94306003	94864244	0
chr9	94864244	95275170	26
chr9	95275170	96650739	0
chr9	96650739	105643150	0
chr9	105643150	105868137	0
chr9	105868137	109875860	0
chr9	109875860	110013600	18
chr9	110013600	114948221	0
chr9	114948221	122120376	0
chr9	122120376	122918719	0
chr9	122918719	125913290	0
chr9	125913290	131015459	0
chr9	131015459	131277112	0
chr9	131277112	131450975	0
chr9	131450975	132449741	0
chr9	132449741	132569413	0
chr9	132569413	132596419	0
chr9	132596419	134185538	0
chr9	134185538	134298750	0
chr9	134298750	139629170	0
chr9	139629170	140612765	0
chr9	140612765	141213431	0
chr10	0	4947857	0
chr10	4947857	5389007	0
chr10	5389007	8034609	12
chr10	8034609	10775215	4
chr10	10775215	11957241	0
chr10	11957241	12416368	0
chr10	12416368	17558926	0
chr10	17558926	18158750	4
chr10	18158750	21506235	0
chr10	21506235	21900485	0
chr10	21900485	21911948	18
chr10	21911948	22122653	4
chr10	22122653	22544377	0
chr10	22544377	25697716	0
chr10	25697716	26131492	26
chr10	26131492	26314925	0
chr10	26314925	26601693	26
chr10	26601693	27829233	0
chr10	27829233	28107890	8
chr10	28107890	32267661	0
chr10	32267661	35208679	26
chr10	35208679	35277103	0
chr10	35277103	36133927	26
chr10	36133927	40200000	0
chr10	40200000	42858908	0
chr10	42858908	43910131	25
chr10	43910131	44068691	38
chr10	44068691	44838234	25
chr10	44838234	50616915	0
chr10	50616915	51073998	25
chr10	51073998	51780328	0
chr10	51780328	52629236	25
chr10	52629236	58294383	0
chr10	58294383	58439355	25
chr10	58439355	64827747	0
chr10	64827747	67346421	25
chr10	67346421	68859782	0
chr10	68859782	69330237	25
chr10	69330237	69549718	0
chr10	69549718	70608989	12
chr10	70608989	72489644	0
chr10	72489644	72595385	25
chr10	72595385	74077477	0
chr10	74077477	75973616	6
chr10	75973616	77159203	0
chr10	77159203	77516329	0
chr10	77516329	78847565	0
chr10	78847565	79804416	25
chr10	79804416	81428922	0
chr10	81428922	81652317	0
chr10	81652317	82715757	0
chr10	82715757	82830098	13
chr10	82830098	83535452	0
chr10	83535452	83583706	13
chr10	83583706	83666804	21
chr10	83666804	83793772	0
chr10	83793772	84735459	0
chr10	84735459	89630717	0
chr10	89630717	89704633	0
chr10	89704633	93825949	0
chr10	93825949	93963917	0
chr10	93963917	94340573	0
chr10	94340573	96106356	0
chr10	96106356	96294842	0
chr10	96294842	97432319	0
chr10	97432319	103913920	0
chr10	103913920	104898159	0
chr10	104898159	105161422	1
chr10	105161422	105932397	0
chr10	105932397	106279421	0
chr10	106279421	112047392	0
chr10	112047392	120818841	0
chr10	120818841	120968473	0
chr10	120968473	122335468	0
chr10	122335468	126472400	0
chr10	126472400	126615661	9
chr10	126615661	127855140	0
chr10	127855140	130152208	0
chr10	130152208	130495808	0
chr10	130495808	130532803	0
chr10	130532803	130852552	0
chr10	130852552	131074613	0
chr10	131074613	131383036	0
chr10	131383036	134533771	0
chr10	134533771	134791496	0
chr10	134791496	135534747	0
chr11	0	825486	0
chr11	825486	3088532	0
chr11	3088532	5896728	0
chr11	5896728	6817036	3
chr11	6817036	9232332	0
chr11	9232332	9408254	0
chr11	9408254	10622035	0
chr11	10622035	11047791	3
chr11	11047791	11323280	0
chr11	11323280	13392236	0
chr11	13392236	13463218	18
chr11	13463218	14293061	32
chr11	14293061	19738771	6
chr11	19738771	20522556	32
chr11	20522556	20669912	48
chr11	20669912	21664971	28
chr11	21664971	22292216	2
chr11	22292216	25474843	28
chr11	25474843	26217412	2
chr11	26217412	26724495	6
chr11	26724495	27985280	32
chr11	27985280	29688265	6
chr11	29688265	30374835	0
chr11	30374835	30735242	24
chr11	30735242	32566032	0
chr11	32566032	37511495	24
chr11	37511495	38916142	0
chr11	38916142	39072759	24
chr11	39072759	45445520	0
chr11	45445520	47129905	24
chr11	47129905	47663148	38
chr11	47663148	47909320	46
chr11	47909320	48744745	38
chr11	48744745	48965768	11
chr11	48965768	50253153	0
chr11	50253153	50410368	11
chr11	50410368	51441936	17
chr11	51441936	51563636	3
chr11	51563636	53700000	0
chr11	53700000	54789042	2
chr11	54789042	54794667	13
chr11	54794667	55035374	39
chr11	55035374	55368686	26
chr11	55368686	55452944	28
chr11	55452944	55838118	26
chr11	55838118	56869527	0
chr11	56869527	57311306	7
chr11	57311306	57358694	34
chr11	57358694	57438937	26
chr11	57438937	61710609	0
chr11	61710609	61858659	13
chr11	61858659	63338641	0
chr11	63338641	63494720	2
chr11	63494720	64491931	15
chr11	64491931	68209777	15
chr11	68209777	69940093	40
chr11	69940093	71353309	66
chr11	71353309	71627538	52
chr11	71627538	72750331	66
chr11	72750331	73696146	68
chr11	73696146	73755405	70
chr11	73755405	81671793	68
chr11	81671793	88430949	63
chr11	88430949	94992715	63
chr11	94992715	104919381	56
chr11	104919381	104978805	42
chr11	104978805	106487395	56
chr11	106487395	108871864	48
chr11	108871864	113794542	28
chr11	113794542	124916154	36
chr11	124916154	124986223	22
chr11	124986223	126401789	36
chr11	126401789	128346820	22
chr11	128346820	128389574	8
chr11	128389574	135006516	22
chr12	0	265322	44
chr12	265322	3631366	70
chr12	3631366	5336413	56
chr12	5336413	7819732	30
chr12	7819732	8146812	44
chr12	8146812	8558562	30
chr12	8558562	8582907	14
chr12	8582907	9633616	30
chr12	9633616	9735334	14
chr12	9735334	10846588	30
chr12	10846588	10926574	22
chr12	10926574	12475253	48
chr12	12475253	12548137	22
chr12	12548137	13105449	48
chr12	13105449	15023454	22
chr12	15023454	15545135	30
chr12	15545135	15601437	22
chr12	15601437	16484092	48
chr12	16484092	21614447	48
chr12	21614447	21750832	22
chr12	21750832	22290210	48
chr12	22290210	22985840	22
chr12	22985840	23124411	48
chr12	23124411	30550932	22
chr12	30550932	31475097	3
chr12	31475097	32244446	17
chr12	32244446	34241000	3
chr12	34241000	34588813	11
chr12	34588813	34756673	25
chr12	34756673	34759583	27
chr12	34759583	35800000	19
chr12	35800000	37857751	0
chr12	37857751	37959632	10
chr12	37959632	38365664	0
chr12	38365664	38393485	0
chr12	38393485	40009651	0
chr12	40009651	41945971	0
chr12	41945971	42378726	1
chr12	42378726	50533515	0
chr12	50533515	50613429	0
chr12	50613429	50949884	0
chr12	50949884	55482081	0
chr12	55482081	55656723	9
chr12	55656723	57698654	0
chr12	57698654	57840896	0
chr12	57840896	64627510	0
chr12	64627510	65024470	0
chr12	65024470	68811699	0
chr12	68811699	70238645	0
chr12	70238645	77997441	0
chr12	77997441	78293862	0
chr12	78293862	80057130	0
chr12	80057130	80178064	0
chr12	80178064	80242064	0
chr12	80242064	85569897	0
chr12	85569897	86594888	0
chr12	86594888	90901858	0
chr12	90901858	95858296	0
chr12	95858296	96118038	0
chr12	96118038	99141874	0
chr12	99141874	107255907	0
chr12	107255907	107417270	0
chr12	107417270	107657016	0
chr12	107657016	108486338	0
chr12	108486338	108963549	0
chr12	108963549	112894536	0
chr12	112894536	112926773	0
chr12	112926773	113470871	0
chr12	113470871	113739809	0
chr12	113739809	114277070	0
chr12	114277070	118977852	0
chr12	118977852	121895975	0
chr12	121895975	122803678	0
chr12	122803678	123041737	0
chr12	123041737	124127068	0
chr12	124127068	124180358	0
chr12	124180358	124913600	0
chr12	124913600	125140477	6
chr12	125140477	125486773	0
chr12	125486773	126282107	0
chr12	126282107	129960046	4
chr12	129960046	132126650	0
chr12	132126650	133851895	0
chr13	0	17900000	0
chr13	17900000	19123483	0
chr13	19123483	19290068	0
chr13	19290068	19409272	0
chr13	19409272	19954331	0
chr13	19954331	20067575	0
chr13	20067575	21244208	0
chr13	21244208	23373316	0
chr13	23373316	26773507	0
chr13	26773507	26835429	0
chr13	26835429	29822423	0
chr13	29822423	31211943	0
chr13	31211943	34969200	0
chr13	34969200	35934223	0
chr13	35934223	39880337	0
chr13	39880337	39990303	0
chr13	39990303	48769117	0
chr13	48769117	48956202	0
chr13	48956202	49048441	0
chr13	49048441	57569687	0
chr13	57569687	57713301	0
chr13	57713301	59814508	0
chr13	59814508	64030209	0
chr13	64030209	64181326	0
chr13	64181326	66373819	0
chr13	66373819	67904046	0
chr13	67904046	73337470	0
chr13	73337470	75610946	0
chr13	75610946	77984331	0
chr13	77984331	79073995	0
chr13	79073995	80716307	0
chr13	80716307	82347044	0
chr13	82347044	82607302	0
chr13	82607302	84650736	0
chr13	84650736	86711516	0
chr13	86711516	87004700	0
chr13	87004700	87314529	0
chr13	87314529	87852052	0
chr13	87852052	93248858	0
chr13	93248858	93305384	0
chr13	93305384	97880384	0
chr13	97880384	98140019	0
chr13	98140019	100649537	0
chr13	100649537	100810750	0
chr13	100810750	101087717	0
chr13	101087717	101151977	0
chr13	101151977	101152505	0
chr13	101152505	101297888	0
chr13	101297888	101360623	0
chr13	101360623	101511110	0
chr13	101511110	102952887	0
chr13	102952887	103103515	0
chr13	103103515	103338790	0
chr13	103338790	103486597	0
chr13	103486597	103748967	9
chr13	103748967	103975621	0
chr13	103975621	104040218	9
chr13	104040218	108331334	0
chr13	108331334	108370966	9
chr13	108370966	108641774	0
chr13	108641774	108668868	9
chr13	108668868	108712267	0
chr13	108712267	108923956	0
chr13	108923956	110145312	0
chr13	110145312	114057013	0
chr13	114057013	114100878	17
chr13	114100878	114275213	0
chr13	114275213	114852542	0
chr13	114852542	114956355	9
chr13	114956355	115024734	0
chr13	115024734	115169878	0
chr14	0	17600000	0
chr14	17600000	19108176	0
chr14	19108176	21732418	0
chr14	21732418	21827466	0
chr14	21827466	24181985	0
chr14	24181985	24909046	0
chr14	24909046	25925512	0
chr14	25925512	25970845	0
chr14	25970845	28592070	0
chr14	28592070	28666706	0
chr14	28666706	29110113	0
chr14	29110113	29274679	0
chr14	29274679	33940949	0
chr14	33940949	34923507	0
chr14	34923507	35609930	0
chr14	35609930	50034082	0
chr14	50034082	50403182	0
chr14	50403182	50940355	0
chr14	50940355	51054756	0
chr14	51054756	51096444	0
chr14	51096444	51167051	0
chr14	51167051	58566448	0
chr14	58566448	62577715	0
chr14	62577715	62717109	0
chr14	62717109	64011282	0
chr14	64011282	64332384	0
chr14	64332384	66231138	0
chr14	66231138	67519396	0
chr14	67519396	67648169	0
chr14	67648169	70173789	0
chr14	70173789	72787496	0
chr14	72787496	75323068	0
chr14	75323068	75765941	0
chr14	75765941	78061551	0
chr14	78061551	78319857	0
chr14	78319857	87563300	0
chr14	87563300	88039184	0
chr14	88039184	90442536	0
chr14	90442536	90885230	0
chr14	90885230	91150576	0
chr14	91150576	91522567	0
chr14	91522567	91669250	0
chr14	91669250	93352747	0
chr14	93352747	93441563	0
chr14	93441563	102667297	0
chr14	102667297	102777307	0
chr14	102777307	102891150	0
chr14	102891150	105085384	0
chr14	105085384	105914531	0
chr14	105914531	106001874	0
chr14	106001874	106877096	0
chr14	106877096	106920590	0
chr14	106920590	107199589	0
chr14	107199589	107349540	0
chr15	0	19000000	0
chr15	19000000	22753941	0
chr15	22753941	24426137	17
chr15	24426137	30501829	0
chr15	30501829	33518470	0
chr15	33518470	33791855	3
chr15	33791855	41310140	0
chr15	41310140	41777264	0
chr15	41777264	42828064	0
chr15	42828064	44535055	0
chr15	44535055	44939480	0
chr15	44939480	48086421	0
chr15	48086421	48442940	0
chr15	48442940	50610850	0
chr15	50610850	51115475	0
chr15	51115475	52575583	0
chr15	52575583	54663674	0
chr15	54663674	55373796	14
chr15	55373796	60428385	0
chr15	60428385	61065599	0
chr15	61065599	61912634	0
chr15	61912634	71943284	25
chr15	71943284	72262172	33
chr15	72262172	72560128	25
chr15	72560128	72814298	33
chr15	72814298	75688346	25
chr15	75688346	75693645	33
chr15	75693645	75928974	47
chr15	75928974	76200507	33
chr15	76200507	76884795	25
chr15	76884795	76898977	33
chr15	76898977	85125925	25
chr15	85125925	86294321	33
chr15	86294321	87816840	25
chr15	87816840	87877326	17
chr15	87877326	90429311	25
chr15	90429311	90804760	39
chr15	90804760	91203315	25
chr15	91203315	91787015	33
chr15	91787015	102531392	25
chr16	0	99112	0
chr16	99112	241092	0
chr16	241092	523295	23
chr16	523295	651562	0
chr16	651562	1338722	23
chr16	1338722	1707922	0
chr16	1707922	2486782	23
chr16	2486782	3523583	11
chr16	3523583	4546279	0
chr16	4546279	4860558	11
chr16	4860558	5928015	0
chr16	5928015	8442565	0
chr16	8442565	11873937	0
chr16	11873937	12081943	11
chr16	12081943	12729834	0
chr16	12729834	14779141	0
chr16	14779141	19642305	0
chr16	19642305	20004398	0
chr16	20004398	20873198	3
chr16	20873198	21305390	24
chr16	21305390	23532703	4
chr16	23532703	26437729	0
chr16	26437729	29698939	0
chr16	29698939	30628695	12
chr16	30628695	31938260	0
chr16	31938260	33674456	12
chr16	33674456	34197476	0
chr16	34197476	34565979	0
chr16	34565979	34620350	0
chr16	34620350	35183806	0
chr16	35183806	35205717	0
chr16	35205717	36600000	0
chr16	36600000	46491374	0
chr16	46491374	52061194	0
chr16	52061194	56639183	0
chr16	56639183	60041362	0
chr16	60041362	62623148	0
chr16	62623148	68816664	0
chr16	68816664	70769355	0
chr16	70769355	70821529	0
chr16	70821529	70840723	0
chr16	70840723	71143395	0
chr16	71143395	74967019	0
chr16	74967019	75037619	0
chr16	75037619	81602434	0
chr16	81602434	88364132	0
chr16	88364132	88490963	0
chr16	88490963	89480820	0
chr16	89480820	90354753	0
chr17	0	623681	0
chr17	623681	1363939	0
chr17	1363939	1842412	0
chr17	1842412	5085472	0
chr17	5085472	5246039	0
chr17	5246039	7111701	0
chr17	7111701	8889328	0
chr17	8889328	11236274	0
chr17	11236274	11432380	0
chr17	11432380	11554401	0
chr17	11554401	17126929	0
chr17	17126929	17236293	0
chr17	17236293	18357169	0
chr17	18357169	18464904	0
chr17	18464904	22235650	0
chr17	22235650	24000000	0
chr17	24000000	25311244	0
chr17	25311244	25313690	0
chr17	25313690	25363386	0
chr17	25363386	25749729	0
chr17	25749729	27236784	0
chr17	27236784	27660329	0
chr17	27660329	27801069	0
chr17	27801069	28149734	0
chr17	28149734	29326925	0
chr17	29326925	29710888	0
chr17	29710888	36733028	0
chr17	36733028	38505909	0
chr17	38505909	45537022	0
chr17	45537022	57158657	0
chr17	57158657	57403647	0
chr17	57403647	63444401	0
chr17	63444401	63519517	0
chr17	63519517	68009914	0
chr17	68009914	68431149	0
chr17	68431149	68489014	0
chr17	68489014	68881086	0
chr17	68881086	69755305	0
chr17	69755305	73829153	0
chr17	73829153	74024836	0
chr17	74024836	75807970	0
chr17	75807970	76848716	0
chr17	76848716	76963184	0
chr17	76963184	78811150	0
chr17	78811150	80045044	0
chr17	80045044	80477687	0
chr17	80477687	80716397	0
chr17	80716397	81195210	0
chr18	0	3510812	0
chr18	3510812	3679827	0
chr18	3679827	15307817	0
chr18	15307817	17200000	0
chr18	17200000	18560354	0
chr18	18560354	18609580	4
chr18	18609580	18611243	0
chr18	18611243	19312150	0
chr18	19312150	27142937	0
chr18	27142937	27378389	0
chr18	27378389	29297211	0
chr18	29297211	29486722	0
chr18	29486722	29629294	0
chr18	29629294	40171009	0
chr18	40171009	48010626	0
chr18	48010626	48520065	0
chr18	48520065	49356287	0
chr18	49356287	52004601	0
chr18	52004601	52861671	15
chr18	52861671	55698521	0
chr18	55698521	55967166	15
chr18	55967166	59151143	0
chr18	59151143	60119358	15
chr18	60119358	60195681	15
chr18	60195681	60289808	15
chr18	60289808	60604728	15
chr18	60604728	60717881	15
chr18	60717881	60805028	15
chr18	60805028	60853773	15
chr18	60853773	60899132	15
chr18	60899132	61055767	15
chr18	61055767	61460487	15
chr18	61460487	62352511	15
chr18	62352511	63782303	0
chr18	63782303	63874533	15
chr18	63874533	64813936	0
chr18	64813936	65034178	15
chr18	65034178	71471555	0
chr18	71471555	71511231	15
chr18	71511231	75070962	0
chr18	75070962	75271028	15
chr18	75271028	78077248	0
chr19	0	463132	0
chr19	463132	676972	0
chr19	676972	755391	0
chr19	755391	1219608	0
chr19	1219608	1324492	0
chr19	1324492	4010306	0
chr19	4010306	4996946	0
chr19	4996946	5165948	0
chr19	5165948	5690395	0
chr19	5690395	5873927	0
chr19	5873927	6317358	0
chr19	6317358	6658098	0
chr19	6658098	7013777	0
chr19	7013777	7838479	0
chr19	7838479	8435153	0
chr19	8435153	8771372	0
chr19	8771372	9102391	0
chr19	9102391	9104935	0
chr19	9104935	10219024	6
chr19	10219024	10753749	8
chr19	10753749	14306166	34
chr19	14306166	14708422	8
chr19	14708422	17962727	25
chr19	17962727	18311633	13
chr19	18311633	19492078	40
chr19	19492078	20318099	26
chr19	20318099	20892702	0
chr19	20892702	23922620	26
chr19	23922620	24324036	0
chr19	24324036	24521623	13
chr19	24521623	26500000	0
chr19	26500000	27828664	0
chr19	27828664	27838898	14
chr19	27838898	28055416	28
chr19	28055416	29202629	14
chr19	29202629	31490053	40
chr19	31490053	31528364	20
chr19	31528364	33020427	1
chr19	33020427	33088203	15
chr19	33088203	33408940	27
chr19	33408940	34038169	15
chr19	34038169	36853389	0
chr19	36853389	36945010	15
chr19	36945010	37225849	0
chr19	37225849	39755196	0
chr19	39755196	41608293	0
chr19	41608293	41654905	0
chr19	41654905	41730569	0
chr19	41730569	45175097	0
chr19	45175097	46435784	0
chr19	46435784	47130412	0
chr19	47130412	47405876	0
chr19	47405876	47470941	0
chr19	47470941	47486682	0
chr19	47486682	48468969	0
chr19	48468969	48739580	0
chr19	48739580	49455443	0
chr19	49455443	50376326	0
chr19	50376326	51886424	0
chr19	51886424	52137083	0
chr19	52137083	52560753	0
chr19	52560753	54937348	0
chr19	54937348	57582259	0
chr19	57582259	57735948	0
chr19	57735948	58513442	0
chr19	58513442	59128983	0
chr20	0	178928	15
chr20	178928	1558928	42
chr20	1558928	1561617	28
chr20	1561617	1582150	12
chr20	1582150	1598221	25
chr20	1598221	4985889	42
chr20	4985889	5077814	55
chr20	5077814	7178441	42
chr20	7178441	7252981	33
chr20	7252981	7806394	42
chr20	7806394	8225024	15
chr20	8225024	10539539	42
chr20	10539539	12239519	15
chr20	12239519	12611320	42
chr20	12611320	13367557	15
chr20	13367557	14866925	7
chr20	14866925	14974268	0
chr20	14974268	18071199	7
chr20	18071199	21074996	33
chr20	21074996	27500000	7
chr20	27500000	29471217	9
chr20	29471217	29529915	35
chr20	29529915	31337448	49
chr20	31337448	35597214	22
chr20	35597214	38183292	9
chr20	38183292	40024861	1
chr20	40024861	40739012	9
chr20	40739012	43408660	35
chr20	43408660	43932286	35
chr20	43932286	44844545	35
chr20	44844545	46010405	43
chr20	46010405	46241846	57
chr20	46241846	47428600	43
chr20	47428600	50286702	17
chr20	50286702	50612550	31
chr20	50612550	50720346	17
chr20	50720346	50865936	43
chr20	50865936	52086054	17
chr20	52086054	52363300	31
chr20	52363300	53419053	17
chr20	53419053	53902136	9
chr20	53902136	53998119	17
chr20	53998119	54326092	43
chr20	54326092	56108044	17
chr20	56108044	56823460	43
chr20	56823460	61831854	17
chr20	61831854	62030873	31
chr20	62030873	62530136	42
chr20	62530136	62644069	31
chr20	62644069	62871805	17
chr20	62871805	63025520	9
chr21	0	9764385	0
chr21	9764385	11039570	0
chr21	11039570	13200000	0
chr21	13200000	14446700	0
chr21	14446700	17363469	0
chr21	17363469	17440257	0
chr21	17440257	18453043	0
chr21	18453043	18667193	0
chr21	18667193	20665455	0
chr21	20665455	21162894	14
chr21	21162894	23047601	0
chr21	23047601	23247171	14
chr21	23247171	26475879	0
chr21	26475879	28497593	0
chr21	28497593	28808053	22
chr21	28808053	29051535	0
chr21	29051535	29093988	0
chr21	29093988	37707059	0
chr21	37707059	38729577	22
chr21	38729577	41479641	0
chr21	41479641	42048454	0
chr21	42048454	45870170	14
chr21	45870170	48064649	0
chr21	48064649	48129895	0
chr22	0	14700000	0
chr22	14700000	16151161	0
chr22	16151161	16629470	0
chr22	16629470	16683415	0
chr22	16683415	16875979	0
chr22	16875979	21934399	0
chr22	21934399	22114520	0
chr22	22114520	24205448	0
chr22	24205448	24206588	0
chr22	24206588	24510482	0
chr22	24510482	27483949	0
chr22	27483949	28568073	0
chr22	28568073	28733499	0
chr22	28733499	29458689	0
chr22	29458689	29495896	0
chr22	29495896	30350689	0
chr22	30350689	32111070	0
chr22	32111070	32199783	0
chr22	32199783	33261830	0
chr22	33261830	36772004	0
chr22	36772004	36840678	0
chr22	36840678	38065429	0
chr22	38065429	39350137	0
chr22	39350137	39405008	0
chr22	39405008	40070787	0
chr22	40070787	40861700	0
chr22	40861700	41395785	0
chr22	41395785	41477811	0
chr22	41477811	42073308	0
chr22	42073308	46686321	0
chr22	46686321	47243972	0
chr22	47243972	51141572	0
chr22	51141572	51304566	0
chrX	0	683862	0
chrX	683862	892488	0
chrX	892488	1477511	4
chrX	1477511	1791866	31
chrX	1791866	1837799	28
chrX	1837799	2311498	0
chrX	2311498	2341842	0
chrX	2341842	2384889	0
chrX	2384889	2583615	0
chrX	2583615	10302691	0
chrX	10302691	12474232	0
chrX	12474232	14230708	0
chrX	14230708	22800705	0
chrX	22800705	22901279	0
chrX	22901279	23578191	0
chrX	23578191	23919969	0
chrX	23919969	27709549	0
chrX	27709549	27864598	0
chrX	27864598	29842127	0
chrX	29842127	29914094	0
chrX	29914094	31794862	0
chrX	31794862	32205254	0
chrX	32205254	32485694	0
chrX	32485694	32608452	0
chrX	32608452	32627273	0
chrX	32627273	33126028	0
chrX	33126028	34194987	0
chrX	34194987	34247678	0
chrX	34247678	37704505	0
chrX	37704505	38574751	0
chrX	38574751	41984517	0
chrX	41984517	44325530	0
chrX	44325530	47111748	0
chrX	47111748	47300603	0
chrX	47300603	48368450	0
chrX	48368450	48532989	0
chrX	48532989	50353298	0
chrX	50353298	53332451	0
chrX	53332451	57785172	0
chrX	57785172	58321723	1
chrX	58321723	59331578	14
chrX	59331578	60600000	1
chrX	60600000	61818199	5
chrX	61818199	62057076	45
chrX	62057076	62161697	31
chrX	62161697	63123463	5
chrX	63123463	64516310	31
chrX	64516310	64601570	23
chrX	64601570	64676745	0
chrX	64676745	67536903	5
chrX	67536903	67764172	19
chrX	67764172	71526505	5
chrX	71526505	71953717	31
chrX	71953717	73569883	5
chrX	73569883	73752683	31
chrX	73752683	77714160	5
chrX	77714160	77976176	0
chrX	77976176	95391027	5
chrX	95391027	95443409	31
chrX	95443409	97439794	5
chrX	97439794	97531937	31
chrX	97531937	98626686	5
chrX	98626686	99731789	31
chrX	99731789	100006663	5
chrX	100006663	100741263	31
chrX	100741263	104496615	5
chrX	104496615	107810049	2
chrX	107810049	108309552	10
chrX	108309552	108442628	2
chrX	108442628	108709922	28
chrX	108709922	109085781	36
chrX	109085781	109274132	28
chrX	109274132	110126646	36
chrX	110126646	115601013	10
chrX	115601013	115775964	24
chrX	115775964	118840435	10
chrX	118840435	119072704	24
chrX	119072704	120811647	10
chrX	120811647	120935309	36
chrX	120935309	122914078	10
chrX	122914078	123103981	24
chrX	123103981	123272195	10
chrX	123272195	123433835	2
chrX	123433835	135896045	10
chrX	135896045	136032846	24
chrX	136032846	139434936	10
chrX	139434936	139545927	36
chrX	139545927	142312643	10
chrX	142312643	142545633	36
chrX	142545633	144490304	10
chrX	144490304	144551419	36
chrX	144551419	155270560	10
chrY	0	12500000	0
chrY	12500000	59373566	0