Chromosome Region	Start	End	loss
chr1	0	767025	34
chr1	767025	6853355	26
chr1	6853355	11009611	0
chr1	11009611	12860827	26
chr1	12860827	13733465	34
chr1	13733465	14454375	26
chr1	14454375	14500584	34
chr1	14500584	15028144	26
chr1	15028144	15114070	0
chr1	15114070	15344250	26
chr1	15344250	16588894	34
chr1	16588894	16697192	20
chr1	16697192	17691321	34
chr1	17691321	17842092	20
chr1	17842092	21515869	34
chr1	21515869	21740246	26
chr1	21740246	25507254	34
chr1	25507254	26576396	8
chr1	26576396	27481096	34
chr1	27481096	27535130	8
chr1	27535130	28596133	0
chr1	28596133	28771659	26
chr1	28771659	31262421	21
chr1	31262421	35091656	10
chr1	35091656	36239842	19
chr1	36239842	37098711	14
chr1	37098711	37955370	0
chr1	37955370	38180037	0
chr1	38180037	39224753	0
chr1	39224753	39454983	0
chr1	39454983	42674616	0
chr1	42674616	44687475	0
chr1	44687475	44820347	0
chr1	44820347	45061581	0
chr1	45061581	46570864	0
chr1	46570864	47223002	0
chr1	47223002	48160843	0
chr1	48160843	48988196	0
chr1	48988196	49308196	0
chr1	49308196	51751304	0
chr1	51751304	60931543	0
chr1	60931543	61011195	11
chr1	61011195	62851904	0
chr1	62851904	63016018	0
chr1	63016018	65299195	0
chr1	65299195	65315050	0
chr1	65315050	65358736	0
chr1	65358736	65369223	0
chr1	65369223	65933145	0
chr1	65933145	71003255	0
chr1	71003255	71537191	4
chr1	71537191	71786677	12
chr1	71786677	72765894	4
chr1	72765894	72816882	18
chr1	72816882	83828881	4
chr1	83828881	83961652	18
chr1	83961652	86071417	4
chr1	86071417	86409792	0
chr1	86409792	87211485	4
chr1	87211485	88020633	0
chr1	88020633	89510891	4
chr1	89510891	89899366	0
chr1	89899366	91954925	4
chr1	91954925	92380027	0
chr1	92380027	92598321	4
chr1	92598321	93275319	0
chr1	93275319	95494745	0
chr1	95494745	98713037	18
chr1	98713037	98750900	0
chr1	98750900	113290397	18
chr1	113290397	113501522	0
chr1	113501522	113678932	0
chr1	113678932	113868367	0
chr1	113868367	114746862	18
chr1	114746862	114801514	0
chr1	114801514	116526920	18
chr1	116526920	118186483	16
chr1	118186483	121185034	0
chr1	121185034	121291080	0
chr1	121291080	125000000	0
chr1	125000000	143458436	0
chr1	143458436	144527676	0
chr1	144527676	145386254	0
chr1	145386254	149255799	0
chr1	149255799	149834798	0
chr1	149834798	152856193	0
chr1	152856193	152979258	0
chr1	152979258	153191794	0
chr1	153191794	153250731	0
chr1	153250731	155253522	0
chr1	155253522	158207057	0
chr1	158207057	158313222	0
chr1	158313222	162881278	0
chr1	162881278	162933215	0
chr1	162933215	163809199	0
chr1	163809199	166568705	0
chr1	166568705	167795127	0
chr1	167795127	167918828	0
chr1	167918828	169585047	0
chr1	169585047	171491621	0
chr1	171491621	172153245	0
chr1	172153245	172209427	0
chr1	172209427	173597243	0
chr1	173597243	174472140	0
chr1	174472140	174506579	0
chr1	174506579	174987046	1
chr1	174987046	176051538	0
chr1	176051538	176161380	0
chr1	176161380	176761738	0
chr1	176761738	177744013	0
chr1	177744013	177933068	0
chr1	177933068	179800493	0
chr1	179800493	182935212	0
chr1	182935212	183271207	0
chr1	183271207	183303180	0
chr1	183303180	187520715	0
chr1	187520715	189508302	0
chr1	189508302	192384886	0
chr1	192384886	200789160	0
chr1	200789160	203761823	0
chr1	203761823	203918036	0
chr1	203918036	206508400	0
chr1	206508400	207327196	0
chr1	207327196	209745006	13
chr1	209745006	209839590	0
chr1	209839590	218587072	13
chr1	218587072	218686904	0
chr1	218686904	223481124	13
chr1	223481124	224256093	5
chr1	224256093	224411289	0
chr1	224411289	224588601	0
chr1	224588601	227936992	13
chr1	227936992	230516522	0
chr1	230516522	232594411	13
chr1	232594411	232677503	0
chr1	232677503	236454946	13
chr1	236454946	236536247	0
chr1	236536247	237375389	13
chr1	237375389	247292531	16
chr1	247292531	249250621	0
chr2	0	19089623	5
chr2	19089623	19320223	0
chr2	19320223	19813813	0
chr2	19813813	19997951	25
chr2	19997951	20317602	17
chr2	20317602	21851627	25
chr2	21851627	22174099	0
chr2	22174099	23630998	25
chr2	23630998	23871292	17
chr2	23871292	26060892	25
chr2	26060892	26077186	0
chr2	26077186	30859740	0
chr2	30859740	32163804	21
chr2	32163804	32584312	7
chr2	32584312	35889399	21
chr2	35889399	38040545	13
chr2	38040545	38181431	0
chr2	38181431	39027347	13
chr2	39027347	39246568	21
chr2	39246568	39483431	13
chr2	39483431	42633249	21
chr2	42633249	42828325	7
chr2	42828325	47538695	21
chr2	47538695	47697978	7
chr2	47697978	47889331	21
chr2	47889331	48110791	7
chr2	48110791	49616470	21
chr2	49616470	49698261	0
chr2	49698261	50626114	21
chr2	50626114	60270985	13
chr2	60270985	61666549	0
chr2	61666549	62006204	0
chr2	62006204	62042449	0
chr2	62042449	63031292	13
chr2	63031292	63141799	39
chr2	63141799	65351817	13
chr2	65351817	65465459	0
chr2	65465459	67429190	13
chr2	67429190	67651895	21
chr2	67651895	67851794	13
chr2	67851794	70266797	0
chr2	70266797	70492634	0
chr2	70492634	71036446	0
chr2	71036446	71398812	0
chr2	71398812	75885669	0
chr2	75885669	77973549	0
chr2	77973549	78055193	0
chr2	78055193	80780924	0
chr2	80780924	80831029	0
chr2	80831029	85580057	0
chr2	85580057	85701660	0
chr2	85701660	91627978	0
chr2	91627978	91704724	0
chr2	91704724	92089051	0
chr2	92089051	92193296	0
chr2	92193296	92275027	0
chr2	92275027	93300000	7
chr2	93300000	97624834	0
chr2	97624834	97832353	0
chr2	97832353	98197009	0
chr2	98197009	99742491	0
chr2	99742491	104385099	0
chr2	104385099	104521125	0
chr2	104521125	109073022	0
chr2	109073022	112415706	0
chr2	112415706	113444584	0
chr2	113444584	120383500	0
chr2	120383500	128707938	0
chr2	128707938	128867389	0
chr2	128867389	128960405	0
chr2	128960405	135972182	2
chr2	135972182	139266523	0
chr2	139266523	140884228	0
chr2	140884228	141387789	0
chr2	141387789	141420218	0
chr2	141420218	141421062	0
chr2	141421062	141706582	0
chr2	141706582	142014612	16
chr2	142014612	142068980	8
chr2	142068980	142692934	0
chr2	142692934	143110356	0
chr2	143110356	143320951	0
chr2	143320951	146863238	0
chr2	146863238	146866854	0
chr2	146866854	152397296	0
chr2	152397296	153782144	0
chr2	153782144	153972474	0
chr2	153972474	154276875	0
chr2	154276875	154602651	0
chr2	154602651	157533540	0
chr2	157533540	157534519	0
chr2	157534519	159315782	0
chr2	159315782	164711142	0
chr2	164711142	167543853	0
chr2	167543853	168773435	0
chr2	168773435	170384577	0
chr2	170384577	170472426	0
chr2	170472426	173806966	0
chr2	173806966	174840448	0
chr2	174840448	181738827	0
chr2	181738827	184673379	0
chr2	184673379	185971389	0
chr2	185971389	186217716	0
chr2	186217716	186785832	0
chr2	186785832	189806307	0
chr2	189806307	189848630	0
chr2	189848630	189965565	0
chr2	189965565	190309384	0
chr2	190309384	191016476	0
chr2	191016476	191360716	0
chr2	191360716	191564964	0
chr2	191564964	191722235	0
chr2	191722235	191854453	0
chr2	191854453	194679904	0
chr2	194679904	196637169	0
chr2	196637169	203069398	0
chr2	203069398	204202731	0
chr2	204202731	208999100	0
chr2	208999100	209063487	0
chr2	209063487	217032025	0
chr2	217032025	217257958	0
chr2	217257958	217756983	0
chr2	217756983	218852039	0
chr2	218852039	219079263	0
chr2	219079263	229948848	0
chr2	229948848	230065224	0
chr2	230065224	236317554	0
chr2	236317554	238577884	0
chr2	238577884	239278666	0
chr2	239278666	239500651	0
chr2	239500651	243199373	0
chr3	0	11639931	0
chr3	11639931	11651839	14
chr3	11651839	18919212	0
chr3	18919212	19234215	0
chr3	19234215	19440301	0
chr3	19440301	23904874	0
chr3	23904874	24624899	0
chr3	24624899	24982753	0
chr3	24982753	26612137	0
chr3	26612137	26616020	0
chr3	26616020	27467906	0
chr3	27467906	31958533	0
chr3	31958533	32471102	0
chr3	32471102	32672483	0
chr3	32672483	32687890	0
chr3	32687890	32840816	0
chr3	32840816	33101111	0
chr3	33101111	47721582	0
chr3	47721582	48152949	0
chr3	48152949	50132434	0
chr3	50132434	55557879	8
chr3	55557879	56589233	0
chr3	56589233	57229022	0
chr3	57229022	59019091	0
chr3	59019091	60426234	8
chr3	60426234	60512802	0
chr3	60512802	63356016	8
chr3	63356016	64372507	0
chr3	64372507	64418082	0
chr3	64418082	65625084	0
chr3	65625084	72004310	8
chr3	72004310	73198696	0
chr3	73198696	74943778	0
chr3	74943778	84871422	0
chr3	84871422	85616390	0
chr3	85616390	89420352	0
chr3	89420352	90137970	0
chr3	90137970	91000000	0
chr3	91000000	93543006	0
chr3	93543006	93548479	0
chr3	93548479	93588564	0
chr3	93588564	93705493	0
chr3	93705493	93720625	0
chr3	93720625	93769215	0
chr3	93769215	96925560	0
chr3	96925560	97058062	0
chr3	97058062	101847172	0
chr3	101847172	102029359	0
chr3	102029359	104760858	0
chr3	104760858	105419369	12
chr3	105419369	106778255	0
chr3	106778255	107283509	0
chr3	107283509	107352799	0
chr3	107352799	107591196	0
chr3	107591196	107754354	0
chr3	107754354	107969313	0
chr3	107969313	108944655	0
chr3	108944655	109199781	0
chr3	109199781	110209578	0
chr3	110209578	110374486	0
chr3	110374486	112112749	0
chr3	112112749	114113075	0
chr3	114113075	115874587	0
chr3	115874587	116488267	0
chr3	116488267	117430401	0
chr3	117430401	117635989	21
chr3	117635989	124290949	0
chr3	124290949	125539111	0
chr3	125539111	128311925	0
chr3	128311925	128429016	0
chr3	128429016	128446302	0
chr3	128446302	129791189	0
chr3	129791189	129905844	0
chr3	129905844	138502804	0
chr3	138502804	138625611	0
chr3	138625611	142093058	0
chr3	142093058	142604190	0
chr3	142604190	144294872	0
chr3	144294872	144484510	0
chr3	144484510	145296225	0
chr3	145296225	145458383	0
chr3	145458383	152595809	0
chr3	152595809	152769861	0
chr3	152769861	152864100	0
chr3	152864100	157314131	0
chr3	157314131	162489666	0
chr3	162489666	162510463	0
chr3	162510463	162512698	0
chr3	162512698	162625988	0
chr3	162625988	162626284	0
chr3	162626284	162655246	0
chr3	162655246	163071525	0
chr3	163071525	167279464	0
chr3	167279464	167595919	0
chr3	167595919	168686609	0
chr3	168686609	168786800	0
chr3	168786800	169410466	0
chr3	169410466	169717695	0
chr3	169717695	169802543	0
chr3	169802543	169890262	0
chr3	169890262	169922744	0
chr3	169922744	170064054	0
chr3	170064054	174666554	0
chr3	174666554	174857107	0
chr3	174857107	176367546	0
chr3	176367546	176562841	0
chr3	176562841	176611711	0
chr3	176611711	177742999	0
chr3	177742999	177876532	0
chr3	177876532	179718398	0
chr3	179718398	181564393	0
chr3	181564393	181763784	0
chr3	181763784	183912495	0
chr3	183912495	184091306	0
chr3	184091306	186557329	0
chr3	186557329	186699461	0
chr3	186699461	187510806	0
chr3	187510806	187630613	0
chr3	187630613	188218915	0
chr3	188218915	188261647	0
chr3	188261647	188327003	0
chr3	188327003	189639309	0
chr3	189639309	191715041	0
chr3	191715041	192826538	0
chr3	192826538	192886953	0
chr3	192886953	197679947	0
chr3	197679947	197869551	0
chr3	197869551	198022430	15
chr4	0	69623	81
chr4	69623	79627	73
chr4	79627	646395	61
chr4	646395	3438991	35
chr4	3438991	4391897	9
chr4	4391897	5631650	35
chr4	5631650	6471562	61
chr4	6471562	6528995	9
chr4	6528995	10210348	61
chr4	10210348	10234240	35
chr4	10234240	10988130	61
chr4	10988130	13063824	35
chr4	13063824	25507837	61
chr4	25507837	25623269	47
chr4	25623269	37078696	61
chr4	37078696	44573233	69
chr4	44573233	47002152	61
chr4	47002152	47318212	35
chr4	47318212	47620220	61
chr4	47620220	49115038	42
chr4	49115038	49309867	65
chr4	49309867	50400000	25
chr4	50400000	52696792	1
chr4	52696792	52860746	0
chr4	52860746	52863061	7
chr4	52863061	56505676	21
chr4	56505676	65703649	41
chr4	65703649	66615266	15
chr4	66615266	68784010	41
chr4	68784010	70125577	15
chr4	70125577	70237630	0
chr4	70237630	73126933	15
chr4	73126933	73502195	41
chr4	73502195	73933932	0
chr4	73933932	75507605	41
chr4	75507605	75845604	15
chr4	75845604	77540765	41
chr4	77540765	77555749	43
chr4	77555749	82322908	68
chr4	82322908	85189734	80
chr4	85189734	86292373	53
chr4	86292373	90880464	80
chr4	90880464	91340251	88
chr4	91340251	93800915	80
chr4	93800915	97574665	53
chr4	97574665	106880509	80
chr4	106880509	107068507	61
chr4	107068507	107432736	53
chr4	107432736	108707790	61
chr4	108707790	110492518	35
chr4	110492518	122237622	61
chr4	122237622	123534733	69
chr4	123534733	127377126	49
chr4	127377126	130862520	66
chr4	130862520	131211986	39
chr4	131211986	151932855	66
chr4	151932855	152067118	52
chr4	152067118	155708009	66
chr4	155708009	160976070	39
chr4	160976070	161287633	66
chr4	161287633	161873926	39
chr4	161873926	161884754	23
chr4	161884754	163255327	39
chr4	163255327	164332346	13
chr4	164332346	165945039	39
chr4	165945039	166106749	25
chr4	166106749	166381405	39
chr4	166381405	169785732	66
chr4	169785732	169846698	39
chr4	169846698	181976094	66
chr4	181976094	182273098	66
chr4	182273098	184921150	66
chr4	184921150	185196919	39
chr4	185196919	191154276	66
chr5	0	1522369	0
chr5	1522369	7990909	0
chr5	7990909	8509939	0
chr5	8509939	11720760	0
chr5	11720760	11793201	0
chr5	11793201	17040114	0
chr5	17040114	17145744	0
chr5	17145744	24740567	0
chr5	24740567	26476816	0
chr5	26476816	28237526	0
chr5	28237526	34118627	0
chr5	34118627	34243765	0
chr5	34243765	36006041	0
chr5	36006041	43524226	0
chr5	43524226	45878132	0
chr5	45878132	46062051	0
chr5	46062051	46144332	0
chr5	46144332	46383335	0
chr5	46383335	48400000	0
chr5	48400000	49520000	20
chr5	49520000	49573133	3
chr5	49573133	49696127	14
chr5	49696127	50215202	28
chr5	50215202	51879881	30
chr5	51879881	52010966	44
chr5	52010966	53991662	17
chr5	53991662	58539092	44
chr5	58539092	59415102	54
chr5	59415102	60319716	27
chr5	60319716	79135669	54
chr5	79135669	79652741	27
chr5	79652741	79704402	80
chr5	79704402	80854225	27
chr5	80854225	83930963	54
chr5	83930963	87305207	27
chr5	87305207	88804733	54
chr5	88804733	88875622	27
chr5	88875622	94776698	54
chr5	94776698	96694607	49
chr5	96694607	96789650	23
chr5	96789650	106006040	49
chr5	106006040	109772193	41
chr5	109772193	109885720	15
chr5	109885720	113164660	41
chr5	113164660	113954052	49
chr5	113954052	114420932	23
chr5	114420932	118401754	15
chr5	118401754	118513069	6
chr5	118513069	120576966	32
chr5	120576966	125054858	18
chr5	125054858	125887953	10
chr5	125887953	126130630	0
chr5	126130630	126159001	4
chr5	126159001	128255639	18
chr5	128255639	128315026	4
chr5	128315026	132278400	18
chr5	132278400	132439889	4
chr5	132439889	133922767	18
chr5	133922767	134247360	4
chr5	134247360	135205841	18
chr5	135205841	137148669	0
chr5	137148669	138744488	18
chr5	138744488	139017711	30
chr5	139017711	148750956	18
chr5	148750956	151361206	0
chr5	151361206	152043997	18
chr5	152043997	152570152	0
chr5	152570152	153019188	0
chr5	153019188	166886578	0
chr5	166886578	167018829	0
chr5	167018829	167153968	0
chr5	167153968	171614236	0
chr5	171614236	171756784	0
chr5	171756784	175570927	0
chr5	175570927	175603987	0
chr5	175603987	176398609	0
chr5	176398609	176718860	0
chr5	176718860	177143001	0
chr5	177143001	177585404	0
chr5	177585404	179795812	0
chr5	179795812	180170835	0
chr5	180170835	180915260	0
chr6	0	294459	0
chr6	294459	377826	11
chr6	377826	4645769	0
chr6	4645769	6785671	0
chr6	6785671	6826519	0
chr6	6826519	8398388	0
chr6	8398388	8479866	0
chr6	8479866	11612725	0
chr6	11612725	12767237	0
chr6	12767237	13330281	0
chr6	13330281	19745322	0
chr6	19745322	21118684	0
chr6	21118684	21546123	0
chr6	21546123	21724278	0
chr6	21724278	22351733	0
chr6	22351733	23118471	0
chr6	23118471	26553866	0
chr6	26553866	26977644	0
chr6	26977644	27567183	0
chr6	27567183	27673060	0
chr6	27673060	27735553	0
chr6	27735553	28269272	0
chr6	28269272	30578191	0
chr6	30578191	32074062	0
chr6	32074062	32307442	0
chr6	32307442	32354349	0
chr6	32354349	33436041	0
chr6	33436041	33620870	0
chr6	33620870	33876701	0
chr6	33876701	33997975	0
chr6	33997975	39128700	0
chr6	39128700	40052883	0
chr6	40052883	40183676	8
chr6	40183676	40377782	0
chr6	40377782	40449275	8
chr6	40449275	43316687	0
chr6	43316687	43553672	0
chr6	43553672	46052289	0
chr6	46052289	48965467	0
chr6	48965467	50164665	0
chr6	50164665	50187699	0
chr6	50187699	51010257	0
chr6	51010257	58454586	0
chr6	58454586	58774716	0
chr6	58774716	61000000	0
chr6	61000000	62235758	0
chr6	62235758	62262967	0
chr6	62262967	63906639	2
chr6	63906639	69307090	15
chr6	69307090	71488947	18
chr6	71488947	73001238	0
chr6	73001238	73968138	0
chr6	73968138	74380536	0
chr6	74380536	75224569	0
chr6	75224569	75818735	22
chr6	75818735	81508893	0
chr6	81508893	88195128	22
chr6	88195128	95662921	30
chr6	95662921	95878690	2
chr6	95878690	109003283	30
chr6	109003283	109169648	3
chr6	109169648	109585052	30
chr6	109585052	109686862	3
chr6	109686862	117677495	30
chr6	117677495	117811553	22
chr6	117811553	126001208	30
chr6	126001208	127402433	3
chr6	127402433	127457544	30
chr6	127457544	128441567	51
chr6	128441567	128619035	24
chr6	128619035	129346998	51
chr6	129346998	129444130	43
chr6	129444130	131241083	51
chr6	131241083	131441752	24
chr6	131441752	137063476	51
chr6	137063476	139724607	54
chr6	139724607	140359691	28
chr6	140359691	143043919	54
chr6	143043919	143178520	46
chr6	143178520	145376232	54
chr6	145376232	145936695	38
chr6	145936695	147807488	54
chr6	147807488	148096180	28
chr6	148096180	151366520	54
chr6	151366520	154274269	28
chr6	154274269	154380181	20
chr6	154380181	156550849	28
chr6	156550849	157776284	54
chr6	157776284	158274881	28
chr6	158274881	159212776	20
chr6	159212776	159823863	28
chr6	159823863	161717140	54
chr6	161717140	171115067	80
chr7	0	761642	0
chr7	761642	802531	0
chr7	802531	1190844	0
chr7	1190844	1960803	0
chr7	1960803	4255450	0
chr7	4255450	4351180	0
chr7	4351180	4981219	0
chr7	4981219	5786961	0
chr7	5786961	9289566	0
chr7	9289566	9375586	0
chr7	9375586	13853681	0
chr7	13853681	14436573	0
chr7	14436573	14573582	0
chr7	14573582	16434256	0
chr7	16434256	16544544	0
chr7	16544544	16846997	0
chr7	16846997	17085629	0
chr7	17085629	20798049	0
chr7	20798049	20956682	0
chr7	20956682	21323243	8
chr7	21323243	23354827	0
chr7	23354827	26079580	8
chr7	26079580	26269336	0
chr7	26269336	32965006	8
chr7	32965006	33079538	0
chr7	33079538	36889252	8
chr7	36889252	36956980	22
chr7	36956980	37417401	8
chr7	37417401	37610429	0
chr7	37610429	40267207	8
chr7	40267207	40367889	0
chr7	40367889	40424438	0
chr7	40424438	46293172	0
chr7	46293172	46818560	0
chr7	46818560	46899111	0
chr7	46899111	48152877	0
chr7	48152877	48842820	0
chr7	48842820	53956847	0
chr7	53956847	53996354	0
chr7	53996354	56716305	0
chr7	56716305	59900000	0
chr7	59900000	61072037	0
chr7	61072037	62443302	0
chr7	62443302	70133492	0
chr7	70133492	70873345	0
chr7	70873345	72876358	0
chr7	72876358	73940195	0
chr7	73940195	75431800	0
chr7	75431800	76053922	0
chr7	76053922	77151435	0
chr7	77151435	77220173	21
chr7	77220173	77372353	7
chr7	77372353	80812951	21
chr7	80812951	81085550	13
chr7	81085550	82358873	21
chr7	82358873	90112483	0
chr7	90112483	90476423	0
chr7	90476423	90945150	0
chr7	90945150	91856614	21
chr7	91856614	92411130	47
chr7	92411130	93573473	21
chr7	93573473	97311008	0
chr7	97311008	97873900	21
chr7	97873900	98142673	7
chr7	98142673	99654902	21
chr7	99654902	100537268	7
chr7	100537268	101115610	0
chr7	101115610	101332587	0
chr7	101332587	101644327	0
chr7	101644327	102101741	0
chr7	102101741	104820012	0
chr7	104820012	104944219	0
chr7	104944219	105204245	0
chr7	105204245	108687233	0
chr7	108687233	113527056	0
chr7	113527056	115765385	0
chr7	115765385	118536667	0
chr7	118536667	118690659	0
chr7	118690659	126085828	0
chr7	126085828	126482873	0
chr7	126482873	129542946	0
chr7	129542946	129673241	0
chr7	129673241	131610597	0
chr7	131610597	131792359	0
chr7	131792359	132537446	0
chr7	132537446	133778651	0
chr7	133778651	133798551	0
chr7	133798551	134479687	0
chr7	134479687	134611253	0
chr7	134611253	134987449	0
chr7	134987449	135193430	0
chr7	135193430	135892962	0
chr7	135892962	136944542	0
chr7	136944542	138284110	0
chr7	138284110	138478410	0
chr7	138478410	139140503	0
chr7	139140503	140027133	0
chr7	140027133	140391244	0
chr7	140391244	140658301	0
chr7	140658301	143527647	0
chr7	143527647	143782292	7
chr7	143782292	145694469	0
chr7	145694469	148677767	7
chr7	148677767	148877675	0
chr7	148877675	152116282	7
chr7	152116282	152425260	0
chr7	152425260	157978721	7
chr7	157978721	158528590	0
chr7	158528590	159138663	7
chr8	0	365887	18
chr8	365887	674244	0
chr8	674244	2179927	18
chr8	2179927	2246583	32
chr8	2246583	4669718	18
chr8	4669718	4707520	0
chr8	4707520	6445568	18
chr8	6445568	6791986	10
chr8	6791986	6840001	24
chr8	6840001	7254335	32
chr8	7254335	9561661	43
chr8	9561661	10684296	29
chr8	10684296	10751952	43
chr8	10751952	11657849	29
chr8	11657849	11702163	18
chr8	11702163	12226259	10
chr8	12226259	12241174	37
chr8	12241174	12247381	45
chr8	12247381	12247447	32
chr8	12247447	13869020	43
chr8	13869020	15159509	17
chr8	15159509	17320479	43
chr8	17320479	17539802	17
chr8	17539802	24070100	43
chr8	24070100	24975039	17
chr8	24975039	24987712	0
chr8	24987712	26351571	17
chr8	26351571	28438024	43
chr8	28438024	28535439	29
chr8	28535439	31145876	43
chr8	31145876	37061867	35
chr8	37061867	37818204	12
chr8	37818204	38106145	0
chr8	38106145	39530043	12
chr8	39530043	39764842	0
chr8	39764842	40181981	12
chr8	40181981	40191217	1
chr8	40191217	40904015	12
chr8	40904015	43430222	1
chr8	43430222	43762681	0
chr8	43762681	45600000	1
chr8	45600000	46924211	0
chr8	46924211	47016018	0
chr8	47016018	47892092	0
chr8	47892092	48467103	0
chr8	48467103	49118330	0
chr8	49118330	55033847	0
chr8	55033847	55139282	0
chr8	55139282	55141441	0
chr8	55141441	55360907	0
chr8	55360907	61349869	0
chr8	61349869	66535258	0
chr8	66535258	74409333	0
chr8	74409333	76440129	0
chr8	76440129	76656956	0
chr8	76656956	82956912	16
chr8	82956912	83165772	0
chr8	83165772	84802476	16
chr8	84802476	85008636	24
chr8	85008636	85396471	16
chr8	85396471	89687595	24
chr8	89687595	93079036	21
chr8	93079036	94284049	7
chr8	94284049	95573448	4
chr8	95573448	98777642	0
chr8	98777642	98828343	0
chr8	98828343	100836631	0
chr8	100836631	101524482	0
chr8	101524482	102337818	0
chr8	102337818	104229276	4
chr8	104229276	106044900	4
chr8	106044900	106437475	0
chr8	106437475	106915229	4
chr8	106915229	107193266	0
chr8	107193266	107331096	0
chr8	107331096	108532309	0
chr8	108532309	109698052	0
chr8	109698052	113411564	0
chr8	113411564	115175243	0
chr8	115175243	115205363	8
chr8	115205363	116091156	0
chr8	116091156	118265534	0
chr8	118265534	119126579	0
chr8	119126579	119224429	0
chr8	119224429	119538367	0
chr8	119538367	120711041	0
chr8	120711041	122987257	0
chr8	122987257	123135434	0
chr8	123135434	129741323	0
chr8	129741323	129979761	0
chr8	129979761	134040410	0
chr8	134040410	134196478	0
chr8	134196478	138699035	0
chr8	138699035	139737409	0
chr8	139737409	141375767	0
chr8	141375767	142564502	0
chr8	142564502	142918573	0
chr8	142918573	143199742	0
chr8	143199742	144323648	0
chr8	144323648	144713392	0
chr8	144713392	144838800	0
chr8	144838800	145255251	0
chr8	145255251	145508486	0
chr8	145508486	146364022	0
chr9	0	2985650	0
chr9	2985650	5024466	0
chr9	5024466	5047324	2
chr9	5047324	5494471	0
chr9	5494471	6576805	0
chr9	6576805	6784796	0
chr9	6784796	10777276	0
chr9	10777276	10840412	0
chr9	10840412	10953865	0
chr9	10953865	11226316	0
chr9	11226316	12502168	0
chr9	12502168	12569946	0
chr9	12569946	13543024	0
chr9	13543024	19078612	0
chr9	19078612	19299982	0
chr9	19299982	19593844	0
chr9	19593844	21249769	0
chr9	21249769	21601975	0
chr9	21601975	22343186	0
chr9	22343186	23308958	0
chr9	23308958	25028262	0
chr9	25028262	25390798	0
chr9	25390798	29600133	0
chr9	29600133	29764706	0
chr9	29764706	32040609	0
chr9	32040609	32099984	0
chr9	32099984	32132407	0
chr9	32132407	33814401	0
chr9	33814401	34329077	0
chr9	34329077	36223362	0
chr9	36223362	36572644	0
chr9	36572644	38418827	0
chr9	38418827	38505765	0
chr9	38505765	45977049	0
chr9	45977049	46906975	25
chr9	46906975	49000000	0
chr9	49000000	66630502	2
chr9	66630502	68187200	0
chr9	68187200	75038521	2
chr9	75038521	75089875	0
chr9	75089875	75865258	2
chr9	75865258	76055619	0
chr9	76055619	77952541	2
chr9	77952541	79085325	0
chr9	79085325	79116390	0
chr9	79116390	79182439	0
chr9	79182439	79585311	0
chr9	79585311	79606965	0
chr9	79606965	79944705	2
chr9	79944705	80179157	0
chr9	80179157	80281878	2
chr9	80281878	80654696	0
chr9	80654696	80757914	2
chr9	80757914	87383583	0
chr9	87383583	88407736	0
chr9	88407736	88800721	0
chr9	88800721	93960555	0
chr9	93960555	94269517	0
chr9	94269517	94306003	0
chr9	94306003	94864244	0
chr9	94864244	95275170	0
chr9	95275170	96650739	0
chr9	96650739	105643150	7
chr9	105643150	105868137	0
chr9	105868137	109875860	7
chr9	109875860	110013600	0
chr9	110013600	114948221	7
chr9	114948221	122120376	10
chr9	122120376	122918719	13
chr9	122918719	125913290	40
chr9	125913290	131015459	53
chr9	131015459	131277112	27
chr9	131277112	131450975	1
chr9	131450975	132449741	27
chr9	132449741	132569413	13
chr9	132569413	132596419	40
chr9	132596419	134185538	53
chr9	134185538	134298750	40
chr9	134298750	139629170	53
chr9	139629170	140612765	42
chr9	140612765	141213431	53
chr10	0	4947857	29
chr10	4947857	5389007	3
chr10	5389007	8034609	0
chr10	8034609	10775215	0
chr10	10775215	11957241	21
chr10	11957241	12416368	7
chr10	12416368	17558926	21
chr10	17558926	18158750	0
chr10	18158750	21506235	21
chr10	21506235	21900485	7
chr10	21900485	21911948	0
chr10	21911948	22122653	0
chr10	22122653	22544377	21
chr10	22544377	25697716	0
chr10	25697716	26131492	0
chr10	26131492	26314925	0
chr10	26314925	26601693	0
chr10	26601693	27829233	0
chr10	27829233	28107890	0
chr10	28107890	32267661	0
chr10	32267661	35208679	0
chr10	35208679	35277103	0
chr10	35277103	36133927	0
chr10	36133927	40200000	0
chr10	40200000	42858908	1
chr10	42858908	43910131	0
chr10	43910131	44068691	0
chr10	44068691	44838234	0
chr10	44838234	50616915	1
chr10	50616915	51073998	0
chr10	51073998	51780328	1
chr10	51780328	52629236	0
chr10	52629236	58294383	1
chr10	58294383	58439355	0
chr10	58439355	64827747	1
chr10	64827747	67346421	0
chr10	67346421	68859782	1
chr10	68859782	69330237	0
chr10	69330237	69549718	1
chr10	69549718	70608989	0
chr10	70608989	72489644	1
chr10	72489644	72595385	0
chr10	72595385	74077477	1
chr10	74077477	75973616	0
chr10	75973616	77159203	1
chr10	77159203	77516329	27
chr10	77516329	78847565	1
chr10	78847565	79804416	0
chr10	79804416	81428922	1
chr10	81428922	81652317	12
chr10	81652317	82715757	13
chr10	82715757	82830098	0
chr10	82830098	83535452	13
chr10	83535452	83583706	0
chr10	83583706	83666804	0
chr10	83666804	83793772	5
chr10	83793772	84735459	13
chr10	84735459	89630717	27
chr10	89630717	89704633	24
chr10	89704633	93825949	27
chr10	93825949	93963917	35
chr10	93963917	94340573	21
chr10	94340573	96106356	35
chr10	96106356	96294842	21
chr10	96294842	97432319	35
chr10	97432319	103913920	38
chr10	103913920	104898159	12
chr10	104898159	105161422	0
chr10	105161422	105932397	12
chr10	105932397	106279421	38
chr10	106279421	112047392	64
chr10	112047392	120818841	56
chr10	120818841	120968473	42
chr10	120968473	122335468	56
chr10	122335468	126472400	4
chr10	126472400	126615661	0
chr10	126615661	127855140	4
chr10	127855140	130152208	30
chr10	130152208	130495808	38
chr10	130495808	130532803	50
chr10	130532803	130852552	38
chr10	130852552	131074613	50
chr10	131074613	131383036	38
chr10	131383036	134533771	12
chr10	134533771	134791496	0
chr10	134791496	135534747	26
chr11	0	825486	69
chr11	825486	3088532	43
chr11	3088532	5896728	16
chr11	5896728	6817036	0
chr11	6817036	9232332	22
chr11	9232332	9408254	8
chr11	9408254	10622035	22
chr11	10622035	11047791	0
chr11	11047791	11323280	22
chr11	11323280	13392236	7
chr11	13392236	13463218	0
chr11	13463218	14293061	0
chr11	14293061	19738771	0
chr11	19738771	20522556	0
chr11	20522556	20669912	0
chr11	20669912	21664971	0
chr11	21664971	22292216	0
chr11	22292216	25474843	0
chr11	25474843	26217412	0
chr11	26217412	26724495	0
chr11	26724495	27985280	0
chr11	27985280	29688265	0
chr11	29688265	30374835	1
chr11	30374835	30735242	0
chr11	30735242	32566032	1
chr11	32566032	37511495	0
chr11	37511495	38916142	1
chr11	38916142	39072759	0
chr11	39072759	45445520	1
chr11	45445520	47129905	0
chr11	47129905	47663148	0
chr11	47663148	47909320	0
chr11	47909320	48744745	0
chr11	48744745	48965768	0
chr11	48965768	50253153	1
chr11	50253153	50410368	0
chr11	50410368	51441936	0
chr11	51441936	51563636	0
chr11	51563636	53700000	2
chr11	53700000	54789042	0
chr11	54789042	54794667	0
chr11	54794667	55035374	0
chr11	55035374	55368686	0
chr11	55368686	55452944	0
chr11	55452944	55838118	0
chr11	55838118	56869527	0
chr11	56869527	57311306	0
chr11	57311306	57358694	0
chr11	57358694	57438937	0
chr11	57438937	61710609	0
chr11	61710609	61858659	0
chr11	61858659	63338641	0
chr11	63338641	63494720	0
chr11	63494720	64491931	0
chr11	64491931	68209777	0
chr11	68209777	69940093	0
chr11	69940093	71353309	0
chr11	71353309	71627538	0
chr11	71627538	72750331	0
chr11	72750331	73696146	0
chr11	73696146	73755405	0
chr11	73755405	81671793	0
chr11	81671793	88430949	0
chr11	88430949	94992715	0
chr11	94992715	104919381	0
chr11	104919381	104978805	0
chr11	104978805	106487395	0
chr11	106487395	108871864	0
chr11	108871864	113794542	0
chr11	113794542	124916154	0
chr11	124916154	124986223	0
chr11	124986223	126401789	0
chr11	126401789	128346820	0
chr11	128346820	128389574	0
chr11	128389574	135006516	0
chr12	0	265322	0
chr12	265322	3631366	0
chr12	3631366	5336413	0
chr12	5336413	7819732	0
chr12	7819732	8146812	0
chr12	8146812	8558562	0
chr12	8558562	8582907	0
chr12	8582907	9633616	0
chr12	9633616	9735334	0
chr12	9735334	10846588	0
chr12	10846588	10926574	0
chr12	10926574	12475253	0
chr12	12475253	12548137	0
chr12	12548137	13105449	0
chr12	13105449	15023454	0
chr12	15023454	15545135	0
chr12	15545135	15601437	0
chr12	15601437	16484092	0
chr12	16484092	21614447	0
chr12	21614447	21750832	0
chr12	21750832	22290210	0
chr12	22290210	22985840	0
chr12	22985840	23124411	0
chr12	23124411	30550932	0
chr12	30550932	31475097	0
chr12	31475097	32244446	0
chr12	32244446	34241000	0
chr12	34241000	34588813	0
chr12	34588813	34756673	0
chr12	34756673	34759583	0
chr12	34759583	35800000	0
chr12	35800000	37857751	1
chr12	37857751	37959632	0
chr12	37959632	38365664	0
chr12	38365664	38393485	7
chr12	38393485	40009651	21
chr12	40009651	41945971	24
chr12	41945971	42378726	0
chr12	42378726	50533515	24
chr12	50533515	50613429	10
chr12	50613429	50949884	2
chr12	50949884	55482081	16
chr12	55482081	55656723	0
chr12	55656723	57698654	16
chr12	57698654	57840896	2
chr12	57840896	64627510	16
chr12	64627510	65024470	2
chr12	65024470	68811699	16
chr12	68811699	70238645	30
chr12	70238645	77997441	38
chr12	77997441	78293862	43
chr12	78293862	80057130	51
chr12	80057130	80178064	43
chr12	80178064	80242064	17
chr12	80242064	85569897	25
chr12	85569897	86594888	51
chr12	86594888	90901858	25
chr12	90901858	95858296	51
chr12	95858296	96118038	43
chr12	96118038	99141874	51
chr12	99141874	107255907	51
chr12	107255907	107417270	25
chr12	107417270	107657016	51
chr12	107657016	108486338	39
chr12	108486338	108963549	13
chr12	108963549	112894536	5
chr12	112894536	112926773	31
chr12	112926773	113470871	5
chr12	113470871	113739809	31
chr12	113739809	114277070	23
chr12	114277070	118977852	31
chr12	118977852	121895975	22
chr12	121895975	122803678	19
chr12	122803678	123041737	5
chr12	123041737	124127068	19
chr12	124127068	124180358	5
chr12	124180358	124913600	19
chr12	124913600	125140477	0
chr12	125140477	125486773	19
chr12	125486773	126282107	22
chr12	126282107	129960046	0
chr12	129960046	132126650	22
chr12	132126650	133851895	36
chr13	0	17900000	0
chr13	17900000	19123483	12
chr13	19123483	19290068	44
chr13	19290068	19409272	52
chr13	19409272	19954331	26
chr13	19954331	20067575	0
chr13	20067575	21244208	26
chr13	21244208	23373316	52
chr13	23373316	26773507	60
chr13	26773507	26835429	34
chr13	26835429	29822423	60
chr13	29822423	31211943	52
chr13	31211943	34969200	50
chr13	34969200	35934223	58
chr13	35934223	39880337	74
chr13	39880337	39990303	66
chr13	39990303	48769117	74
chr13	48769117	48956202	77
chr13	48956202	49048441	51
chr13	49048441	57569687	77
chr13	57569687	57713301	51
chr13	57713301	59814508	77
chr13	59814508	64030209	59
chr13	64030209	64181326	33
chr13	64181326	66373819	59
chr13	66373819	67904046	33
chr13	67904046	73337470	59
chr13	73337470	75610946	33
chr13	75610946	77984331	59
chr13	77984331	79073995	33
chr13	79073995	80716307	59
chr13	80716307	82347044	33
chr13	82347044	82607302	35
chr13	82607302	84650736	9
chr13	84650736	86711516	35
chr13	86711516	87004700	21
chr13	87004700	87314529	35
chr13	87314529	87852052	9
chr13	87852052	93248858	35
chr13	93248858	93305384	9
chr13	93305384	97880384	35
chr13	97880384	98140019	9
chr13	98140019	100649537	35
chr13	100649537	100810750	21
chr13	100810750	101087717	35
chr13	101087717	101151977	62
chr13	101151977	101152505	35
chr13	101152505	101297888	27
chr13	101297888	101360623	1
chr13	101360623	101511110	9
chr13	101511110	102952887	35
chr13	102952887	103103515	9
chr13	103103515	103338790	35
chr13	103338790	103486597	16
chr13	103486597	103748967	0
chr13	103748967	103975621	16
chr13	103975621	104040218	0
chr13	104040218	108331334	16
chr13	108331334	108370966	0
chr13	108370966	108641774	16
chr13	108641774	108668868	0
chr13	108668868	108712267	16
chr13	108712267	108923956	8
chr13	108923956	110145312	16
chr13	110145312	114057013	8
chr13	114057013	114100878	0
chr13	114100878	114275213	8
chr13	114275213	114852542	16
chr13	114852542	114956355	0
chr13	114956355	115024734	16
chr13	115024734	115169878	42
chr14	0	17600000	0
chr14	17600000	19108176	9
chr14	19108176	21732418	36
chr14	21732418	21827466	22
chr14	21827466	24181985	36
chr14	24181985	24909046	36
chr14	24909046	25925512	28
chr14	25925512	25970845	36
chr14	25970845	28592070	44
chr14	28592070	28666706	18
chr14	28666706	29110113	44
chr14	29110113	29274679	18
chr14	29274679	33940949	44
chr14	33940949	34923507	44
chr14	34923507	35609930	30
chr14	35609930	50034082	44
chr14	50034082	50403182	30
chr14	50403182	50940355	44
chr14	50940355	51054756	44
chr14	51054756	51096444	44
chr14	51096444	51167051	44
chr14	51167051	58566448	44
chr14	58566448	62577715	66
chr14	62577715	62717109	40
chr14	62717109	64011282	66
chr14	64011282	64332384	53
chr14	64332384	66231138	66
chr14	66231138	67519396	60
chr14	67519396	67648169	8
chr14	67648169	70173789	60
chr14	70173789	72787496	34
chr14	72787496	75323068	60
chr14	75323068	75765941	57
chr14	75765941	78061551	49
chr14	78061551	78319857	35
chr14	78319857	87563300	49
chr14	87563300	88039184	22
chr14	88039184	90442536	14
chr14	90442536	90885230	41
chr14	90885230	91150576	49
chr14	91150576	91522567	41
chr14	91522567	91669250	27
chr14	91669250	93352747	41
chr14	93352747	93441563	49
chr14	93441563	102667297	41
chr14	102667297	102777307	49
chr14	102777307	102891150	35
chr14	102891150	105085384	27
chr14	105085384	105914531	15
chr14	105914531	106001874	27
chr14	106001874	106877096	41
chr14	106877096	106920590	57
chr14	106920590	107199589	41
chr14	107199589	107349540	42
chr15	0	19000000	0
chr15	19000000	22753941	8
chr15	22753941	24426137	0
chr15	24426137	30501829	8
chr15	30501829	33518470	23
chr15	33518470	33791855	0
chr15	33791855	41310140	23
chr15	41310140	41777264	9
chr15	41777264	42828064	23
chr15	42828064	44535055	31
chr15	44535055	44939480	17
chr15	44939480	48086421	31
chr15	48086421	48442940	4
chr15	48442940	50610850	31
chr15	50610850	51115475	17
chr15	51115475	52575583	31
chr15	52575583	54663674	4
chr15	54663674	55373796	0
chr15	55373796	60428385	11
chr15	60428385	61065599	3
chr15	61065599	61912634	0
chr15	61912634	71943284	0
chr15	71943284	72262172	0
chr15	72262172	72560128	0
chr15	72560128	72814298	0
chr15	72814298	75688346	0
chr15	75688346	75693645	0
chr15	75693645	75928974	0
chr15	75928974	76200507	0
chr15	76200507	76884795	0
chr15	76884795	76898977	0
chr15	76898977	85125925	0
chr15	85125925	86294321	0
chr15	86294321	87816840	0
chr15	87816840	87877326	0
chr15	87877326	90429311	0
chr15	90429311	90804760	0
chr15	90804760	91203315	0
chr15	91203315	91787015	0
chr15	91787015	102531392	0
chr16	0	99112	29
chr16	99112	241092	3
chr16	241092	523295	0
chr16	523295	651562	3
chr16	651562	1338722	0
chr16	1338722	1707922	3
chr16	1707922	2486782	0
chr16	2486782	3523583	0
chr16	3523583	4546279	14
chr16	4546279	4860558	0
chr16	4860558	5928015	2
chr16	5928015	8442565	28
chr16	8442565	11873937	2
chr16	11873937	12081943	0
chr16	12081943	12729834	2
chr16	12729834	14779141	28
chr16	14779141	19642305	42
chr16	19642305	20004398	22
chr16	20004398	20873198	0
chr16	20873198	21305390	0
chr16	21305390	23532703	0
chr16	23532703	26437729	21
chr16	26437729	29698939	13
chr16	29698939	30628695	0
chr16	30628695	31938260	13
chr16	31938260	33674456	0
chr16	33674456	34197476	13
chr16	34197476	34565979	39
chr16	34565979	34620350	13
chr16	34620350	35183806	39
chr16	35183806	35205717	25
chr16	35205717	36600000	0
chr16	36600000	46491374	1
chr16	46491374	52061194	41
chr16	52061194	56639183	53
chr16	56639183	60041362	53
chr16	60041362	62623148	61
chr16	62623148	68816664	53
chr16	68816664	70769355	70
chr16	70769355	70821529	62
chr16	70821529	70840723	78
chr16	70840723	71143395	64
chr16	71143395	74967019	78
chr16	74967019	75037619	64
chr16	75037619	81602434	78
chr16	81602434	88364132	77
chr16	88364132	88490963	66
chr16	88490963	89480820	40
chr16	89480820	90354753	66
chr17	0	623681	70
chr17	623681	1363939	44
chr17	1363939	1842412	56
chr17	1842412	5085472	82
chr17	5085472	5246039	68
chr17	5246039	7111701	82
chr17	7111701	8889328	56
chr17	8889328	11236274	67
chr17	11236274	11432380	94
chr17	11432380	11554401	67
chr17	11554401	17126929	94
chr17	17126929	17236293	80
chr17	17236293	18357169	94
chr17	18357169	18464904	70
chr17	18464904	22235650	94
chr17	22235650	24000000	34
chr17	24000000	25311244	6
chr17	25311244	25313690	14
chr17	25313690	25363386	28
chr17	25363386	25749729	83
chr17	25749729	27236784	31
chr17	27236784	27660329	42
chr17	27660329	27801069	28
chr17	27801069	28149734	42
chr17	28149734	29326925	95
chr17	29326925	29710888	95
chr17	29710888	36733028	95
chr17	36733028	38505909	68
chr17	38505909	45537022	95
chr17	45537022	57158657	83
chr17	57158657	57403647	69
chr17	57403647	63444401	83
chr17	63444401	63519517	57
chr17	63519517	68009914	83
chr17	68009914	68431149	75
chr17	68431149	68489014	69
chr17	68489014	68881086	77
chr17	68881086	69755305	69
chr17	69755305	73829153	66
chr17	73829153	74024836	52
chr17	74024836	75807970	66
chr17	75807970	76848716	63
chr17	76848716	76963184	49
chr17	76963184	78811150	63
chr17	78811150	80045044	37
chr17	80045044	80477687	63
chr17	80477687	80716397	37
chr17	80716397	81195210	63
chr18	0	3510812	55
chr18	3510812	3679827	41
chr18	3679827	15307817	55
chr18	15307817	17200000	21
chr18	17200000	18560354	9
chr18	18560354	18609580	0
chr18	18609580	18611243	21
chr18	18611243	19312150	29
chr18	19312150	27142937	43
chr18	27142937	27378389	17
chr18	27378389	29297211	43
chr18	29297211	29486722	17
chr18	29486722	29629294	3
chr18	29629294	40171009	17
chr18	40171009	48010626	31
chr18	48010626	48520065	23
chr18	48520065	49356287	2
chr18	49356287	52004601	10
chr18	52004601	52861671	0
chr18	52861671	55698521	10
chr18	55698521	55967166	0
chr18	55967166	59151143	10
chr18	59151143	60119358	0
chr18	60119358	60195681	0
chr18	60195681	60289808	0
chr18	60289808	60604728	0
chr18	60604728	60717881	0
chr18	60717881	60805028	0
chr18	60805028	60853773	0
chr18	60853773	60899132	0
chr18	60899132	61055767	0
chr18	61055767	61460487	0
chr18	61460487	62352511	0
chr18	62352511	63782303	10
chr18	63782303	63874533	0
chr18	63874533	64813936	10
chr18	64813936	65034178	0
chr18	65034178	71471555	10
chr18	71471555	71511231	0
chr18	71511231	75070962	10
chr18	75070962	75271028	0
chr18	75271028	78077248	10
chr19	0	463132	92
chr19	463132	676972	78
chr19	676972	755391	70
chr19	755391	1219608	59
chr19	1219608	1324492	70
chr19	1324492	4010306	78
chr19	4010306	4996946	52
chr19	4996946	5165948	66
chr19	5165948	5690395	63
chr19	5690395	5873927	49
chr19	5873927	6317358	63
chr19	6317358	6658098	49
chr19	6658098	7013777	63
chr19	7013777	7838479	55
chr19	7838479	8435153	41
chr19	8435153	8771372	30
chr19	8771372	9102391	44
chr19	9102391	9104935	21
chr19	9104935	10219024	0
chr19	10219024	10753749	0
chr19	10753749	14306166	0
chr19	14306166	14708422	0
chr19	14708422	17962727	0
chr19	17962727	18311633	0
chr19	18311633	19492078	0
chr19	19492078	20318099	0
chr19	20318099	20892702	0
chr19	20892702	23922620	0
chr19	23922620	24324036	0
chr19	24324036	24521623	0
chr19	24521623	26500000	4
chr19	26500000	27828664	5
chr19	27828664	27838898	0
chr19	27838898	28055416	0
chr19	28055416	29202629	0
chr19	29202629	31490053	0
chr19	31490053	31528364	0
chr19	31528364	33020427	0
chr19	33020427	33088203	0
chr19	33088203	33408940	0
chr19	33408940	34038169	0
chr19	34038169	36853389	10
chr19	36853389	36945010	0
chr19	36945010	37225849	12
chr19	37225849	39755196	20
chr19	39755196	41608293	46
chr19	41608293	41654905	32
chr19	41654905	41730569	6
chr19	41730569	45175097	20
chr19	45175097	46435784	6
chr19	46435784	47130412	20
chr19	47130412	47405876	6
chr19	47405876	47470941	20
chr19	47470941	47486682	46
chr19	47486682	48468969	32
chr19	48468969	48739580	46
chr19	48739580	49455443	32
chr19	49455443	50376326	46
chr19	50376326	51886424	20
chr19	51886424	52137083	46
chr19	52137083	52560753	30
chr19	52560753	54937348	46
chr19	54937348	57582259	20
chr19	57582259	57735948	0
chr19	57735948	58513442	26
chr19	58513442	59128983	46
chr20	0	178928	0
chr20	178928	1558928	0
chr20	1558928	1561617	0
chr20	1561617	1582150	0
chr20	1582150	1598221	0
chr20	1598221	4985889	0
chr20	4985889	5077814	0
chr20	5077814	7178441	0
chr20	7178441	7252981	0
chr20	7252981	7806394	0
chr20	7806394	8225024	0
chr20	8225024	10539539	0
chr20	10539539	12239519	0
chr20	12239519	12611320	0
chr20	12611320	13367557	0
chr20	13367557	14866925	0
chr20	14866925	14974268	3
chr20	14974268	18071199	0
chr20	18071199	21074996	0
chr20	21074996	27500000	0
chr20	27500000	29471217	0
chr20	29471217	29529915	0
chr20	29529915	31337448	0
chr20	31337448	35597214	0
chr20	35597214	38183292	0
chr20	38183292	40024861	0
chr20	40024861	40739012	0
chr20	40739012	43408660	0
chr20	43408660	43932286	0
chr20	43932286	44844545	0
chr20	44844545	46010405	0
chr20	46010405	46241846	0
chr20	46241846	47428600	0
chr20	47428600	50286702	0
chr20	50286702	50612550	0
chr20	50612550	50720346	0
chr20	50720346	50865936	0
chr20	50865936	52086054	0
chr20	52086054	52363300	0
chr20	52363300	53419053	0
chr20	53419053	53902136	0
chr20	53902136	53998119	0
chr20	53998119	54326092	0
chr20	54326092	56108044	0
chr20	56108044	56823460	0
chr20	56823460	61831854	0
chr20	61831854	62030873	0
chr20	62030873	62530136	0
chr20	62530136	62644069	0
chr20	62644069	62871805	0
chr20	62871805	63025520	0
chr21	0	9764385	3
chr21	9764385	11039570	21
chr21	11039570	13200000	3
chr21	13200000	14446700	4
chr21	14446700	17363469	12
chr21	17363469	17440257	4
chr21	17440257	18453043	12
chr21	18453043	18667193	4
chr21	18667193	20665455	12
chr21	20665455	21162894	0
chr21	21162894	23047601	12
chr21	23047601	23247171	0
chr21	23247171	26475879	12
chr21	26475879	28497593	4
chr21	28497593	28808053	0
chr21	28808053	29051535	4
chr21	29051535	29093988	30
chr21	29093988	37707059	4
chr21	37707059	38729577	0
chr21	38729577	41479641	4
chr21	41479641	42048454	12
chr21	42048454	45870170	0
chr21	45870170	48064649	12
chr21	48064649	48129895	38
chr22	0	14700000	0
chr22	14700000	16151161	2
chr22	16151161	16629470	40
chr22	16629470	16683415	44
chr22	16683415	16875979	58
chr22	16875979	21934399	32
chr22	21934399	22114520	18
chr22	22114520	24205448	32
chr22	24205448	24206588	40
chr22	24206588	24510482	13
chr22	24510482	27483949	40
chr22	27483949	28568073	41
chr22	28568073	28733499	15
chr22	28733499	29458689	41
chr22	29458689	29495896	33
chr22	29495896	30350689	41
chr22	30350689	32111070	15
chr22	32111070	32199783	41
chr22	32199783	33261830	15
chr22	33261830	36772004	41
chr22	36772004	36840678	13
chr22	36840678	38065429	41
chr22	38065429	39350137	15
chr22	39350137	39405008	3
chr22	39405008	40070787	15
chr22	40070787	40861700	16
chr22	40861700	41395785	19
chr22	41395785	41477811	6
chr22	41477811	42073308	19
chr22	42073308	46686321	46
chr22	46686321	47243972	38
chr22	47243972	51141572	46
chr22	51141572	51304566	37
chrX	0	683862	23
chrX	683862	892488	3
chrX	892488	1477511	0
chrX	1477511	1791866	0
chrX	1791866	1837799	0
chrX	1837799	2311498	1
chrX	2311498	2341842	12
chrX	2341842	2384889	16
chrX	2384889	2583615	36
chrX	2583615	10302691	44
chrX	10302691	12474232	36
chrX	12474232	14230708	10
chrX	14230708	22800705	36
chrX	22800705	22901279	10
chrX	22901279	23578191	36
chrX	23578191	23919969	10
chrX	23919969	27709549	36
chrX	27709549	27864598	10
chrX	27864598	29842127	36
chrX	29842127	29914094	10
chrX	29914094	31794862	36
chrX	31794862	32205254	62
chrX	32205254	32485694	36
chrX	32485694	32608452	10
chrX	32608452	32627273	36
chrX	32627273	33126028	44
chrX	33126028	34194987	36
chrX	34194987	34247678	10
chrX	34247678	37704505	36
chrX	37704505	38574751	10
chrX	38574751	41984517	36
chrX	41984517	44325530	10
chrX	44325530	47111748	36
chrX	47111748	47300603	22
chrX	47300603	48368450	36
chrX	48368450	48532989	22
chrX	48532989	50353298	36
chrX	50353298	53332451	22
chrX	53332451	57785172	20
chrX	57785172	58321723	0
chrX	58321723	59331578	0
chrX	59331578	60600000	0
chrX	60600000	61818199	0
chrX	61818199	62057076	0
chrX	62057076	62161697	0
chrX	62161697	63123463	0
chrX	63123463	64516310	0
chrX	64516310	64601570	0
chrX	64601570	64676745	2
chrX	64676745	67536903	0
chrX	67536903	67764172	0
chrX	67764172	71526505	0
chrX	71526505	71953717	0
chrX	71953717	73569883	0
chrX	73569883	73752683	0
chrX	73752683	77714160	0
chrX	77714160	77976176	20
chrX	77976176	95391027	0
chrX	95391027	95443409	0
chrX	95443409	97439794	0
chrX	97439794	97531937	0
chrX	97531937	98626686	0
chrX	98626686	99731789	0
chrX	99731789	100006663	0
chrX	100006663	100741263	0
chrX	100741263	104496615	0
chrX	104496615	107810049	0
chrX	107810049	108309552	0
chrX	108309552	108442628	0
chrX	108442628	108709922	0
chrX	108709922	109085781	0
chrX	109085781	109274132	0
chrX	109274132	110126646	0
chrX	110126646	115601013	0
chrX	115601013	115775964	0
chrX	115775964	118840435	0
chrX	118840435	119072704	0
chrX	119072704	120811647	0
chrX	120811647	120935309	0
chrX	120935309	122914078	0
chrX	122914078	123103981	0
chrX	123103981	123272195	0
chrX	123272195	123433835	0
chrX	123433835	135896045	0
chrX	135896045	136032846	0
chrX	136032846	139434936	0
chrX	139434936	139545927	0
chrX	139545927	142312643	0
chrX	142312643	142545633	0
chrX	142545633	144490304	0
chrX	144490304	144551419	0
chrX	144551419	155270560	0
chrY	0	12500000	0
chrY	12500000	59373566	0