Chromosome Region	Start	End	gain
chr1	0	12343749	6
chr1	12343749	16222530	0
chr1	16222530	16831348	0
chr1	16831348	16891678	0
chr1	16891678	17257562	0
chr1	17257562	21534624	0
chr1	21534624	21596504	0
chr1	21596504	23386862	0
chr1	23386862	29162232	0
chr1	29162232	31306374	0
chr1	31306374	35109386	0
chr1	35109386	35561799	0
chr1	35561799	39533209	0
chr1	39533209	41238949	1
chr1	41238949	43054751	10
chr1	43054751	44128794	16
chr1	44128794	48160843	23
chr1	48160843	49086652	22
chr1	49086652	56702776	15
chr1	56702776	66469950	4
chr1	66469950	68930409	5
chr1	68930409	72748221	3
chr1	72748221	72756128	0
chr1	72756128	72811532	0
chr1	72811532	72812172	0
chr1	72812172	79374415	3
chr1	79374415	80501758	0
chr1	80501758	88001381	0
chr1	88001381	89232159	0
chr1	89232159	95760745	0
chr1	95760745	99683944	0
chr1	99683944	103344162	0
chr1	103344162	103414375	4
chr1	103414375	103939944	0
chr1	103939944	104339812	0
chr1	104339812	106810935	0
chr1	106810935	111176491	0
chr1	111176491	115623638	1
chr1	115623638	115921191	7
chr1	115921191	117321742	7
chr1	117321742	121185034	59
chr1	121185034	121291080	66
chr1	121291080	125000000	0
chr1	125000000	143458436	0
chr1	143458436	145114676	82
chr1	145114676	152760794	82
chr1	152760794	152767560	79
chr1	152767560	155404539	82
chr1	155404539	161408878	80
chr1	161408878	172205961	67
chr1	172205961	177991120	64
chr1	177991120	178660272	67
chr1	178660272	186310308	69
chr1	186310308	193566871	69
chr1	193566871	196482328	68
chr1	196482328	197438379	59
chr1	197438379	202094062	59
chr1	202094062	214528793	57
chr1	214528793	220793581	6
chr1	220793581	225053109	13
chr1	225053109	225127748	16
chr1	225127748	225144394	13
chr1	225144394	239862049	10
chr1	239862049	240407323	0
chr1	240407323	249250621	50
chr2	0	2722278	69
chr2	2722278	3817344	66
chr2	3817344	24442733	71
chr2	24442733	31026712	82
chr2	31026712	33842221	32
chr2	33842221	37238063	16
chr2	37238063	50894160	16
chr2	50894160	54067275	66
chr2	54067275	61238050	16
chr2	61238050	62453489	17
chr2	62453489	70498749	14
chr2	70498749	72787595	4
chr2	72787595	73660465	0
chr2	73660465	80603712	1
chr2	80603712	80831029	4
chr2	80831029	86901401	0
chr2	86901401	90301276	0
chr2	90301276	91704724	5
chr2	91704724	92193296	0
chr2	92193296	93300000	5
chr2	93300000	95358799	1
chr2	95358799	95421697	11
chr2	95421697	102728360	3
chr2	102728360	105372855	0
chr2	105372855	106356344	0
chr2	106356344	106766302	0
chr2	106766302	108608186	0
chr2	108608186	111939433	0
chr2	111939433	115825138	0
chr2	115825138	119436512	0
chr2	119436512	121381301	0
chr2	121381301	122856015	2
chr2	122856015	129283345	0
chr2	129283345	134469601	0
chr2	134469601	136264630	0
chr2	136264630	137483114	0
chr2	137483114	139314967	0
chr2	139314967	141362026	0
chr2	141362026	141557683	0
chr2	141557683	142356287	0
chr2	142356287	144114866	0
chr2	144114866	145464216	0
chr2	145464216	156483389	0
chr2	156483389	159356556	3
chr2	159356556	161749289	14
chr2	161749289	167608465	58
chr2	167608465	170194821	66
chr2	170194821	184084797	74
chr2	184084797	184571318	74
chr2	184571318	205083217	81
chr2	205083217	207066812	80
chr2	207066812	208334204	75
chr2	208334204	208355067	25
chr2	208355067	208431266	25
chr2	208431266	213293705	74
chr2	213293705	226277725	23
chr2	226277725	236241968	26
chr2	236241968	236427807	19
chr2	236427807	243199373	18
chr3	0	9965521	2
chr3	9965521	22365188	0
chr3	22365188	22594560	44
chr3	22594560	22790520	0
chr3	22790520	23118990	0
chr3	23118990	23633366	0
chr3	23633366	35017347	0
chr3	35017347	35772249	0
chr3	35772249	39778668	0
chr3	39778668	41375383	0
chr3	41375383	41602384	0
chr3	41602384	45161165	0
chr3	45161165	48596520	0
chr3	48596520	52480605	0
chr3	52480605	53149508	0
chr3	53149508	60511167	0
chr3	60511167	61749237	0
chr3	61749237	62003940	3
chr3	62003940	63653799	2
chr3	63653799	68400577	3
chr3	68400577	70816384	4
chr3	70816384	73198696	0
chr3	73198696	74043518	0
chr3	74043518	84680263	0
chr3	84680263	89523340	0
chr3	89523340	91000000	8
chr3	91000000	93588564	5
chr3	93588564	93605126	0
chr3	93605126	96225482	13
chr3	96225482	101337611	18
chr3	101337611	102360901	18
chr3	102360901	107174740	19
chr3	107174740	108023763	17
chr3	108023763	111295227	18
chr3	111295227	114637165	22
chr3	114637165	115742640	17
chr3	115742640	115843296	17
chr3	115843296	116781019	15
chr3	116781019	117420551	15
chr3	117420551	120972573	17
chr3	120972573	121631860	11
chr3	121631860	127914722	8
chr3	127914722	129698432	0
chr3	129698432	129806580	0
chr3	129806580	133806401	0
chr3	133806401	136184472	53
chr3	136184472	141073819	53
chr3	141073819	158567307	57
chr3	158567307	160255737	57
chr3	160255737	162508230	67
chr3	162508230	162510463	0
chr3	162510463	162626284	0
chr3	162626284	162626588	0
chr3	162626588	162627609	54
chr3	162627609	166530779	66
chr3	166530779	168877993	73
chr3	168877993	171140664	81
chr3	171140664	174291873	83
chr3	174291873	174553404	66
chr3	174553404	178368169	82
chr3	178368169	179214465	82
chr3	179214465	188170683	78
chr3	188170683	189193628	73
chr3	189193628	192644668	65
chr3	192644668	197834547	72
chr3	197834547	198022430	69
chr4	0	67770	0
chr4	67770	71493	0
chr4	71493	545382	0
chr4	545382	780017	2
chr4	780017	8657420	6
chr4	8657420	10212275	1
chr4	10212275	10235711	0
chr4	10235711	16203659	16
chr4	16203659	23767431	8
chr4	23767431	27886433	0
chr4	27886433	29821730	0
chr4	29821730	33062502	0
chr4	33062502	35913824	0
chr4	35913824	44628697	0
chr4	44628697	44688123	0
chr4	44688123	50400000	0
chr4	50400000	52706713	0
chr4	52706713	57743483	0
chr4	57743483	59565928	0
chr4	59565928	59613573	0
chr4	59613573	59632947	0
chr4	59632947	59894061	3
chr4	59894061	69375058	3
chr4	69375058	69497225	0
chr4	69497225	69865625	0
chr4	69865625	69932648	0
chr4	69932648	70386676	0
chr4	70386676	78030783	0
chr4	78030783	83525934	0
chr4	83525934	88520304	0
chr4	88520304	92562965	0
chr4	92562965	95520883	0
chr4	95520883	119356515	0
chr4	119356515	125369969	0
chr4	125369969	125776858	0
chr4	125776858	129422075	0
chr4	129422075	137944712	0
chr4	137944712	138042294	0
chr4	138042294	153930925	0
chr4	153930925	161877009	0
chr4	161877009	165609158	0
chr4	165609158	171521347	0
chr4	171521347	174654978	0
chr4	174654978	176167638	0
chr4	176167638	190239506	0
chr4	190239506	191154276	0
chr5	0	3940424	74
chr5	3940424	4957576	69
chr5	4957576	9998043	69
chr5	9998043	12544309	72
chr5	12544309	16293368	73
chr5	16293368	17698384	72
chr5	17698384	41985145	73
chr5	41985145	44406155	23
chr5	44406155	48400000	5
chr5	48400000	49520000	0
chr5	49520000	52099981	0
chr5	52099981	55754592	0
chr5	55754592	57335951	0
chr5	57335951	58448712	0
chr5	58448712	58527932	0
chr5	58527932	58975212	0
chr5	58975212	61989140	0
chr5	61989140	65302196	0
chr5	65302196	66304055	0
chr5	66304055	67821195	0
chr5	67821195	72595012	0
chr5	72595012	96719795	0
chr5	96719795	104979823	0
chr5	104979823	117876853	0
chr5	117876853	125347758	0
chr5	125347758	140148311	0
chr5	140148311	141066724	0
chr5	141066724	166133447	1
chr5	166133447	169199316	1
chr5	169199316	177606245	6
chr5	177606245	178852760	5
chr5	178852760	180915260	6
chr6	0	10578381	7
chr6	10578381	15235752	16
chr6	15235752	18073218	66
chr6	18073218	18170575	18
chr6	18170575	18258192	12
chr6	18258192	27550923	62
chr6	27550923	27906247	60
chr6	27906247	41009892	24
chr6	41009892	42690296	7
chr6	42690296	44299674	14
chr6	44299674	52405836	8
chr6	52405836	58692101	14
chr6	58692101	61000000	0
chr6	61000000	62004761	6
chr6	62004761	62113416	12
chr6	62113416	62234536	9
chr6	62234536	63188909	5
chr6	63188909	68199872	0
chr6	68199872	68886706	5
chr6	68886706	69346237	2
chr6	69346237	69473535	0
chr6	69473535	70138013	0
chr6	70138013	72054880	0
chr6	72054880	79002915	6
chr6	79002915	79041746	0
chr6	79041746	84882965	4
chr6	84882965	89999002	0
chr6	89999002	98160615	0
chr6	98160615	103793582	0
chr6	103793582	108841869	0
chr6	108841869	110912906	0
chr6	110912906	111044325	0
chr6	111044325	113483877	0
chr6	113483877	117394688	0
chr6	117394688	133375663	0
chr6	133375663	136299351	0
chr6	136299351	139141460	0
chr6	139141460	145163041	0
chr6	145163041	154479740	0
chr6	154479740	160480801	0
chr6	160480801	169283829	0
chr6	169283829	171115067	0
chr7	0	8437918	0
chr7	8437918	8522571	13
chr7	8522571	15202885	5
chr7	15202885	16727515	5
chr7	16727515	16968483	6
chr7	16968483	22417103	8
chr7	22417103	29182036	8
chr7	29182036	36986941	10
chr7	36986941	37906533	7
chr7	37906533	52768261	5
chr7	52768261	59900000	9
chr7	59900000	61987209	10
chr7	61987209	62647143	61
chr7	62647143	63413253	57
chr7	63413253	63952394	54
chr7	63952394	78771349	4
chr7	78771349	82114292	4
chr7	82114292	83945940	8
chr7	83945940	84999319	12
chr7	84999319	87934136	14
chr7	87934136	89457786	13
chr7	89457786	94555193	4
chr7	94555193	96074398	54
chr7	96074398	96352607	53
chr7	96352607	102740877	5
chr7	102740877	103217057	9
chr7	103217057	103514458	6
chr7	103514458	106011437	9
chr7	106011437	110402498	13
chr7	110402498	117765103	7
chr7	117765103	123020540	10
chr7	123020540	126505139	10
chr7	126505139	131357972	10
chr7	131357972	133432384	60
chr7	133432384	133528213	64
chr7	133528213	133691757	13
chr7	133691757	133858695	9
chr7	133858695	135353260	28
chr7	135353260	138565996	36
chr7	138565996	140474027	18
chr7	140474027	142412841	18
chr7	142412841	145604431	18
chr7	145604431	145632253	18
chr7	145632253	153098259	18
chr7	153098259	153320052	18
chr7	153320052	159138663	69
chr8	0	1235062	0
chr8	1235062	2977075	0
chr8	2977075	3160882	0
chr8	3160882	3402941	0
chr8	3402941	4682347	0
chr8	4682347	14618354	0
chr8	14618354	14782083	0
chr8	14782083	28376694	0
chr8	28376694	33623988	0
chr8	33623988	36024593	0
chr8	36024593	39230254	0
chr8	39230254	39397854	0
chr8	39397854	40238943	0
chr8	40238943	40732387	4
chr8	40732387	43736901	14
chr8	43736901	43778914	2
chr8	43778914	45600000	0
chr8	45600000	47201598	10
chr8	47201598	50033963	20
chr8	50033963	51013854	16
chr8	51013854	56335463	23
chr8	56335463	58977088	27
chr8	58977088	59319637	27
chr8	59319637	71268577	36
chr8	71268577	72792203	33
chr8	72792203	73662562	81
chr8	73662562	76812474	81
chr8	76812474	78165447	72
chr8	78165447	79807005	64
chr8	79807005	85759825	20
chr8	85759825	89951736	18
chr8	89951736	92797192	16
chr8	92797192	97655759	0
chr8	97655759	101068604	62
chr8	101068604	101632380	67
chr8	101632380	102327869	65
chr8	102327869	104958106	58
chr8	104958106	107154120	60
chr8	107154120	108807916	60
chr8	108807916	110887307	69
chr8	110887307	122621988	72
chr8	122621988	124158632	73
chr8	124158632	126758982	74
chr8	126758982	142274739	82
chr8	142274739	146364022	77
chr9	0	2892818	0
chr9	2892818	3078797	0
chr9	3078797	3124026	0
chr9	3124026	3328087	0
chr9	3328087	3593989	0
chr9	3593989	3653319	0
chr9	3653319	3763926	0
chr9	3763926	3972198	0
chr9	3972198	5001404	0
chr9	5001404	6334512	0
chr9	6334512	9292763	0
chr9	9292763	10401032	0
chr9	10401032	10574945	0
chr9	10574945	12160327	0
chr9	12160327	14559929	0
chr9	14559929	15224793	0
chr9	15224793	18312968	0
chr9	18312968	19646367	0
chr9	19646367	22168057	0
chr9	22168057	22829351	0
chr9	22829351	23690817	0
chr9	23690817	27295705	0
chr9	27295705	30078761	0
chr9	30078761	30930219	0
chr9	30930219	31536933	0
chr9	31536933	32113852	0
chr9	32113852	49000000	0
chr9	49000000	69178894	0
chr9	69178894	70932988	0
chr9	70932988	70997694	0
chr9	70997694	72081647	19
chr9	72081647	97776192	0
chr9	97776192	105532288	0
chr9	105532288	107022607	0
chr9	107022607	109412884	0
chr9	109412884	112637754	0
chr9	112637754	115499699	0
chr9	115499699	116573139	0
chr9	116573139	118675304	0
chr9	118675304	123460965	0
chr9	123460965	124532705	0
chr9	124532705	132401260	0
chr9	132401260	137235003	0
chr9	137235003	139799731	0
chr9	139799731	141213431	0
chr10	0	2840340	54
chr10	2840340	3002832	56
chr10	3002832	12017967	10
chr10	12017967	31485396	3
chr10	31485396	39000378	19
chr10	39000378	40200000	2
chr10	40200000	42433540	0
chr10	42433540	42683691	21
chr10	42683691	46955606	12
chr10	46955606	47067454	3
chr10	47067454	50361007	3
chr10	50361007	53446169	0
chr10	53446169	55404682	0
chr10	55404682	56016217	2
chr10	56016217	57727675	3
chr10	57727675	58529795	0
chr10	58529795	60075349	0
chr10	60075349	67307100	0
chr10	67307100	67322861	0
chr10	67322861	67451785	0
chr10	67451785	68613497	0
chr10	68613497	72791571	0
chr10	72791571	73064865	0
chr10	73064865	74720295	0
chr10	74720295	77120909	0
chr10	77120909	79492994	0
chr10	79492994	95790612	0
chr10	95790612	97440794	0
chr10	97440794	101036207	0
chr10	101036207	111473475	0
chr10	111473475	113814262	0
chr10	113814262	116356526	3
chr10	116356526	122290856	0
chr10	122290856	122422812	0
chr10	122422812	132329220	0
chr10	132329220	135534747	0
chr11	0	4054651	25
chr11	4054651	5783803	30
chr11	5783803	5809239	0
chr11	5809239	5814273	0
chr11	5814273	5825779	0
chr11	5825779	9624611	0
chr11	9624611	14230064	0
chr11	14230064	16339533	0
chr11	16339533	24924015	0
chr11	24924015	25534818	0
chr11	25534818	29239290	0
chr11	29239290	31267034	2
chr11	31267034	43212131	0
chr11	43212131	43837810	0
chr11	43837810	48659315	0
chr11	48659315	48710431	0
chr11	48710431	49150937	0
chr11	49150937	50666252	0
chr11	50666252	51503005	5
chr11	51503005	51532610	0
chr11	51532610	53700000	0
chr11	53700000	54794667	0
chr11	54794667	55035374	16
chr11	55035374	55368686	0
chr11	55368686	55496971	2
chr11	55496971	57801171	0
chr11	57801171	61056180	0
chr11	61056180	62213132	44
chr11	62213132	64579367	52
chr11	64579367	67516352	51
chr11	67516352	67838957	58
chr11	67838957	68013294	60
chr11	68013294	71729487	58
chr11	71729487	72341934	63
chr11	72341934	75544245	63
chr11	75544245	75737173	63
chr11	75737173	80846044	63
chr11	80846044	81102855	63
chr11	81102855	81420307	63
chr11	81420307	90800727	58
chr11	90800727	91701602	8
chr11	91701602	94111025	8
chr11	94111025	95202823	24
chr11	95202823	95625052	25
chr11	95625052	97298646	26
chr11	97298646	101468757	25
chr11	101468757	112790206	19
chr11	112790206	116372276	17
chr11	116372276	117568324	22
chr11	117568324	117744410	20
chr11	117744410	118329766	20
chr11	118329766	118380759	13
chr11	118380759	120342230	20
chr11	120342230	134263462	21
chr11	134263462	135006516	20
chr12	0	867533	35
chr12	867533	987950	36
chr12	987950	1448500	35
chr12	1448500	1586037	32
chr12	1586037	2782051	35
chr12	2782051	3833920	38
chr12	3833920	4435152	38
chr12	4435152	5713111	33
chr12	5713111	6598268	37
chr12	6598268	7381634	37
chr12	7381634	9628897	38
chr12	9628897	9631972	38
chr12	9631972	10773967	38
chr12	10773967	12308698	34
chr12	12308698	17699982	31
chr12	17699982	21211302	34
chr12	21211302	21784085	31
chr12	21784085	22290210	25
chr12	22290210	24071008	27
chr12	24071008	26180403	27
chr12	26180403	28470076	77
chr12	28470076	30005987	77
chr12	30005987	31135806	79
chr12	31135806	32057102	79
chr12	32057102	34250101	75
chr12	34250101	34775885	15
chr12	34775885	35800000	23
chr12	35800000	37959632	0
chr12	37959632	42378726	51
chr12	42378726	44191954	47
chr12	44191954	45780219	51
chr12	45780219	46991302	57
chr12	46991302	47679578	52
chr12	47679578	51658370	4
chr12	51658370	52905839	5
chr12	52905839	69271297	4
chr12	69271297	75079590	5
chr12	75079590	76035218	4
chr12	76035218	79797501	4
chr12	79797501	80211537	53
chr12	80211537	80382599	55
chr12	80382599	84146776	53
chr12	84146776	90288175	46
chr12	90288175	91384503	0
chr12	91384503	101505996	0
chr12	101505996	105644787	0
chr12	105644787	109018121	4
chr12	109018121	112626367	4
chr12	112626367	120290842	4
chr12	120290842	127631993	3
chr12	127631993	133851895	0
chr13	0	17900000	0
chr13	17900000	19123483	9
chr13	19123483	22579377	0
chr13	22579377	22651586	0
chr13	22651586	27067080	0
chr13	27067080	31307451	0
chr13	31307451	32656561	0
chr13	32656561	33484983	0
chr13	33484983	43202547	0
chr13	43202547	47275408	0
chr13	47275408	47948410	0
chr13	47948410	48401999	0
chr13	48401999	55040558	0
chr13	55040558	63100976	0
chr13	63100976	64941835	0
chr13	64941835	65423295	0
chr13	65423295	67186489	0
chr13	67186489	69298117	38
chr13	69298117	69566118	38
chr13	69566118	78979895	39
chr13	78979895	80848157	43
chr13	80848157	81372462	31
chr13	81372462	83498993	23
chr13	83498993	83807184	21
chr13	83807184	84199600	26
chr13	84199600	88960096	22
chr13	88960096	93512783	23
chr13	93512783	96638794	29
chr13	96638794	104042760	33
chr13	104042760	110599847	31
chr13	110599847	113699136	31
chr13	113699136	115169878	40
chr14	0	17600000	0
chr14	17600000	19549378	7
chr14	19549378	26200047	0
chr14	26200047	36284796	0
chr14	36284796	36325240	7
chr14	36325240	40585072	7
chr14	40585072	42342049	0
chr14	42342049	44716582	0
chr14	44716582	45270994	0
chr14	45270994	45869964	0
chr14	45869964	57160836	0
chr14	57160836	58211058	0
chr14	58211058	62406761	0
chr14	62406761	63383449	0
chr14	63383449	65794370	0
chr14	65794370	67551143	0
chr14	67551143	69488864	0
chr14	69488864	70173789	0
chr14	70173789	70316155	0
chr14	70316155	73375536	0
chr14	73375536	81881654	0
chr14	81881654	102313203	0
chr14	102313203	105566497	0
chr14	105566497	105780259	0
chr14	105780259	107349540	0
chr15	0	19000000	0
chr15	19000000	20411837	3
chr15	20411837	21049452	0
chr15	21049452	22351371	0
chr15	22351371	25093683	0
chr15	25093683	34643981	0
chr15	34643981	35903173	0
chr15	35903173	37568701	0
chr15	37568701	37631160	0
chr15	37631160	40173999	0
chr15	40173999	45279197	0
chr15	45279197	49034844	0
chr15	49034844	50399627	0
chr15	50399627	53247053	0
chr15	53247053	61791175	0
chr15	61791175	72465116	0
chr15	72465116	75427239	0
chr15	75427239	75619863	0
chr15	75619863	76902724	21
chr15	76902724	80155261	19
chr15	80155261	83537207	28
chr15	83537207	86094982	32
chr15	86094982	86349062	35
chr15	86349062	91526644	34
chr15	91526644	93002820	31
chr15	93002820	93068062	40
chr15	93068062	93098056	43
chr15	93098056	94831930	35
chr15	94831930	102531392	37
chr16	0	593157	0
chr16	593157	7138298	0
chr16	7138298	17585986	0
chr16	17585986	19835263	0
chr16	19835263	20947999	0
chr16	20947999	22418509	0
chr16	22418509	35183806	0
chr16	35183806	36600000	9
chr16	36600000	46491374	0
chr16	46491374	49163881	46
chr16	49163881	51511358	0
chr16	51511358	55882621	0
chr16	55882621	56697066	0
chr16	56697066	70840723	0
chr16	70840723	70848239	0
chr16	70848239	71184109	0
chr16	71184109	71202637	0
chr16	71202637	71211301	0
chr16	71211301	79595348	0
chr16	79595348	90354753	0
chr17	0	1234674	0
chr17	1234674	7244885	0
chr17	7244885	14978118	0
chr17	14978118	17124317	0
chr17	17124317	17246108	0
chr17	17246108	21450049	0
chr17	21450049	21970528	0
chr17	21970528	24000000	0
chr17	24000000	25311244	0
chr17	25311244	25731114	0
chr17	25731114	34912006	0
chr17	34912006	38011979	0
chr17	38011979	44148555	0
chr17	44148555	44162841	0
chr17	44162841	44774823	0
chr17	44774823	45661626	0
chr17	45661626	46018143	0
chr17	46018143	46519486	0
chr17	46519486	46736523	0
chr17	46736523	48872881	0
chr17	48872881	49088195	0
chr17	49088195	49243513	0
chr17	49243513	53980338	0
chr17	53980338	54112253	0
chr17	54112253	54159979	0
chr17	54159979	54172701	0
chr17	54172701	58324492	0
chr17	58324492	62776063	0
chr17	62776063	64915172	0
chr17	64915172	81195210	0
chr18	0	17200000	36
chr18	17200000	18560354	0
chr18	18560354	18594682	9
chr18	18594682	18795883	0
chr18	18795883	19440031	0
chr18	19440031	21878537	0
chr18	21878537	22666640	0
chr18	22666640	24130903	0
chr18	24130903	33155608	0
chr18	33155608	34457831	0
chr18	34457831	34749914	0
chr18	34749914	34989861	0
chr18	34989861	37820762	0
chr18	37820762	38259574	0
chr18	38259574	38335446	0
chr18	38335446	42105622	0
chr18	42105622	42803061	0
chr18	42803061	42881573	0
chr18	42881573	53476146	0
chr18	53476146	55486332	0
chr18	55486332	57791717	0
chr18	57791717	58184862	0
chr18	58184862	59598313	0
chr18	59598313	64086964	0
chr18	64086964	68418855	0
chr18	68418855	75914822	0
chr18	75914822	78077248	0
chr19	0	5375743	0
chr19	5375743	5943672	0
chr19	5943672	7943666	26
chr19	7943666	9155316	33
chr19	9155316	9914416	39
chr19	9914416	10499713	0
chr19	10499713	14161238	0
chr19	14161238	18778727	5
chr19	18778727	20347306	7
chr19	20347306	20721342	20
chr19	20721342	20722654	15
chr19	20722654	22734101	8
chr19	22734101	23871949	57
chr19	23871949	24521623	68
chr19	24521623	26500000	0
chr19	26500000	27838898	2
chr19	27838898	28609038	67
chr19	28609038	29246134	21
chr19	29246134	29848137	26
chr19	29848137	32334515	34
chr19	32334515	35849408	32
chr19	35849408	35866878	23
chr19	35866878	38439418	32
chr19	38439418	41612890	24
chr19	41612890	49079096	4
chr19	49079096	55397683	0
chr19	55397683	55509782	3
chr19	55509782	59128983	0
chr20	0	7985998	58
chr20	7985998	14288304	67
chr20	14288304	15611393	62
chr20	15611393	23239170	76
chr20	23239170	26210632	76
chr20	26210632	27500000	8
chr20	27500000	32198290	46
chr20	32198290	46591723	26
chr20	46591723	62306400	77
chr20	62306400	63025520	70
chr21	0	13200000	0
chr21	13200000	15406015	0
chr21	15406015	20578409	5
chr21	20578409	20747563	6
chr21	20747563	29530153	0
chr21	29530153	30733769	1
chr21	30733769	30997965	0
chr21	30997965	35600614	1
chr21	35600614	44576144	0
chr21	44576144	48129895	0
chr22	0	14700000	0
chr22	14700000	16151161	0
chr22	16151161	16774157	0
chr22	16774157	16875979	0
chr22	16875979	18102527	0
chr22	18102527	21172159	0
chr22	21172159	22154214	0
chr22	22154214	23060922	0
chr22	23060922	29077320	0
chr22	29077320	30554982	0
chr22	30554982	31700640	0
chr22	31700640	35838122	0
chr22	35838122	41597552	0
chr22	41597552	42561538	0
chr22	42561538	43510032	0
chr22	43510032	51193712	0
chr22	51193712	51304566	0
chrX	0	868760	0
chrX	868760	1837799	0
chrX	1837799	2578122	0
chrX	2578122	41286891	0
chrX	41286891	42818248	0
chrX	42818248	46379786	0
chrX	46379786	49568632	0
chrX	49568632	52810876	0
chrX	52810876	56317312	0
chrX	56317312	58480569	0
chrX	58480569	60600000	0
chrX	60600000	61818199	0
chrX	61818199	95626749	0
chrX	95626749	108479348	0
chrX	108479348	108736659	0
chrX	108736659	113789061	0
chrX	113789061	128713735	0
chrX	128713735	135862842	0
chrX	135862842	139621328	0
chrX	139621328	146231239	0
chrX	146231239	151899935	27
chrX	151899935	155270560	0
chrY	0	12500000	0
chrY	12500000	59373566	0