Chromosome Region	Start	End	gain
chr1	0	715604	0
chr1	715604	1253336	0
chr1	1253336	1712980	7
chr1	1712980	7272421	0
chr1	7272421	8066167	0
chr1	8066167	16222530	0
chr1	16222530	16870321	0
chr1	16870321	17082652	0
chr1	17082652	19791916	0
chr1	19791916	19823694	0
chr1	19823694	21596504	0
chr1	21596504	23675595	0
chr1	23675595	23885226	0
chr1	23885226	24755956	0
chr1	24755956	26132903	0
chr1	26132903	26253274	0
chr1	26253274	29162232	0
chr1	29162232	33364410	0
chr1	33364410	34125407	0
chr1	34125407	35051963	0
chr1	35051963	35087951	5
chr1	35087951	35109386	0
chr1	35109386	35133004	5
chr1	35133004	35412771	0
chr1	35412771	35627105	0
chr1	35627105	37197385	0
chr1	37197385	37324799	5
chr1	37324799	37932773	17
chr1	37932773	40342039	10
chr1	40342039	40552080	14
chr1	40552080	42563757	21
chr1	42563757	44146114	29
chr1	44146114	44418939	22
chr1	44418939	47498281	29
chr1	47498281	47683535	43
chr1	47683535	48060099	35
chr1	48060099	49086652	21
chr1	49086652	49191814	16
chr1	49191814	51567717	21
chr1	51567717	52958901	26
chr1	52958901	55772823	21
chr1	55772823	59105706	13
chr1	59105706	63963387	21
chr1	63963387	65408346	26
chr1	65408346	67744550	23
chr1	67744550	72748221	18
chr1	72748221	72753227	9
chr1	72753227	72759523	26
chr1	72759523	72768926	21
chr1	72768926	72811532	0
chr1	72811532	72892440	15
chr1	72892440	75387692	9
chr1	75387692	77593002	17
chr1	77593002	79271118	6
chr1	79271118	79600809	1
chr1	79600809	79734707	6
chr1	79734707	79871446	13
chr1	79871446	80559482	6
chr1	80559482	85227871	0
chr1	85227871	85368692	0
chr1	85368692	86636982	0
chr1	86636982	97550136	6
chr1	97550136	98522711	6
chr1	98522711	98806329	6
chr1	98806329	99683944	6
chr1	99683944	100084871	6
chr1	100084871	111620285	6
chr1	111620285	112693006	0
chr1	112693006	112706196	15
chr1	112706196	113135027	0
chr1	113135027	117321742	0
chr1	117321742	117520161	7
chr1	117520161	117686645	13
chr1	117686645	117810519	13
chr1	117810519	120468751	22
chr1	120468751	120621451	26
chr1	120621451	120685338	43
chr1	120685338	121185034	54
chr1	121185034	121230790	30
chr1	121230790	121291080	14
chr1	121291080	125000000	0
chr1	125000000	143458436	13
chr1	143458436	144915935	73
chr1	144915935	145007448	67
chr1	145007448	150662184	73
chr1	150662184	150811010	67
chr1	150811010	151529156	73
chr1	151529156	152510839	67
chr1	152510839	152588544	58
chr1	152588544	154522918	67
chr1	154522918	154723755	63
chr1	154723755	155056665	72
chr1	155056665	155194365	63
chr1	155194365	155247949	51
chr1	155247949	160278300	63
chr1	160278300	169242084	68
chr1	169242084	170086918	68
chr1	170086918	180514472	60
chr1	180514472	182443276	49
chr1	182443276	189157358	43
chr1	189157358	196698279	38
chr1	196698279	196710420	49
chr1	196710420	196828843	55
chr1	196828843	196843835	43
chr1	196843835	202094062	38
chr1	202094062	212830606	37
chr1	212830606	212996044	42
chr1	212996044	213068227	49
chr1	213068227	213308598	43
chr1	213308598	214528793	37
chr1	214528793	216440418	23
chr1	216440418	216590341	28
chr1	216590341	217375352	23
chr1	217375352	217754871	28
chr1	217754871	218463217	34
chr1	218463217	218796127	42
chr1	218796127	218964374	34
chr1	218964374	222112298	42
chr1	222112298	222229268	36
chr1	222229268	223437186	42
chr1	223437186	223556434	34
chr1	223556434	223877121	42
chr1	223877121	224197457	52
chr1	224197457	229888393	42
chr1	229888393	232948623	36
chr1	232948623	240407323	31
chr1	240407323	244870678	45
chr1	244870678	244948353	56
chr1	244948353	245285976	45
chr1	245285976	245673603	56
chr1	245673603	248693003	50
chr1	248693003	249250621	56
chr2	0	179414	30
chr2	179414	1359742	44
chr2	1359742	3765713	33
chr2	3765713	3817344	19
chr2	3817344	4209776	33
chr2	4209776	4232416	27
chr2	4232416	5999092	33
chr2	5999092	6120288	27
chr2	6120288	6420338	33
chr2	6420338	10204588	27
chr2	10204588	10484183	37
chr2	10484183	14702922	27
chr2	14702922	18548422	35
chr2	18548422	19465488	42
chr2	19465488	19658315	34
chr2	19658315	20455690	42
chr2	20455690	22900435	43
chr2	22900435	23102421	38
chr2	23102421	23738366	43
chr2	23738366	26916131	48
chr2	26916131	28216809	60
chr2	28216809	31026712	61
chr2	31026712	34829442	47
chr2	34829442	35972005	47
chr2	35972005	35992716	31
chr2	35992716	41809180	47
chr2	41809180	45820839	35
chr2	45820839	45907574	47
chr2	45907574	46365262	35
chr2	46365262	50894160	42
chr2	50894160	52322062	56
chr2	52322062	52517024	51
chr2	52517024	52739077	56
chr2	52739077	52747747	53
chr2	52747747	52784752	37
chr2	52784752	54067275	53
chr2	54067275	60472351	39
chr2	60472351	61238050	44
chr2	61238050	68950312	50
chr2	68950312	72501505	43
chr2	72501505	72787595	49
chr2	72787595	72988592	34
chr2	72988592	73066939	18
chr2	73066939	73271837	34
chr2	73271837	76294587	28
chr2	76294587	77088778	20
chr2	77088778	87102511	26
chr2	87102511	87411127	21
chr2	87411127	90301276	21
chr2	90301276	91704724	0
chr2	91704724	91794849	12
chr2	91794849	92193296	29
chr2	92193296	92285930	15
chr2	92285930	93300000	0
chr2	93300000	95421697	8
chr2	95421697	95439958	16
chr2	95439958	95769081	22
chr2	95769081	96656411	14
chr2	96656411	98155769	0
chr2	98155769	98524556	0
chr2	98524556	98675483	14
chr2	98675483	98879626	0
chr2	98879626	102015143	14
chr2	102015143	102042703	9
chr2	102042703	103679380	0
chr2	103679380	104028502	8
chr2	104028502	104262587	25
chr2	104262587	105372855	8
chr2	105372855	106880404	2
chr2	106880404	106886312	0
chr2	106886312	111939433	2
chr2	111939433	114832299	8
chr2	114832299	114967447	13
chr2	114967447	117347511	8
chr2	117347511	119342525	0
chr2	119342525	119398482	0
chr2	119398482	120578024	0
chr2	120578024	125578189	5
chr2	125578189	127019032	1
chr2	127019032	129283345	0
chr2	129283345	137168717	0
chr2	137168717	137341931	0
chr2	137341931	140013762	0
chr2	140013762	140111475	0
chr2	140111475	141489699	0
chr2	141489699	141733216	0
chr2	141733216	141760656	0
chr2	141760656	146879621	0
chr2	146879621	155599629	0
chr2	155599629	160682629	8
chr2	160682629	160875381	8
chr2	160875381	161228931	22
chr2	161228931	161749289	8
chr2	161749289	168566245	22
chr2	168566245	168826452	14
chr2	168826452	170983995	8
chr2	170983995	172012171	15
chr2	172012171	172438416	21
chr2	172438416	177189497	15
chr2	177189497	178032138	32
chr2	178032138	178455531	15
chr2	178455531	181944771	23
chr2	181944771	182539618	15
chr2	182539618	182624737	8
chr2	182624737	182909277	16
chr2	182909277	183380924	23
chr2	183380924	183458312	16
chr2	183458312	185034397	23
chr2	185034397	185224750	28
chr2	185224750	186304046	23
chr2	186304046	186458661	7
chr2	186458661	186517407	24
chr2	186517407	187386808	40
chr2	187386808	187629616	45
chr2	187629616	193163487	29
chr2	193163487	193333336	22
chr2	193333336	194471488	29
chr2	194471488	194862219	22
chr2	194862219	196179851	16
chr2	196179851	196279460	0
chr2	196279460	197288000	8
chr2	197288000	197415801	14
chr2	197415801	199656972	8
chr2	199656972	202974643	15
chr2	202974643	203174642	21
chr2	203174642	203418669	16
chr2	203418669	204427050	10
chr2	204427050	205083217	20
chr2	205083217	205275115	19
chr2	205275115	205826226	9
chr2	205826226	205879835	1
chr2	205879835	208334204	9
chr2	208334204	208431266	0
chr2	208431266	209075969	9
chr2	209075969	209094702	1
chr2	209094702	209247552	0
chr2	209247552	212346715	1
chr2	212346715	212686884	0
chr2	212686884	212968946	1
chr2	212968946	212988956	0
chr2	212988956	213072271	0
chr2	213072271	213183735	9
chr2	213183735	213191976	3
chr2	213191976	213293705	9
chr2	213293705	213722875	0
chr2	213722875	215716194	0
chr2	215716194	219897043	0
chr2	219897043	220088631	0
chr2	220088631	220554590	0
chr2	220554590	224693971	0
chr2	224693971	224751603	0
chr2	224751603	227773653	0
chr2	227773653	228886606	0
chr2	228886606	230762347	0
chr2	230762347	231952763	0
chr2	231952763	232171878	1
chr2	232171878	234925298	0
chr2	234925298	236943609	0
chr2	236943609	237490615	0
chr2	237490615	241456646	4
chr2	241456646	242782802	13
chr2	242782802	242987192	0
chr2	242987192	243035970	0
chr2	243035970	243199373	7
chr3	0	105579	0
chr3	105579	242664	0
chr3	242664	1032035	5
chr3	1032035	1088732	0
chr3	1088732	4272034	5
chr3	4272034	4662738	13
chr3	4662738	5891569	19
chr3	5891569	6011770	11
chr3	6011770	9514863	19
chr3	9514863	10243615	14
chr3	10243615	10565606	0
chr3	10565606	12356103	0
chr3	12356103	14296827	9
chr3	14296827	14384499	2
chr3	14384499	16227452	9
chr3	16227452	16262774	2
chr3	16262774	16755083	9
chr3	16755083	17591995	13
chr3	17591995	17876825	24
chr3	17876825	18815579	18
chr3	18815579	21043737	12
chr3	21043737	21449427	18
chr3	21449427	22365188	12
chr3	22365188	22594560	26
chr3	22594560	23633366	12
chr3	23633366	28251984	15
chr3	28251984	29733167	20
chr3	29733167	31151403	15
chr3	31151403	32327833	20
chr3	32327833	32574336	30
chr3	32574336	32957623	20
chr3	32957623	35737142	15
chr3	35737142	37949994	7
chr3	37949994	39197746	0
chr3	39197746	39778668	0
chr3	39778668	40878652	0
chr3	40878652	40989072	0
chr3	40989072	44444663	0
chr3	44444663	48596520	0
chr3	48596520	50625904	0
chr3	50625904	52873500	1
chr3	52873500	53011767	2
chr3	53011767	55100590	2
chr3	55100590	55156102	0
chr3	55156102	56285000	2
chr3	56285000	59525407	7
chr3	59525407	59796864	14
chr3	59796864	60918457	7
chr3	60918457	60981395	14
chr3	60981395	61043726	0
chr3	61043726	61207041	0
chr3	61207041	61361629	9
chr3	61361629	62090260	3
chr3	62090260	62237142	7
chr3	62237142	62623534	2
chr3	62623534	65873060	7
chr3	65873060	65924069	19
chr3	65924069	67492844	7
chr3	67492844	70816384	0
chr3	70816384	86082656	0
chr3	86082656	90145243	1
chr3	90145243	91000000	17
chr3	91000000	93543006	0
chr3	93543006	93548479	14
chr3	93548479	93605126	34
chr3	93605126	93787311	56
chr3	93787311	94938109	44
chr3	94938109	94984795	49
chr3	94984795	98000578	32
chr3	98000578	98561048	42
chr3	98561048	98713372	32
chr3	98713372	99385692	23
chr3	99385692	107957743	15
chr3	107957743	113071094	20
chr3	113071094	113270971	26
chr3	113270971	113388127	18
chr3	113388127	113556915	29
chr3	113556915	114119459	34
chr3	114119459	114238023	22
chr3	114238023	116274982	16
chr3	116274982	116513230	6
chr3	116513230	116775294	16
chr3	116775294	116831018	6
chr3	116831018	118453649	16
chr3	118453649	119030302	24
chr3	119030302	119811876	24
chr3	119811876	121832248	19
chr3	121832248	121931209	11
chr3	121931209	122032811	19
chr3	122032811	122476167	11
chr3	122476167	128881127	3
chr3	128881127	129730715	0
chr3	129730715	129916897	6
chr3	129916897	130288476	0
chr3	130288476	132012661	2
chr3	132012661	133806401	18
chr3	133806401	135699095	32
chr3	135699095	135716855	16
chr3	135716855	136056100	32
chr3	136056100	137087733	24
chr3	137087733	137120637	16
chr3	137120637	139573424	32
chr3	139573424	141073819	24
chr3	141073819	143104966	41
chr3	143104966	150174517	46
chr3	150174517	150370514	32
chr3	150370514	154797933	46
chr3	154797933	156547626	46
chr3	156547626	156567541	32
chr3	156567541	159279362	46
chr3	159279362	162508230	54
chr3	162508230	162510463	27
chr3	162510463	162626284	14
chr3	162626284	162626588	27
chr3	162626588	167297112	54
chr3	167297112	167558531	46
chr3	167558531	172282254	54
chr3	172282254	172359651	66
chr3	172359651	172370631	61
chr3	172370631	172570325	50
chr3	172570325	178884603	54
chr3	178884603	178943936	46
chr3	178943936	179076665	54
chr3	179076665	179214465	46
chr3	179214465	179297817	41
chr3	179297817	179460167	49
chr3	179460167	179561692	41
chr3	179561692	181120894	49
chr3	181120894	192296786	33
chr3	192296786	194649709	49
chr3	194649709	198022430	41
chr4	0	66349	0
chr4	66349	67770	0
chr4	67770	85490	0
chr4	85490	780017	0
chr4	780017	847553	0
chr4	847553	1158611	0
chr4	1158611	1266098	5
chr4	1266098	1388479	0
chr4	1388479	2838021	12
chr4	2838021	3011672	29
chr4	3011672	3260110	12
chr4	3260110	3899298	29
chr4	3899298	4786805	12
chr4	4786805	6525584	29
chr4	6525584	7067862	12
chr4	7067862	7938932	29
chr4	7938932	8107136	12
chr4	8107136	9854530	2
chr4	9854530	11040348	19
chr4	11040348	11896171	11
chr4	11896171	12284128	0
chr4	12284128	13392807	2
chr4	13392807	14031250	19
chr4	14031250	15593830	1
chr4	15593830	17367644	0
chr4	17367644	18928588	1
chr4	18928588	19408863	0
chr4	19408863	19751457	0
chr4	19751457	19875188	0
chr4	19875188	20661377	0
chr4	20661377	21041924	0
chr4	21041924	21172481	0
chr4	21172481	21686897	15
chr4	21686897	22089906	7
chr4	22089906	22823247	15
chr4	22823247	23084268	7
chr4	23084268	23348800	0
chr4	23348800	23634253	0
chr4	23634253	24558560	0
chr4	24558560	24872608	0
chr4	24872608	25052809	0
chr4	25052809	25730823	0
chr4	25730823	26084384	0
chr4	26084384	26418681	0
chr4	26418681	26587201	0
chr4	26587201	26888359	0
chr4	26888359	27886433	0
chr4	27886433	29457121	0
chr4	29457121	30144469	0
chr4	30144469	31255390	0
chr4	31255390	31459202	0
chr4	31459202	32201299	0
chr4	32201299	32539486	0
chr4	32539486	34782777	0
chr4	34782777	34795786	0
chr4	34795786	34829893	0
chr4	34829893	37509966	0
chr4	37509966	38374427	0
chr4	38374427	40767635	0
chr4	40767635	40965866	0
chr4	40965866	41483562	0
chr4	41483562	41635433	0
chr4	41635433	43159849	0
chr4	43159849	43297564	0
chr4	43297564	44628697	0
chr4	44628697	44664591	0
chr4	44664591	45142381	3
chr4	45142381	45304903	0
chr4	45304903	45929981	3
chr4	45929981	47392313	11
chr4	47392313	47824428	6
chr4	47824428	48006692	11
chr4	48006692	48049260	0
chr4	48049260	48260999	0
chr4	48260999	49091580	6
chr4	49091580	49309867	11
chr4	49309867	50400000	0
chr4	50400000	52696792	0
chr4	52696792	52706713	0
chr4	52706713	52889527	0
chr4	52889527	53060344	0
chr4	53060344	53286908	14
chr4	53286908	53505787	31
chr4	53505787	53778176	26
chr4	53778176	56208391	0
chr4	56208391	56616606	4
chr4	56616606	56776197	21
chr4	56776197	64620598	4
chr4	64620598	68871610	0
chr4	68871610	69330439	0
chr4	69330439	69360489	24
chr4	69360489	69536970	19
chr4	69536970	76774871	0
chr4	76774871	79825122	0
chr4	79825122	81780270	0
chr4	81780270	82056153	0
chr4	82056153	83362491	0
chr4	83362491	88667129	0
chr4	88667129	88699643	0
chr4	88699643	90420289	0
chr4	90420289	91414748	0
chr4	91414748	91822479	0
chr4	91822479	92470003	0
chr4	92470003	92562965	0
chr4	92562965	98547667	0
chr4	98547667	99006192	0
chr4	99006192	104724459	0
chr4	104724459	104766485	0
chr4	104766485	104881780	0
chr4	104881780	111523034	0
chr4	111523034	115014048	0
chr4	115014048	115173678	0
chr4	115173678	115184351	0
chr4	115184351	115189919	0
chr4	115189919	119915498	0
chr4	119915498	120399621	0
chr4	120399621	124637484	0
chr4	124637484	125369969	0
chr4	125369969	134579368	0
chr4	134579368	146456545	0
chr4	146456545	147236793	0
chr4	147236793	147284942	0
chr4	147284942	148835646	0
chr4	148835646	153930925	0
chr4	153930925	164767719	0
chr4	164767719	165056576	0
chr4	165056576	170172957	0
chr4	170172957	170408768	0
chr4	170408768	171423012	0
chr4	171423012	171521347	0
chr4	171521347	174656977	0
chr4	174656977	179594661	0
chr4	179594661	179619776	0
chr4	179619776	179760370	0
chr4	179760370	182637677	0
chr4	182637677	182918599	0
chr4	182918599	183780653	0
chr4	183780653	184057870	0
chr4	184057870	186237489	0
chr4	186237489	190752543	0
chr4	190752543	191154276	0
chr5	0	1728793	59
chr5	1728793	2408783	49
chr5	2408783	17095309	37
chr5	17095309	17192375	29
chr5	17192375	21671983	37
chr5	21671983	21787835	29
chr5	21787835	23283808	37
chr5	23283808	34890885	33
chr5	34890885	35275899	25
chr5	35275899	37584311	33
chr5	37584311	41985145	25
chr5	41985145	46383335	11
chr5	46383335	48400000	5
chr5	48400000	49520000	0
chr5	49520000	49762785	0
chr5	49762785	55948901	0
chr5	55948901	56081268	0
chr5	56081268	56331050	0
chr5	56331050	56482918	0
chr5	56482918	57323830	0
chr5	57323830	57330327	0
chr5	57330327	57333524	0
chr5	57333524	57335951	0
chr5	57335951	58175172	0
chr5	58175172	58278322	0
chr5	58278322	58344900	0
chr5	58344900	59234742	0
chr5	59234742	59600041	0
chr5	59600041	59844364	0
chr5	59844364	62235622	0
chr5	62235622	63412582	0
chr5	63412582	64433681	0
chr5	64433681	65710010	0
chr5	65710010	66304055	0
chr5	66304055	66859979	0
chr5	66859979	81801629	0
chr5	81801629	87993799	0
chr5	87993799	97032840	0
chr5	97032840	97096533	0
chr5	97096533	100671962	0
chr5	100671962	103508262	0
chr5	103508262	103528196	0
chr5	103528196	107950637	0
chr5	107950637	108053798	0
chr5	108053798	113396373	0
chr5	113396373	115248243	0
chr5	115248243	115713253	0
chr5	115713253	126630361	0
chr5	126630361	127068797	0
chr5	127068797	129009890	0
chr5	129009890	131435459	0
chr5	131435459	131448582	0
chr5	131448582	135046639	0
chr5	135046639	139706122	0
chr5	139706122	140067943	3
chr5	140067943	140493438	0
chr5	140493438	140685609	0
chr5	140685609	140714285	0
chr5	140714285	140759605	3
chr5	140759605	140807226	0
chr5	140807226	141037733	0
chr5	141037733	144876159	0
chr5	144876159	145016247	4
chr5	145016247	147924470	0
chr5	147924470	148550784	9
chr5	148550784	150203853	17
chr5	150203853	150221002	11
chr5	150221002	150240678	17
chr5	150240678	151514772	7
chr5	151514772	151519311	13
chr5	151519311	155476846	7
chr5	155476846	155498132	19
chr5	155498132	155896229	7
chr5	155896229	157513737	2
chr5	157513737	157603216	0
chr5	157603216	160146060	2
chr5	160146060	163150298	7
chr5	163150298	165742745	0
chr5	165742745	169911544	0
chr5	169911544	171044500	0
chr5	171044500	174958310	0
chr5	174958310	175027000	0
chr5	175027000	180915260	0
chr6	0	243266	23
chr6	243266	411206	16
chr6	411206	2411130	23
chr6	2411130	2590593	17
chr6	2590593	2942001	23
chr6	2942001	3015977	16
chr6	3015977	6353625	23
chr6	6353625	6434232	16
chr6	6434232	7613170	23
chr6	7613170	7671500	16
chr6	7671500	10173396	23
chr6	10173396	11678999	6
chr6	11678999	11994452	0
chr6	11994452	15235752	6
chr6	15235752	15617243	20
chr6	15617243	15892107	25
chr6	15892107	16064610	17
chr6	16064610	16090029	33
chr6	16090029	17239845	29
chr6	17239845	17491604	38
chr6	17491604	18071867	29
chr6	18071867	18073218	33
chr6	18073218	18258192	20
chr6	18258192	18342319	33
chr6	18342319	18468023	28
chr6	18468023	19962242	33
chr6	19962242	20036833	17
chr6	20036833	21984797	33
chr6	21984797	22033065	27
chr6	22033065	27906247	33
chr6	27906247	28205927	20
chr6	28205927	29334883	33
chr6	29334883	30321421	28
chr6	30321421	30850901	33
chr6	30850901	31810939	17
chr6	31810939	32057445	11
chr6	32057445	32454399	0
chr6	32454399	34672420	14
chr6	34672420	36630015	20
chr6	36630015	38631615	8
chr6	38631615	38700652	2
chr6	38700652	41826469	8
chr6	41826469	42003596	2
chr6	42003596	42701368	8
chr6	42701368	45346684	16
chr6	45346684	46045213	28
chr6	46045213	47212976	16
chr6	47212976	49525433	0
chr6	49525433	50921716	11
chr6	50921716	52631164	4
chr6	52631164	52946742	0
chr6	52946742	56106929	4
chr6	56106929	56224505	0
chr6	56224505	58348953	4
chr6	58348953	58741497	21
chr6	58741497	58774716	15
chr6	58774716	61000000	7
chr6	61000000	62012809	11
chr6	62012809	62020284	17
chr6	62020284	62033212	19
chr6	62033212	62324638	38
chr6	62324638	62357676	26
chr6	62357676	63098142	9
chr6	63098142	63166549	0
chr6	63166549	63640261	29
chr6	63640261	65332836	36
chr6	65332836	65955217	36
chr6	65955217	67227403	28
chr6	67227403	68164229	28
chr6	68164229	69407713	28
chr6	69407713	69705300	22
chr6	69705300	71967577	22
chr6	71967577	73485665	22
chr6	73485665	73617869	22
chr6	73617869	74591205	22
chr6	74591205	74633180	22
chr6	74633180	77072382	22
chr6	77072382	77577714	22
chr6	77577714	78972116	0
chr6	78972116	79002915	0
chr6	79002915	79027437	0
chr6	79027437	79041746	0
chr6	79041746	80317844	0
chr6	80317844	80973631	22
chr6	80973631	81693750	22
chr6	81693750	81781380	10
chr6	81781380	84882965	0
chr6	84882965	86181296	0
chr6	86181296	92088935	0
chr6	92088935	95497904	0
chr6	95497904	95604281	0
chr6	95604281	96554284	0
chr6	96554284	98301592	0
chr6	98301592	98363616	0
chr6	98363616	100172715	0
chr6	100172715	100477840	0
chr6	100477840	103729353	0
chr6	103729353	103738062	0
chr6	103738062	103765576	0
chr6	103765576	103782461	0
chr6	103782461	110912906	0
chr6	110912906	112411098	0
chr6	112411098	113399180	0
chr6	113399180	114945417	0
chr6	114945417	115126236	0
chr6	115126236	116604111	0
chr6	116604111	116722912	0
chr6	116722912	121580244	0
chr6	121580244	125618321	0
chr6	125618321	125769929	0
chr6	125769929	125911241	0
chr6	125911241	126203235	0
chr6	126203235	126423640	0
chr6	126423640	127489334	0
chr6	127489334	142964190	0
chr6	142964190	143005154	0
chr6	143005154	144406446	0
chr6	144406446	144647943	0
chr6	144647943	147549869	0
chr6	147549869	151786088	0
chr6	151786088	152023032	0
chr6	152023032	152276767	0
chr6	152276767	154326157	0
chr6	154326157	154426581	0
chr6	154426581	154580059	0
chr6	154580059	155271065	0
chr6	155271065	158642594	0
chr6	158642594	158738576	0
chr6	158738576	163623798	0
chr6	163623798	167663235	0
chr6	167663235	169283829	0
chr6	169283829	171115067	0
chr7	0	782933	0
chr7	782933	794663	0
chr7	794663	2628653	0
chr7	2628653	2762492	0
chr7	2762492	4156558	0
chr7	4156558	4488760	0
chr7	4488760	8432892	0
chr7	8432892	9097878	0
chr7	9097878	9245679	0
chr7	9245679	9539727	0
chr7	9539727	11349900	0
chr7	11349900	12072870	0
chr7	12072870	12155389	0
chr7	12155389	12770570	0
chr7	12770570	15972684	0
chr7	15972684	16018838	0
chr7	16018838	17087440	0
chr7	17087440	17135513	0
chr7	17135513	18046201	0
chr7	18046201	18218355	0
chr7	18218355	19155366	0
chr7	19155366	25627894	0
chr7	25627894	35276140	0
chr7	35276140	35778236	0
chr7	35778236	35910972	0
chr7	35910972	36518345	0
chr7	36518345	40983465	0
chr7	40983465	41229591	3
chr7	41229591	41273357	3
chr7	41273357	42131504	0
chr7	42131504	42190274	3
chr7	42190274	46883406	0
chr7	46883406	50197525	20
chr7	50197525	50600394	31
chr7	50600394	50674180	15
chr7	50674180	50814111	31
chr7	50814111	50903011	15
chr7	50903011	53556526	31
chr7	53556526	54136875	20
chr7	54136875	54218681	14
chr7	54218681	55129571	20
chr7	55129571	57950944	14
chr7	57950944	59900000	0
chr7	59900000	61072037	0
chr7	61072037	61628365	3
chr7	61628365	62156735	36
chr7	62156735	62161656	28
chr7	62161656	62637345	16
chr7	62637345	63048901	25
chr7	63048901	63952394	16
chr7	63952394	64112442	3
chr7	64112442	64243196	0
chr7	64243196	65063887	3
chr7	65063887	65356718	0
chr7	65356718	65535003	4
chr7	65535003	66047661	0
chr7	66047661	66240944	0
chr7	66240944	78489538	0
chr7	78489538	81774279	3
chr7	81774279	81941264	0
chr7	81941264	82519432	3
chr7	82519432	83945940	3
chr7	83945940	84999319	14
chr7	84999319	87187342	16
chr7	87187342	87963679	10
chr7	87963679	89457786	15
chr7	89457786	89982644	0
chr7	89982644	94437603	0
chr7	94437603	94555193	3
chr7	94555193	96352607	17
chr7	96352607	96376623	3
chr7	96376623	96470348	0
chr7	96470348	98987052	3
chr7	98987052	99491691	11
chr7	99491691	100237071	14
chr7	100237071	100520772	2
chr7	100520772	100537268	14
chr7	100537268	101961217	20
chr7	101961217	103774117	29
chr7	103774117	107686192	34
chr7	107686192	107889673	42
chr7	107889673	108944668	34
chr7	108944668	108957230	28
chr7	108957230	109435445	34
chr7	109435445	109454106	39
chr7	109454106	110298431	34
chr7	110298431	110761050	26
chr7	110761050	111215495	19
chr7	111215495	111843015	26
chr7	111843015	113563937	20
chr7	113563937	115040114	17
chr7	115040114	117765103	5
chr7	117765103	121007183	8
chr7	121007183	124209188	6
chr7	124209188	125686139	2
chr7	125686139	127366880	6
chr7	127366880	129473350	22
chr7	129473350	131357972	28
chr7	131357972	132299863	42
chr7	132299863	132726759	34
chr7	132726759	133202828	42
chr7	133202828	133221287	35
chr7	133221287	133383617	47
chr7	133383617	133528213	53
chr7	133528213	133691757	40
chr7	133691757	133729190	39
chr7	133729190	133778553	39
chr7	133778553	133781915	30
chr7	133781915	133785186	14
chr7	133785186	133798551	19
chr7	133798551	133799163	14
chr7	133799163	133807518	23
chr7	133807518	133858695	39
chr7	133858695	135538946	53
chr7	135538946	137417419	39
chr7	137417419	138855879	45
chr7	138855879	139796577	37
chr7	139796577	140005501	45
chr7	140005501	140242795	37
chr7	140242795	140474027	45
chr7	140474027	141611871	45
chr7	141611871	141756393	40
chr7	141756393	141825875	33
chr7	141825875	143732364	40
chr7	143732364	145872194	24
chr7	145872194	152823430	29
chr7	152823430	152877314	24
chr7	152877314	153320052	29
chr7	153320052	157966965	43
chr7	157966965	158151556	37
chr7	158151556	159138663	43
chr8	0	1158768	0
chr8	1158768	1230510	0
chr8	1230510	7170654	0
chr8	7170654	7252336	0
chr8	7252336	7839781	0
chr8	7839781	9199260	0
chr8	9199260	9382980	0
chr8	9382980	9426901	0
chr8	9426901	9878846	0
chr8	9878846	12241661	0
chr8	12241661	12268731	0
chr8	12268731	12529361	0
chr8	12529361	16723421	0
chr8	16723421	16848399	0
chr8	16848399	16860665	0
chr8	16860665	16968681	0
chr8	16968681	17808229	0
chr8	17808229	17924573	0
chr8	17924573	20617951	0
chr8	20617951	20667237	0
chr8	20667237	23549439	0
chr8	23549439	24973309	0
chr8	24973309	24975039	0
chr8	24975039	24984149	0
chr8	24984149	24991116	0
chr8	24991116	29080808	0
chr8	29080808	29180345	0
chr8	29180345	30090702	0
chr8	30090702	31412162	0
chr8	31412162	36628359	0
chr8	36628359	36701022	0
chr8	36701022	37405262	0
chr8	37405262	39299176	0
chr8	39299176	40146309	0
chr8	40146309	40238943	0
chr8	40238943	40883684	0
chr8	40883684	41107855	13
chr8	41107855	41284124	0
chr8	41284124	42241578	0
chr8	42241578	42772986	5
chr8	42772986	43430222	9
chr8	43430222	43736901	26
chr8	43736901	43762681	20
chr8	43762681	43778914	7
chr8	43778914	45600000	0
chr8	45600000	46936840	4
chr8	46936840	46940022	29
chr8	46940022	50033963	34
chr8	50033963	55747571	20
chr8	55747571	55921165	34
chr8	55921165	55983296	34
chr8	55983296	56335463	20
chr8	56335463	57761910	32
chr8	57761910	58437688	38
chr8	58437688	58581621	32
chr8	58581621	59198158	38
chr8	59198158	59785659	32
chr8	59785659	70390196	38
chr8	70390196	70404230	30
chr8	70404230	70473681	24
chr8	70473681	72792203	30
chr8	72792203	76937501	44
chr8	76937501	77318855	40
chr8	77318855	78585679	48
chr8	78585679	79807005	41
chr8	79807005	79909448	27
chr8	79909448	81564154	41
chr8	81564154	84301137	27
chr8	84301137	89344904	32
chr8	89344904	92797192	27
chr8	92797192	95244612	13
chr8	95244612	97114700	18
chr8	97114700	97655759	10
chr8	97655759	97895596	38
chr8	97895596	99174670	46
chr8	99174670	99221324	38
chr8	99221324	100567050	46
chr8	100567050	100716468	39
chr8	100716468	101068604	46
chr8	101068604	101994728	62
chr8	101994728	102100728	55
chr8	102100728	102383361	62
chr8	102383361	102450229	55
chr8	102450229	102494889	62
chr8	102494889	102666726	62
chr8	102666726	102749503	62
chr8	102749503	102836608	62
chr8	102836608	102880249	62
chr8	102880249	102947727	62
chr8	102947727	103287773	62
chr8	103287773	103524101	62
chr8	103524101	103974344	62
chr8	103974344	104115721	62
chr8	104115721	104435750	62
chr8	104435750	104787083	62
chr8	104787083	105019182	62
chr8	105019182	105122094	62
chr8	105122094	105329405	62
chr8	105329405	105497560	55
chr8	105497560	105937389	62
chr8	105937389	105974835	62
chr8	105974835	106102921	62
chr8	106102921	106211849	62
chr8	106211849	106399077	62
chr8	106399077	106526187	62
chr8	106526187	107203746	62
chr8	107203746	107439856	62
chr8	107439856	107496903	55
chr8	107496903	107503400	55
chr8	107503400	107860243	62
chr8	107860243	107931092	62
chr8	107931092	107998347	62
chr8	107998347	108083032	62
chr8	108083032	108106906	62
chr8	108106906	108294028	62
chr8	108294028	108644976	62
chr8	108644976	108807916	62
chr8	108807916	110000445	72
chr8	110000445	110190250	72
chr8	110190250	110298697	72
chr8	110298697	110599569	72
chr8	110599569	110820246	72
chr8	110820246	111068895	72
chr8	111068895	111212367	72
chr8	111212367	112025620	72
chr8	112025620	113556803	72
chr8	113556803	119907280	72
chr8	119907280	123403605	77
chr8	123403605	123448892	77
chr8	123448892	123648892	77
chr8	123648892	123695579	77
chr8	123695579	123824479	77
chr8	123824479	123877740	77
chr8	123877740	124789059	77
chr8	124789059	126614372	88
chr8	126614372	126646557	88
chr8	126646557	128760699	88
chr8	128760699	129069596	88
chr8	129069596	129856550	88
chr8	129856550	129924936	88
chr8	129924936	130160541	88
chr8	130160541	130163573	88
chr8	130163573	130399259	88
chr8	130399259	130460224	88
chr8	130460224	130601335	88
chr8	130601335	130751184	88
chr8	130751184	130772062	88
chr8	130772062	131075040	88
chr8	131075040	131178760	88
chr8	131178760	131260356	88
chr8	131260356	131314364	88
chr8	131314364	131588388	88
chr8	131588388	131766356	88
chr8	131766356	131834248	88
chr8	131834248	131945576	88
chr8	131945576	132081879	88
chr8	132081879	132355220	88
chr8	132355220	132565665	88
chr8	132565665	133041042	88
chr8	133041042	133080850	88
chr8	133080850	133451825	88
chr8	133451825	133478152	88
chr8	133478152	133568146	88
chr8	133568146	133688356	88
chr8	133688356	133864924	88
chr8	133864924	133922961	88
chr8	133922961	134214866	88
chr8	134214866	134339209	88
chr8	134339209	134536036	88
chr8	134536036	134848992	88
chr8	134848992	135634614	88
chr8	135634614	135655250	88
chr8	135655250	135850506	88
chr8	135850506	136558598	88
chr8	136558598	136666219	88
chr8	136666219	136783363	88
chr8	136783363	137850092	88
chr8	137850092	137959629	88
chr8	137959629	138924392	88
chr8	138924392	139513575	88
chr8	139513575	139662676	88
chr8	139662676	140014313	88
chr8	140014313	140327323	88
chr8	140327323	142274739	88
chr8	142274739	143199296	78
chr8	143199296	146364022	88
chr9	0	533865	0
chr9	533865	1198084	0
chr9	1198084	3679535	0
chr9	3679535	3864636	0
chr9	3864636	4523735	0
chr9	4523735	17398197	0
chr9	17398197	17605280	0
chr9	17605280	20143989	0
chr9	20143989	22168057	0
chr9	22168057	30211950	0
chr9	30211950	30930219	0
chr9	30930219	31511241	0
chr9	31511241	31536933	0
chr9	31536933	32470173	0
chr9	32470173	34337608	0
chr9	34337608	37349336	0
chr9	37349336	37761189	0
chr9	37761189	37857167	0
chr9	37857167	38919096	0
chr9	38919096	43654560	0
chr9	43654560	44203261	0
chr9	44203261	46038858	0
chr9	46038858	46906975	0
chr9	46906975	49000000	0
chr9	49000000	65630934	0
chr9	65630934	66476379	0
chr9	66476379	66630502	0
chr9	66630502	69012953	0
chr9	69012953	69844258	0
chr9	69844258	69858695	0
chr9	69858695	69972125	0
chr9	69972125	70553336	0
chr9	70553336	70997694	0
chr9	70997694	71536237	0
chr9	71536237	71850610	0
chr9	71850610	72081647	0
chr9	72081647	72481431	0
chr9	72481431	74445655	0
chr9	74445655	74852485	0
chr9	74852485	74923429	0
chr9	74923429	74958612	0
chr9	74958612	74961944	0
chr9	74961944	80451712	0
chr9	80451712	95429092	0
chr9	95429092	98112888	0
chr9	98112888	105038792	0
chr9	105038792	107547747	0
chr9	107547747	107671570	0
chr9	107671570	107707605	0
chr9	107707605	108229738	0
chr9	108229738	114063819	0
chr9	114063819	114205477	0
chr9	114205477	116224488	0
chr9	116224488	116340764	0
chr9	116340764	120592973	0
chr9	120592973	120655176	0
chr9	120655176	128495305	0
chr9	128495305	130787547	0
chr9	130787547	130998453	0
chr9	130998453	131101150	0
chr9	131101150	131162525	0
chr9	131162525	131571310	0
chr9	131571310	132214194	0
chr9	132214194	132335018	0
chr9	132335018	135676314	0
chr9	135676314	136135485	0
chr9	136135485	138836992	0
chr9	138836992	139456032	0
chr9	139456032	140255680	0
chr9	140255680	140418718	0
chr9	140418718	140642346	0
chr9	140642346	140706472	0
chr9	140706472	141001584	0
chr9	141001584	141011552	0
chr9	141011552	141213431	0
chr10	0	3002832	60
chr10	3002832	3494811	46
chr10	3494811	6643833	42
chr10	6643833	8541612	34
chr10	8541612	16998516	38
chr10	16998516	17121736	32
chr10	17121736	19370116	38
chr10	19370116	19960869	30
chr10	19960869	20234813	38
chr10	20234813	20298739	52
chr10	20298739	20322754	46
chr10	20322754	22090967	52
chr10	22090967	25071193	38
chr10	25071193	25890518	22
chr10	25890518	28586135	15
chr10	28586135	28660935	15
chr10	28660935	28773360	15
chr10	28773360	29006533	15
chr10	29006533	38834411	15
chr10	38834411	39000378	32
chr10	39000378	39050890	15
chr10	39050890	40200000	9
chr10	40200000	42477859	0
chr10	42477859	42683691	0
chr10	42683691	45392959	0
chr10	45392959	47057252	0
chr10	47057252	47058884	0
chr10	47058884	47067454	0
chr10	47067454	48947023	0
chr10	48947023	49372304	0
chr10	49372304	50256779	0
chr10	50256779	51400235	0
chr10	51400235	51638720	0
chr10	51638720	52641230	0
chr10	52641230	54551073	0
chr10	54551073	54753613	0
chr10	54753613	58529795	0
chr10	58529795	59923982	0
chr10	59923982	60176060	0
chr10	60176060	67451785	0
chr10	67451785	68613497	0
chr10	68613497	69738595	0
chr10	69738595	72756881	0
chr10	72756881	72970971	0
chr10	72970971	76989054	0
chr10	76989054	77136008	0
chr10	77136008	77143538	0
chr10	77143538	77447235	0
chr10	77447235	77580910	0
chr10	77580910	78207353	0
chr10	78207353	78501538	0
chr10	78501538	79191748	0
chr10	79191748	80847025	0
chr10	80847025	81017100	0
chr10	81017100	81541175	0
chr10	81541175	87612526	0
chr10	87612526	87897190	0
chr10	87897190	90871563	0
chr10	90871563	91026237	0
chr10	91026237	91950458	0
chr10	91950458	96114921	0
chr10	96114921	96132136	0
chr10	96132136	96346160	0
chr10	96346160	97016010	0
chr10	97016010	98328865	0
chr10	98328865	98397066	0
chr10	98397066	98486571	0
chr10	98486571	98674466	0
chr10	98674466	98913312	0
chr10	98913312	99531259	0
chr10	99531259	100504042	0
chr10	100504042	100590780	0
chr10	100590780	101036207	0
chr10	101036207	102675651	0
chr10	102675651	104824433	0
chr10	104824433	105639516	0
chr10	105639516	108015665	0
chr10	108015665	108087968	0
chr10	108087968	108180181	0
chr10	108180181	109820085	0
chr10	109820085	110540793	0
chr10	110540793	113620251	0
chr10	113620251	116461076	0
chr10	116461076	124401122	0
chr10	124401122	126851829	0
chr10	126851829	134076411	0
chr10	134076411	135534747	0
chr11	0	2344337	1
chr11	2344337	4967523	0
chr11	4967523	4968348	0
chr11	4968348	4975690	0
chr11	4975690	4976840	10
chr11	4976840	4976872	3
chr11	4976872	5776609	0
chr11	5776609	5783082	8
chr11	5783082	5783803	0
chr11	5783803	5809239	0
chr11	5809239	5816215	0
chr11	5816215	7405467	0
chr11	7405467	7430115	0
chr11	7430115	10861454	0
chr11	10861454	15989092	0
chr11	15989092	19048681	0
chr11	19048681	31173166	0
chr11	31173166	32304746	0
chr11	32304746	32414647	4
chr11	32414647	38155015	0
chr11	38155015	38318202	3
chr11	38318202	42221791	0
chr11	42221791	43499550	9
chr11	43499550	45001628	0
chr11	45001628	45829499	0
chr11	45829499	46452877	0
chr11	46452877	48381197	0
chr11	48381197	48710084	0
chr11	48710084	49013397	0
chr11	49013397	49952960	0
chr11	49952960	50381127	0
chr11	50381127	51126923	0
chr11	51126923	53700000	2
chr11	53700000	54789042	14
chr11	54789042	55882058	16
chr11	55882058	56062103	22
chr11	56062103	56687040	16
chr11	56687040	58193504	16
chr11	58193504	61056180	22
chr11	61056180	63936446	36
chr11	63936446	65089118	45
chr11	65089118	65168758	57
chr11	65168758	65221351	45
chr11	65221351	65926202	51
chr11	65926202	66010991	41
chr11	66010991	66284160	48
chr11	66284160	67455722	41
chr11	67455722	68682197	53
chr11	68682197	69150911	69
chr11	69150911	71339209	69
chr11	71339209	71472668	69
chr11	71472668	71729487	69
chr11	71729487	72001588	75
chr11	72001588	73757590	69
chr11	73757590	81501137	36
chr11	81501137	81519940	30
chr11	81519940	83267857	36
chr11	83267857	89396507	36
chr11	89396507	90800727	28
chr11	90800727	93442151	14
chr11	93442151	93928430	0
chr11	93928430	96977142	0
chr11	96977142	100863939	22
chr11	100863939	101206652	31
chr11	101206652	101316968	23
chr11	101316968	101633422	14
chr11	101633422	102248060	22
chr11	102248060	102441391	16
chr11	102441391	107046162	16
chr11	107046162	107223767	5
chr11	107223767	107278074	0
chr11	107278074	107552346	5
chr11	107552346	107815455	10
chr11	107815455	108409388	5
chr11	108409388	108478795	10
chr11	108478795	120914021	5
chr11	120914021	121615592	11
chr11	121615592	122317971	17
chr11	122317971	127484726	9
chr11	127484726	127662514	2
chr11	127662514	128313941	9
chr11	128313941	128383500	2
chr11	128383500	130293369	9
chr11	130293369	131381963	14
chr11	131381963	131523002	9
chr11	131523002	132603762	14
chr11	132603762	132685342	8
chr11	132685342	134298991	14
chr11	134298991	135006516	3
chr12	0	185876	36
chr12	185876	867533	36
chr12	867533	869231	32
chr12	869231	874692	26
chr12	874692	875800	32
chr12	875800	1015275	41
chr12	1015275	2211552	36
chr12	2211552	2276891	36
chr12	2276891	2673219	36
chr12	2673219	4368743	48
chr12	4368743	4397717	48
chr12	4397717	5588802	48
chr12	5588802	5618096	53
chr12	5618096	6352356	48
chr12	6352356	7066150	48
chr12	7066150	8369457	42
chr12	8369457	8595219	42
chr12	8595219	9346873	42
chr12	9346873	9880237	34
chr12	9880237	10773967	42
chr12	10773967	11298976	31
chr12	11298976	12267300	37
chr12	12267300	12618610	29
chr12	12618610	13554988	34
chr12	13554988	13574632	34
chr12	13574632	14933162	34
chr12	14933162	17704810	42
chr12	17704810	19742896	52
chr12	19742896	20354831	47
chr12	20354831	20535425	35
chr12	20535425	26180403	47
chr12	26180403	29565547	60
chr12	29565547	30732515	51
chr12	30732515	31267178	60
chr12	31267178	31404749	55
chr12	31404749	31656852	60
chr12	31656852	33539881	49
chr12	33539881	34157236	54
chr12	34157236	34250101	54
chr12	34250101	34442340	41
chr12	34442340	34449192	35
chr12	34449192	34756673	41
chr12	34756673	35800000	24
chr12	35800000	37857751	5
chr12	37857751	37959632	19
chr12	37959632	38184619	61
chr12	38184619	38981461	49
chr12	38981461	39294272	35
chr12	39294272	41757427	49
chr12	41757427	41890513	41
chr12	41890513	42118626	49
chr12	42118626	42142319	41
chr12	42142319	42364134	36
chr12	42364134	42848096	41
chr12	42848096	43266358	46
chr12	43266358	44191954	41
chr12	44191954	44810763	55
chr12	44810763	45099944	54
chr12	45099944	46039963	43
chr12	46039963	47380646	43
chr12	47380646	47552464	38
chr12	47552464	47679578	33
chr12	47679578	48272259	20
chr12	48272259	52655018	24
chr12	52655018	54550804	32
chr12	54550804	61318474	24
chr12	61318474	61347939	19
chr12	61347939	61847458	24
chr12	61847458	66107193	24
chr12	66107193	69163574	29
chr12	69163574	74382614	34
chr12	74382614	78653407	30
chr12	78653407	79797501	24
chr12	79797501	85111494	38
chr12	85111494	86172883	30
chr12	86172883	89456108	26
chr12	89456108	90288175	21
chr12	90288175	90341028	7
chr12	90341028	90640659	12
chr12	90640659	91110462	7
chr12	91110462	91726628	0
chr12	91726628	99877469	0
chr12	99877469	108648285	7
chr12	108648285	110810022	15
chr12	110810022	111090868	20
chr12	111090868	112626367	15
chr12	112626367	112857872	15
chr12	112857872	118471189	22
chr12	118471189	118585817	5
chr12	118585817	121190339	22
chr12	121190339	122468496	15
chr12	122468496	122668397	20
chr12	122668397	127631993	15
chr12	127631993	128858058	3
chr12	128858058	129132098	0
chr12	129132098	129229699	3
chr12	129229699	129234007	0
chr12	129234007	129432325	3
chr12	129432325	129479971	9
chr12	129479971	132057774	3
chr12	132057774	133851895	9
chr13	0	17900000	0
chr13	17900000	19123483	0
chr13	19123483	19368903	0
chr13	19368903	20040358	0
chr13	20040358	23182349	0
chr13	23182349	23299280	0
chr13	23299280	24233960	0
chr13	24233960	24462563	0
chr13	24462563	26401917	0
chr13	26401917	27322858	0
chr13	27322858	27371237	0
chr13	27371237	32532096	0
chr13	32532096	32539241	0
chr13	32539241	33593185	0
chr13	33593185	33892592	0
chr13	33892592	34532745	0
chr13	34532745	37658282	0
chr13	37658282	38070759	0
chr13	38070759	38088504	0
chr13	38088504	38493772	0
chr13	38493772	40851034	0
chr13	40851034	40921793	0
chr13	40921793	41038913	0
chr13	41038913	41608675	0
chr13	41608675	42035000	0
chr13	42035000	42163876	0
chr13	42163876	45309841	0
chr13	45309841	47948410	0
chr13	47948410	48401999	0
chr13	48401999	51606850	0
chr13	51606850	57754683	0
chr13	57754683	57784047	0
chr13	57784047	63801447	0
chr13	63801447	67186489	0
chr13	67186489	68509523	0
chr13	68509523	68674087	0
chr13	68674087	69161092	0
chr13	69161092	71585437	0
chr13	71585437	71768962	0
chr13	71768962	72035814	0
chr13	72035814	72309434	0
chr13	72309434	80331924	0
chr13	80331924	86503160	0
chr13	86503160	87310172	0
chr13	87310172	87512374	0
chr13	87512374	91188583	0
chr13	91188583	92501549	0
chr13	92501549	92596428	0
chr13	92596428	93434748	0
chr13	93434748	93540614	0
chr13	93540614	95146960	0
chr13	95146960	95775672	0
chr13	95775672	101005742	0
chr13	101005742	101316802	0
chr13	101316802	111382161	0
chr13	111382161	113701943	0
chr13	113701943	113828083	0
chr13	113828083	115169878	0
chr14	0	17600000	0
chr14	17600000	19108176	0
chr14	19108176	19392293	22
chr14	19392293	21452367	22
chr14	21452367	21510779	14
chr14	21510779	21737743	22
chr14	21737743	22050572	31
chr14	22050572	22647387	22
chr14	22647387	22937933	19
chr14	22937933	22978459	33
chr14	22978459	23432148	19
chr14	23432148	23701149	0
chr14	23701149	25247573	0
chr14	25247573	25468424	0
chr14	25468424	25947675	0
chr14	25947675	26113867	11
chr14	26113867	26200047	11
chr14	26200047	29278028	15
chr14	29278028	31364981	0
chr14	31364981	31583162	0
chr14	31583162	33453889	0
chr14	33453889	33864890	0
chr14	33864890	36163736	0
chr14	36163736	39218778	0
chr14	39218778	40170222	0
chr14	40170222	40347285	0
chr14	40347285	40585072	0
chr14	40585072	46656497	0
chr14	46656497	46843808	0
chr14	46843808	46980567	0
chr14	46980567	47052870	0
chr14	47052870	48095598	0
chr14	48095598	48509208	0
chr14	48509208	49519135	0
chr14	49519135	49813140	0
chr14	49813140	50562820	0
chr14	50562820	52297572	0
chr14	52297572	52351425	0
chr14	52351425	56959736	0
chr14	56959736	57065914	0
chr14	57065914	58003754	0
chr14	58003754	60319426	0
chr14	60319426	60626581	0
chr14	60626581	61615205	0
chr14	61615205	64702206	0
chr14	64702206	68480212	0
chr14	68480212	69110216	0
chr14	69110216	70316155	0
chr14	70316155	72812733	0
chr14	72812733	73012275	0
chr14	73012275	73152978	0
chr14	73152978	73164166	0
chr14	73164166	73403454	0
chr14	73403454	78239290	0
chr14	78239290	78262049	0
chr14	78262049	78425636	0
chr14	78425636	78745866	0
chr14	78745866	82111728	0
chr14	82111728	83411352	0
chr14	83411352	85752152	0
chr14	85752152	87780251	0
chr14	87780251	90735309	0
chr14	90735309	90821723	0
chr14	90821723	90933375	0
chr14	90933375	90993637	0
chr14	90993637	91234829	0
chr14	91234829	98081246	0
chr14	98081246	98187553	0
chr14	98187553	98274808	0
chr14	98274808	103666669	0
chr14	103666669	104183990	0
chr14	104183990	104875275	0
chr14	104875275	104963862	0
chr14	104963862	105264158	0
chr14	105264158	106049634	0
chr14	106049634	106835012	0
chr14	106835012	106880592	0
chr14	106880592	106918378	0
chr14	106918378	107349540	0
chr15	0	19000000	0
chr15	19000000	20071673	0
chr15	20071673	20101641	4
chr15	20101641	20394175	29
chr15	20394175	20571284	20
chr15	20571284	21095458	11
chr15	21095458	22156594	19
chr15	22156594	23226361	11
chr15	23226361	23701596	19
chr15	23701596	23849282	14
chr15	23849282	23850203	14
chr15	23850203	24704709	19
chr15	24704709	24788483	19
chr15	24788483	25093683	19
chr15	25093683	25551437	8
chr15	25551437	29510247	0
chr15	29510247	34643981	0
chr15	34643981	34727855	0
chr15	34727855	34800448	0
chr15	34800448	34811604	0
chr15	34811604	39365349	0
chr15	39365349	39530873	0
chr15	39530873	41144629	0
chr15	41144629	41205569	0
chr15	41205569	41669742	0
chr15	41669742	42645830	0
chr15	42645830	42764920	0
chr15	42764920	51439630	0
chr15	51439630	51820737	0
chr15	51820737	60132824	0
chr15	60132824	63532265	0
chr15	63532265	65180921	0
chr15	65180921	65331603	0
chr15	65331603	66358500	3
chr15	66358500	66697047	0
chr15	66697047	73486244	3
chr15	73486244	73768472	0
chr15	73768472	73896972	0
chr15	73896972	75608498	0
chr15	75608498	75619863	0
chr15	75619863	76855164	24
chr15	76855164	76902218	28
chr15	76902218	76902724	26
chr15	76902724	77209634	12
chr15	77209634	77262031	26
chr15	77262031	77514621	21
chr15	77514621	77554136	29
chr15	77554136	77762484	34
chr15	77762484	83537207	29
chr15	83537207	85709196	36
chr15	85709196	85884325	23
chr15	85884325	91315068	36
chr15	91315068	91330538	20
chr15	91330538	91484057	36
chr15	91484057	92602918	37
chr15	92602918	92744220	42
chr15	92744220	92827866	28
chr15	92827866	93478995	42
chr15	93478995	94362342	54
chr15	94362342	94410117	48
chr15	94410117	101638972	54
chr15	101638972	102388567	49
chr15	102388567	102531392	44
chr16	0	560962	0
chr16	560962	1890993	0
chr16	1890993	2368641	0
chr16	2368641	2792963	0
chr16	2792963	3135478	0
chr16	3135478	3438664	0
chr16	3438664	3865262	0
chr16	3865262	4038943	0
chr16	4038943	4425658	0
chr16	4425658	8205010	0
chr16	8205010	8303120	0
chr16	8303120	10333606	0
chr16	10333606	10468652	0
chr16	10468652	14068846	0
chr16	14068846	14124339	0
chr16	14124339	14897809	0
chr16	14897809	15083070	0
chr16	15083070	15449222	0
chr16	15449222	17743600	0
chr16	17743600	17864041	0
chr16	17864041	18093450	0
chr16	18093450	25737464	0
chr16	25737464	26270629	0
chr16	26270629	31409991	0
chr16	31409991	33470340	0
chr16	33470340	33581422	0
chr16	33581422	34821104	0
chr16	34821104	35183806	0
chr16	35183806	36600000	0
chr16	36600000	46491374	0
chr16	46491374	46557282	0
chr16	46557282	46967722	0
chr16	46967722	47550632	0
chr16	47550632	48583917	0
chr16	48583917	49163881	0
chr16	49163881	53352792	0
chr16	53352792	53456960	0
chr16	53456960	53473434	0
chr16	53473434	53860933	0
chr16	53860933	56102822	0
chr16	56102822	70575838	0
chr16	70575838	70833930	0
chr16	70833930	70854785	0
chr16	70854785	71170120	0
chr16	71170120	71203996	0
chr16	71203996	71209063	0
chr16	71209063	85789294	0
chr16	85789294	90354753	0
chr17	0	34483	0
chr17	34483	1591599	0
chr17	1591599	1739814	0
chr17	1739814	4226049	0
chr17	4226049	4330618	0
chr17	4330618	4544405	0
chr17	4544405	4977639	0
chr17	4977639	7574793	0
chr17	7574793	7840981	0
chr17	7840981	7887302	0
chr17	7887302	7964242	0
chr17	7964242	8089915	0
chr17	8089915	13785507	0
chr17	13785507	13849603	0
chr17	13849603	14400622	0
chr17	14400622	14455256	0
chr17	14455256	14753889	0
chr17	14753889	14821911	0
chr17	14821911	16246109	0
chr17	16246109	16392944	0
chr17	16392944	17627399	0
chr17	17627399	18711552	0
chr17	18711552	21953994	0
chr17	21953994	22062395	0
chr17	22062395	22145506	0
chr17	22145506	22217883	0
chr17	22217883	22235650	0
chr17	22235650	24000000	0
chr17	24000000	25311244	0
chr17	25311244	25313829	0
chr17	25313829	25346692	0
chr17	25346692	25423004	0
chr17	25423004	25721088	0
chr17	25721088	25787576	0
chr17	25787576	26703737	0
chr17	26703737	32320170	0
chr17	32320170	34465244	0
chr17	34465244	36145014	0
chr17	36145014	37361135	0
chr17	37361135	37627261	0
chr17	37627261	37772980	0
chr17	37772980	37804840	0
chr17	37804840	37942451	0
chr17	37942451	39422361	0
chr17	39422361	39431628	0
chr17	39431628	40273062	0
chr17	40273062	41010638	0
chr17	41010638	41269618	0
chr17	41269618	43077500	0
chr17	43077500	43535181	0
chr17	43535181	43659384	0
chr17	43659384	43710399	0
chr17	43710399	45286277	0
chr17	45286277	45358528	0
chr17	45358528	45661626	0
chr17	45661626	46018143	0
chr17	46018143	46262980	0
chr17	46262980	46431174	0
chr17	46431174	46519872	0
chr17	46519872	46631354	0
chr17	46631354	48032955	15
chr17	48032955	48152578	34
chr17	48152578	54112253	25
chr17	54112253	54159979	39
chr17	54159979	54172701	27
chr17	54172701	54378139	39
chr17	54378139	55927645	25
chr17	55927645	56460641	19
chr17	56460641	57638312	25
chr17	57638312	58324492	39
chr17	58324492	58359447	25
chr17	58359447	58825137	33
chr17	58825137	59004129	17
chr17	59004129	62776063	33
chr17	62776063	63279899	33
chr17	63279899	65837097	38
chr17	65837097	66095295	44
chr17	66095295	69180530	38
chr17	69180530	71744878	32
chr17	71744878	74028803	42
chr17	74028803	74302165	25
chr17	74302165	77402903	42
chr17	77402903	77470416	30
chr17	77470416	79340597	42
chr17	79340597	79456872	32
chr17	79456872	81195210	42
chr18	0	497735	18
chr18	497735	1963963	9
chr18	1963963	3438593	16
chr18	3438593	3527101	21
chr18	3527101	7628897	16
chr18	7628897	7757610	7
chr18	7757610	10032112	16
chr18	10032112	10034104	0
chr18	10034104	10115432	0
chr18	10115432	12000526	16
chr18	12000526	14516434	2
chr18	14516434	15048905	21
chr18	15048905	15183047	12
chr18	15183047	15307817	17
chr18	15307817	17200000	0
chr18	17200000	18609580	3
chr18	18609580	18611243	0
chr18	18611243	18799520	10
chr18	18799520	19227375	19
chr18	19227375	19234895	19
chr18	19234895	19482238	14
chr18	19482238	19545252	14
chr18	19545252	22666640	14
chr18	22666640	22678924	2
chr18	22678924	22898288	2
chr18	22898288	23159180	13
chr18	23159180	24274479	13
chr18	24274479	24417597	13
chr18	24417597	25430689	13
chr18	25430689	26595835	13
chr18	26595835	26840958	13
chr18	26840958	26982955	18
chr18	26982955	27153105	0
chr18	27153105	31149381	0
chr18	31149381	31268490	0
chr18	31268490	33474744	0
chr18	33474744	34457831	0
chr18	34457831	35874561	0
chr18	35874561	36264809	0
chr18	36264809	36332684	0
chr18	36332684	36494720	0
chr18	36494720	37820762	0
chr18	37820762	38218378	0
chr18	38218378	38258076	0
chr18	38258076	38406902	0
chr18	38406902	39631483	0
chr18	39631483	39736839	0
chr18	39736839	40067712	0
chr18	40067712	40191609	0
chr18	40191609	40647570	0
chr18	40647570	40719211	0
chr18	40719211	40877420	0
chr18	40877420	40932006	0
chr18	40932006	41340065	0
chr18	41340065	41438523	0
chr18	41438523	41492228	0
chr18	41492228	42105622	0
chr18	42105622	42803061	0
chr18	42803061	42881573	0
chr18	42881573	43099571	0
chr18	43099571	43515280	0
chr18	43515280	43821092	0
chr18	43821092	45341275	0
chr18	45341275	45404576	0
chr18	45404576	45413665	0
chr18	45413665	47087074	0
chr18	47087074	52228608	0
chr18	52228608	52326350	0
chr18	52326350	55486332	0
chr18	55486332	72729268	0
chr18	72729268	72818097	0
chr18	72818097	78077248	0
chr19	0	803515	0
chr19	803515	1163693	0
chr19	1163693	1981910	0
chr19	1981910	2387574	0
chr19	2387574	3332545	0
chr19	3332545	3548883	0
chr19	3548883	3794146	0
chr19	3794146	5943672	0
chr19	5943672	6230145	0
chr19	6230145	6368207	0
chr19	6368207	7222558	0
chr19	7222558	7295879	0
chr19	7295879	8028300	0
chr19	8028300	8914460	0
chr19	8914460	9060310	0
chr19	9060310	9473089	0
chr19	9473089	9674523	0
chr19	9674523	9879827	5
chr19	9879827	9914416	18
chr19	9914416	11585157	4
chr19	11585157	11770233	0
chr19	11770233	12970934	0
chr19	12970934	14715823	0
chr19	14715823	15224968	32
chr19	15224968	15384200	25
chr19	15384200	15419148	25
chr19	15419148	15765255	32
chr19	15765255	15833349	25
chr19	15833349	15894976	32
chr19	15894976	15980340	26
chr19	15980340	16074750	32
chr19	16074750	16391954	32
chr19	16391954	17671081	32
chr19	17671081	17939118	25
chr19	17939118	17968162	25
chr19	17968162	18921018	0
chr19	18921018	19073581	0
chr19	19073581	19119358	3
chr19	19119358	19239358	3
chr19	19239358	20134126	0
chr19	20134126	20325330	25
chr19	20325330	20494554	25
chr19	20494554	20598770	25
chr19	20598770	20805926	25
chr19	20805926	20896285	0
chr19	20896285	21038378	0
chr19	21038378	21141655	25
chr19	21141655	21216615	25
chr19	21216615	21462980	20
chr19	21462980	21610862	20
chr19	21610862	21701554	20
chr19	21701554	21767134	20
chr19	21767134	22302574	20
chr19	22302574	22315792	15
chr19	22315792	22352812	15
chr19	22352812	22381391	15
chr19	22381391	22442129	15
chr19	22442129	22734101	20
chr19	22734101	23051486	34
chr19	23051486	23158482	34
chr19	23158482	23225561	34
chr19	23225561	23760233	17
chr19	23760233	23812456	23
chr19	23812456	24023775	13
chr19	24023775	24051504	23
chr19	24051504	24340714	31
chr19	24340714	24424033	48
chr19	24424033	24521623	59
chr19	24521623	26500000	0
chr19	26500000	27828664	16
chr19	27828664	27838898	26
chr19	27838898	28072426	57
chr19	28072426	28156224	45
chr19	28156224	28318539	29
chr19	28318539	28467280	29
chr19	28467280	28584839	36
chr19	28584839	28609038	36
chr19	28609038	28640027	22
chr19	28640027	29104114	22
chr19	29104114	29356696	22
chr19	29356696	29418521	22
chr19	29418521	29502477	16
chr19	29502477	29517539	16
chr19	29517539	30818944	22
chr19	30818944	30981186	22
chr19	30981186	31889275	22
chr19	31889275	31956806	38
chr19	31956806	31960157	38
chr19	31960157	32008374	33
chr19	32008374	32125142	38
chr19	32125142	32555907	38
chr19	32555907	32749788	38
chr19	32749788	32970842	38
chr19	32970842	33664194	46
chr19	33664194	33729879	46
chr19	33729879	34111989	46
chr19	34111989	34720350	63
chr19	34720350	35646223	44
chr19	35646223	35675439	37
chr19	35675439	35849408	44
chr19	35849408	35852423	32
chr19	35852423	35861731	16
chr19	35861731	35866878	32
chr19	35866878	36553363	44
chr19	36553363	36853226	37
chr19	36853226	37872864	44
chr19	37872864	38056807	37
chr19	38056807	39262899	44
chr19	39262899	40046901	46
chr19	40046901	40169310	39
chr19	40169310	40329046	39
chr19	40329046	40357535	32
chr19	40357535	40434243	32
chr19	40434243	40605358	39
chr19	40605358	41277115	5
chr19	41277115	41397515	0
chr19	41397515	41525700	0
chr19	41525700	43784815	0
chr19	43784815	44255588	14
chr19	44255588	44804836	2
chr19	44804836	45097141	0
chr19	45097141	47303050	0
chr19	47303050	47416332	0
chr19	47416332	48463259	0
chr19	48463259	48483447	0
chr19	48483447	49814924	0
chr19	49814924	50860543	0
chr19	50860543	54347807	0
chr19	54347807	54657149	0
chr19	54657149	59128983	0
chr20	0	614603	51
chr20	614603	7226365	46
chr20	7226365	7868710	51
chr20	7868710	10721508	46
chr20	10721508	12645231	52
chr20	12645231	12729439	46
chr20	12729439	12811247	52
chr20	12811247	13491557	58
chr20	13491557	15637678	51
chr20	15637678	16043439	47
chr20	16043439	17343615	35
chr20	17343615	21924535	29
chr20	21924535	26080935	35
chr20	26080935	26125431	35
chr20	26125431	26210632	47
chr20	26210632	26232228	33
chr20	26232228	26239964	21
chr20	26239964	26288535	4
chr20	26288535	26289925	0
chr20	26289925	27500000	3
chr20	27500000	29471217	17
chr20	29471217	32198290	45
chr20	32198290	32224228	31
chr20	32224228	32485111	0
chr20	32485111	33230641	14
chr20	33230641	36562852	47
chr20	36562852	37195174	47
chr20	37195174	37379394	47
chr20	37379394	39230595	14
chr20	39230595	39550961	47
chr20	39550961	39558305	39
chr20	39558305	40999505	47
chr20	40999505	41063323	47
chr20	41063323	43440196	47
chr20	43440196	43493171	47
chr20	43493171	43702813	47
chr20	43702813	43897738	54
chr20	43897738	44042410	47
chr20	44042410	44093689	47
chr20	44093689	44220084	47
chr20	44220084	44311049	47
chr20	44311049	46591723	47
chr20	46591723	47737656	61
chr20	47737656	47886219	68
chr20	47886219	48543141	61
chr20	48543141	48970746	68
chr20	48970746	49162213	78
chr20	49162213	50001298	68
chr20	50001298	50290088	68
chr20	50290088	50384371	68
chr20	50384371	50564330	68
chr20	50564330	50659047	68
chr20	50659047	52091814	68
chr20	52091814	53262428	80
chr20	53262428	53389461	46
chr20	53389461	53696564	35
chr20	53696564	53793288	28
chr20	53793288	54127289	35
chr20	54127289	60064023	39
chr20	60064023	62670322	49
chr20	62670322	63025520	43
chr21	0	9764385	0
chr21	9764385	11018120	5
chr21	11018120	11039570	12
chr21	11039570	11083847	4
chr21	11083847	13200000	0
chr21	13200000	14386013	0
chr21	14386013	14446700	0
chr21	14446700	14620400	18
chr21	14620400	15679443	12
chr21	15679443	16464021	4
chr21	16464021	16573424	17
chr21	16573424	18769539	28
chr21	18769539	18780316	20
chr21	18780316	18829359	15
chr21	18829359	18830716	23
chr21	18830716	18892333	19
chr21	18892333	27339341	25
chr21	27339341	27448778	18
chr21	27448778	27458215	25
chr21	27458215	27569516	19
chr21	27569516	27612652	12
chr21	27612652	27662177	18
chr21	27662177	28451383	25
chr21	28451383	28458923	13
chr21	28458923	32718311	25
chr21	32718311	33425621	20
chr21	33425621	33458436	25
chr21	33458436	33762538	19
chr21	33762538	35089691	20
chr21	35089691	35253014	3
chr21	35253014	37063642	20
chr21	37063642	44730323	8
chr21	44730323	45133776	18
chr21	45133776	45307653	1
chr21	45307653	47509664	18
chr21	47509664	47652486	0
chr21	47652486	47657715	6
chr21	47657715	47964074	1
chr21	47964074	48129895	6
chr22	0	14700000	0
chr22	14700000	16059734	0
chr22	16059734	16151161	0
chr22	16151161	16477285	0
chr22	16477285	16774157	0
chr22	16774157	16875979	0
chr22	16875979	16877182	0
chr22	16877182	16893474	0
chr22	16893474	17140259	0
chr22	17140259	17203447	0
chr22	17203447	17315480	0
chr22	17315480	17342636	0
chr22	17342636	18613967	0
chr22	18613967	18631528	0
chr22	18631528	18664366	0
chr22	18664366	19006554	0
chr22	19006554	19315626	0
chr22	19315626	20019103	0
chr22	20019103	20306072	0
chr22	20306072	24347476	0
chr22	24347476	24399172	0
chr22	24399172	24442107	0
chr22	24442107	25719035	0
chr22	25719035	25784601	0
chr22	25784601	28149283	0
chr22	28149283	28297029	0
chr22	28297029	28605885	0
chr22	28605885	29026071	0
chr22	29026071	29189494	0
chr22	29189494	29269841	0
chr22	29269841	29653414	0
chr22	29653414	29743743	0
chr22	29743743	30739868	0
chr22	30739868	30826095	0
chr22	30826095	31432843	0
chr22	31432843	31574576	0
chr22	31574576	31657683	0
chr22	31657683	31700640	0
chr22	31700640	31810485	0
chr22	31810485	31812545	0
chr22	31812545	32144376	0
chr22	32144376	32451500	0
chr22	32451500	33208374	0
chr22	33208374	35739517	0
chr22	35739517	36119231	0
chr22	36119231	36762860	0
chr22	36762860	37999038	0
chr22	37999038	38117784	0
chr22	38117784	38832615	0
chr22	38832615	40439090	0
chr22	40439090	40874840	0
chr22	40874840	41239363	0
chr22	41239363	41605107	0
chr22	41605107	41704388	0
chr22	41704388	42579065	0
chr22	42579065	43209053	0
chr22	43209053	43310061	0
chr22	43310061	43445631	0
chr22	43445631	44878506	0
chr22	44878506	45895551	0
chr22	45895551	46044783	0
chr22	46044783	48804406	0
chr22	48804406	49177359	0
chr22	49177359	49694321	0
chr22	49694321	49761909	0
chr22	49761909	49820682	0
chr22	49820682	50044842	0
chr22	50044842	50535370	0
chr22	50535370	50691584	0
chr22	50691584	51133399	0
chr22	51133399	51193712	0
chr22	51193712	51304566	0
chrX	0	582042	0
chrX	582042	586088	0
chrX	586088	954494	0
chrX	954494	968584	0
chrX	968584	1837799	0
chrX	1837799	1839899	0
chrX	1839899	2341842	0
chrX	2341842	2578122	0
chrX	2578122	2684878	0
chrX	2684878	4019587	0
chrX	4019587	6022967	0
chrX	6022967	6104066	0
chrX	6104066	6455386	0
chrX	6455386	7743346	0
chrX	7743346	8222112	0
chrX	8222112	9559837	0
chrX	9559837	9601591	0
chrX	9601591	9861458	0
chrX	9861458	9917616	0
chrX	9917616	10172747	0
chrX	10172747	10559526	0
chrX	10559526	10831613	0
chrX	10831613	11485946	0
chrX	11485946	12884482	0
chrX	12884482	12940379	0
chrX	12940379	23565815	0
chrX	23565815	33087411	0
chrX	33087411	38680380	0
chrX	38680380	40646659	0
chrX	40646659	47124220	0
chrX	47124220	47341885	0
chrX	47341885	47594908	0
chrX	47594908	48373078	0
chrX	48373078	48960782	0
chrX	48960782	50114690	0
chrX	50114690	50637881	0
chrX	50637881	51830728	0
chrX	51830728	51864777	0
chrX	51864777	56955721	0
chrX	56955721	56980919	0
chrX	56980919	59140942	0
chrX	59140942	59152049	0
chrX	59152049	59178820	0
chrX	59178820	59331578	0
chrX	59331578	60600000	0
chrX	60600000	61818199	0
chrX	61818199	62097821	0
chrX	62097821	65456111	0
chrX	65456111	65606577	0
chrX	65606577	68279680	0
chrX	68279680	68387060	0
chrX	68387060	73065067	0
chrX	73065067	73225779	0
chrX	73225779	84025824	0
chrX	84025824	84101164	0
chrX	84101164	87497686	0
chrX	87497686	87539411	0
chrX	87539411	95305272	0
chrX	95305272	95307189	0
chrX	95307189	111889395	0
chrX	111889395	112976743	0
chrX	112976743	120941564	0
chrX	120941564	122394677	0
chrX	122394677	122962646	0
chrX	122962646	123201912	0
chrX	123201912	128713735	0
chrX	128713735	132951831	0
chrX	132951831	133188322	0
chrX	133188322	134895017	0
chrX	134895017	146388609	0
chrX	146388609	147756723	0
chrX	147756723	147971275	0
chrX	147971275	151538653	0
chrX	151538653	153241449	0
chrX	153241449	153558354	0
chrX	153558354	153559531	0
chrX	153559531	155270560	0
chrY	0	12500000	0
chrY	12500000	59373566	0