Chromosome Region	Start	End	loss
chr1	0	715604	8
chr1	715604	1253336	1
chr1	1253336	1712980	0
chr1	1712980	7272421	1
chr1	7272421	8066167	7
chr1	8066167	16222530	19
chr1	16222530	16870321	18
chr1	16870321	17082652	35
chr1	17082652	19791916	18
chr1	19791916	19823694	13
chr1	19823694	21596504	18
chr1	21596504	23675595	32
chr1	23675595	23885226	13
chr1	23885226	24755956	22
chr1	24755956	26132903	31
chr1	26132903	26253274	19
chr1	26253274	29162232	31
chr1	29162232	33364410	17
chr1	33364410	34125407	12
chr1	34125407	35051963	5
chr1	35051963	35087951	0
chr1	35087951	35109386	0
chr1	35109386	35133004	0
chr1	35133004	35412771	5
chr1	35412771	35627105	12
chr1	35627105	37197385	5
chr1	37197385	37324799	0
chr1	37324799	37932773	0
chr1	37932773	40342039	0
chr1	40342039	40552080	0
chr1	40552080	42563757	0
chr1	42563757	44146114	0
chr1	44146114	44418939	0
chr1	44418939	47498281	0
chr1	47498281	47683535	0
chr1	47683535	48060099	0
chr1	48060099	49086652	0
chr1	49086652	49191814	0
chr1	49191814	51567717	0
chr1	51567717	52958901	0
chr1	52958901	55772823	0
chr1	55772823	59105706	0
chr1	59105706	63963387	0
chr1	63963387	65408346	0
chr1	65408346	67744550	0
chr1	67744550	72748221	0
chr1	72748221	72753227	0
chr1	72753227	72759523	0
chr1	72759523	72768926	0
chr1	72768926	72811532	5
chr1	72811532	72892440	0
chr1	72892440	75387692	0
chr1	75387692	77593002	0
chr1	77593002	79271118	0
chr1	79271118	79600809	0
chr1	79600809	79734707	0
chr1	79734707	79871446	0
chr1	79871446	80559482	0
chr1	80559482	85227871	1
chr1	85227871	85368692	9
chr1	85368692	86636982	1
chr1	86636982	97550136	0
chr1	97550136	98522711	0
chr1	98522711	98806329	0
chr1	98806329	99683944	0
chr1	99683944	100084871	0
chr1	100084871	111620285	0
chr1	111620285	112693006	1
chr1	112693006	112706196	0
chr1	112706196	113135027	1
chr1	113135027	117321742	6
chr1	117321742	117520161	0
chr1	117520161	117686645	0
chr1	117686645	117810519	0
chr1	117810519	120468751	0
chr1	120468751	120621451	0
chr1	120621451	120685338	0
chr1	120685338	121185034	0
chr1	121185034	121230790	0
chr1	121230790	121291080	0
chr1	121291080	125000000	0
chr1	125000000	143458436	0
chr1	143458436	144915935	0
chr1	144915935	145007448	0
chr1	145007448	150662184	0
chr1	150662184	150811010	0
chr1	150811010	151529156	0
chr1	151529156	152510839	0
chr1	152510839	152588544	0
chr1	152588544	154522918	0
chr1	154522918	154723755	0
chr1	154723755	155056665	0
chr1	155056665	155194365	0
chr1	155194365	155247949	0
chr1	155247949	160278300	0
chr1	160278300	169242084	0
chr1	169242084	170086918	0
chr1	170086918	180514472	0
chr1	180514472	182443276	0
chr1	182443276	189157358	0
chr1	189157358	196698279	0
chr1	196698279	196710420	0
chr1	196710420	196828843	0
chr1	196828843	196843835	0
chr1	196843835	202094062	0
chr1	202094062	212830606	0
chr1	212830606	212996044	0
chr1	212996044	213068227	0
chr1	213068227	213308598	0
chr1	213308598	214528793	0
chr1	214528793	216440418	0
chr1	216440418	216590341	0
chr1	216590341	217375352	0
chr1	217375352	217754871	0
chr1	217754871	218463217	0
chr1	218463217	218796127	0
chr1	218796127	218964374	0
chr1	218964374	222112298	0
chr1	222112298	222229268	0
chr1	222229268	223437186	0
chr1	223437186	223556434	0
chr1	223556434	223877121	0
chr1	223877121	224197457	0
chr1	224197457	229888393	0
chr1	229888393	232948623	0
chr1	232948623	240407323	0
chr1	240407323	244870678	0
chr1	244870678	244948353	0
chr1	244948353	245285976	0
chr1	245285976	245673603	0
chr1	245673603	248693003	0
chr1	248693003	249250621	0
chr2	0	179414	0
chr2	179414	1359742	0
chr2	1359742	3765713	0
chr2	3765713	3817344	0
chr2	3817344	4209776	0
chr2	4209776	4232416	0
chr2	4232416	5999092	0
chr2	5999092	6120288	0
chr2	6120288	6420338	0
chr2	6420338	10204588	0
chr2	10204588	10484183	0
chr2	10484183	14702922	0
chr2	14702922	18548422	0
chr2	18548422	19465488	0
chr2	19465488	19658315	0
chr2	19658315	20455690	0
chr2	20455690	22900435	0
chr2	22900435	23102421	0
chr2	23102421	23738366	0
chr2	23738366	26916131	0
chr2	26916131	28216809	0
chr2	28216809	31026712	0
chr2	31026712	34829442	0
chr2	34829442	35972005	0
chr2	35972005	35992716	0
chr2	35992716	41809180	0
chr2	41809180	45820839	0
chr2	45820839	45907574	0
chr2	45907574	46365262	0
chr2	46365262	50894160	0
chr2	50894160	52322062	0
chr2	52322062	52517024	0
chr2	52517024	52739077	0
chr2	52739077	52747747	0
chr2	52747747	52784752	0
chr2	52784752	54067275	0
chr2	54067275	60472351	0
chr2	60472351	61238050	0
chr2	61238050	68950312	0
chr2	68950312	72501505	0
chr2	72501505	72787595	0
chr2	72787595	72988592	0
chr2	72988592	73066939	0
chr2	73066939	73271837	0
chr2	73271837	76294587	0
chr2	76294587	77088778	0
chr2	77088778	87102511	0
chr2	87102511	87411127	0
chr2	87411127	90301276	0
chr2	90301276	91704724	0
chr2	91704724	91794849	0
chr2	91794849	92193296	0
chr2	92193296	92285930	0
chr2	92285930	93300000	0
chr2	93300000	95421697	0
chr2	95421697	95439958	0
chr2	95439958	95769081	0
chr2	95769081	96656411	0
chr2	96656411	98155769	2
chr2	98155769	98524556	2
chr2	98524556	98675483	0
chr2	98675483	98879626	2
chr2	98879626	102015143	0
chr2	102015143	102042703	0
chr2	102042703	103679380	0
chr2	103679380	104028502	0
chr2	104028502	104262587	0
chr2	104262587	105372855	0
chr2	105372855	106880404	0
chr2	106880404	106886312	13
chr2	106886312	111939433	0
chr2	111939433	114832299	0
chr2	114832299	114967447	0
chr2	114967447	117347511	0
chr2	117347511	119342525	0
chr2	119342525	119398482	7
chr2	119398482	120578024	0
chr2	120578024	125578189	0
chr2	125578189	127019032	0
chr2	127019032	129283345	6
chr2	129283345	137168717	12
chr2	137168717	137341931	17
chr2	137341931	140013762	12
chr2	140013762	140111475	17
chr2	140111475	141489699	12
chr2	141489699	141733216	17
chr2	141733216	141760656	12
chr2	141760656	146879621	7
chr2	146879621	155599629	0
chr2	155599629	160682629	0
chr2	160682629	160875381	0
chr2	160875381	161228931	0
chr2	161228931	161749289	0
chr2	161749289	168566245	0
chr2	168566245	168826452	0
chr2	168826452	170983995	0
chr2	170983995	172012171	0
chr2	172012171	172438416	0
chr2	172438416	177189497	0
chr2	177189497	178032138	0
chr2	178032138	178455531	0
chr2	178455531	181944771	0
chr2	181944771	182539618	0
chr2	182539618	182624737	0
chr2	182624737	182909277	0
chr2	182909277	183380924	0
chr2	183380924	183458312	0
chr2	183458312	185034397	0
chr2	185034397	185224750	0
chr2	185224750	186304046	0
chr2	186304046	186458661	0
chr2	186458661	186517407	0
chr2	186517407	187386808	0
chr2	187386808	187629616	0
chr2	187629616	193163487	0
chr2	193163487	193333336	0
chr2	193333336	194471488	0
chr2	194471488	194862219	0
chr2	194862219	196179851	0
chr2	196179851	196279460	0
chr2	196279460	197288000	0
chr2	197288000	197415801	0
chr2	197415801	199656972	0
chr2	199656972	202974643	0
chr2	202974643	203174642	0
chr2	203174642	203418669	0
chr2	203418669	204427050	0
chr2	204427050	205083217	0
chr2	205083217	205275115	0
chr2	205275115	205826226	0
chr2	205826226	205879835	0
chr2	205879835	208334204	0
chr2	208334204	208431266	4
chr2	208431266	209075969	0
chr2	209075969	209094702	0
chr2	209094702	209247552	5
chr2	209247552	212346715	0
chr2	212346715	212686884	5
chr2	212686884	212968946	0
chr2	212968946	212988956	12
chr2	212988956	213072271	4
chr2	213072271	213183735	0
chr2	213183735	213191976	0
chr2	213191976	213293705	0
chr2	213293705	213722875	4
chr2	213722875	215716194	12
chr2	215716194	219897043	4
chr2	219897043	220088631	11
chr2	220088631	220554590	6
chr2	220554590	224693971	0
chr2	224693971	224751603	5
chr2	224751603	227773653	12
chr2	227773653	228886606	6
chr2	228886606	230762347	12
chr2	230762347	231952763	6
chr2	231952763	232171878	0
chr2	232171878	234925298	6
chr2	234925298	236943609	0
chr2	236943609	237490615	12
chr2	237490615	241456646	0
chr2	241456646	242782802	0
chr2	242782802	242987192	0
chr2	242987192	243035970	6
chr2	243035970	243199373	0
chr3	0	105579	2
chr3	105579	242664	7
chr3	242664	1032035	0
chr3	1032035	1088732	1
chr3	1088732	4272034	0
chr3	4272034	4662738	0
chr3	4662738	5891569	0
chr3	5891569	6011770	0
chr3	6011770	9514863	0
chr3	9514863	10243615	0
chr3	10243615	10565606	2
chr3	10565606	12356103	7
chr3	12356103	14296827	0
chr3	14296827	14384499	0
chr3	14384499	16227452	0
chr3	16227452	16262774	0
chr3	16262774	16755083	0
chr3	16755083	17591995	0
chr3	17591995	17876825	0
chr3	17876825	18815579	0
chr3	18815579	21043737	0
chr3	21043737	21449427	0
chr3	21449427	22365188	0
chr3	22365188	22594560	0
chr3	22594560	23633366	0
chr3	23633366	28251984	0
chr3	28251984	29733167	0
chr3	29733167	31151403	0
chr3	31151403	32327833	0
chr3	32327833	32574336	0
chr3	32574336	32957623	0
chr3	32957623	35737142	0
chr3	35737142	37949994	0
chr3	37949994	39197746	4
chr3	39197746	39778668	9
chr3	39778668	40878652	12
chr3	40878652	40989072	5
chr3	40989072	44444663	12
chr3	44444663	48596520	6
chr3	48596520	50625904	3
chr3	50625904	52873500	0
chr3	52873500	53011767	0
chr3	53011767	55100590	0
chr3	55100590	55156102	5
chr3	55156102	56285000	0
chr3	56285000	59525407	0
chr3	59525407	59796864	0
chr3	59796864	60918457	0
chr3	60918457	60981395	0
chr3	60981395	61043726	0
chr3	61043726	61207041	3
chr3	61207041	61361629	0
chr3	61361629	62090260	0
chr3	62090260	62237142	0
chr3	62237142	62623534	0
chr3	62623534	65873060	0
chr3	65873060	65924069	0
chr3	65924069	67492844	0
chr3	67492844	70816384	3
chr3	70816384	86082656	7
chr3	86082656	90145243	0
chr3	90145243	91000000	0
chr3	91000000	93543006	0
chr3	93543006	93548479	0
chr3	93548479	93605126	0
chr3	93605126	93787311	0
chr3	93787311	94938109	0
chr3	94938109	94984795	0
chr3	94984795	98000578	0
chr3	98000578	98561048	0
chr3	98561048	98713372	0
chr3	98713372	99385692	0
chr3	99385692	107957743	0
chr3	107957743	113071094	0
chr3	113071094	113270971	0
chr3	113270971	113388127	0
chr3	113388127	113556915	0
chr3	113556915	114119459	0
chr3	114119459	114238023	0
chr3	114238023	116274982	0
chr3	116274982	116513230	0
chr3	116513230	116775294	0
chr3	116775294	116831018	0
chr3	116831018	118453649	0
chr3	118453649	119030302	0
chr3	119030302	119811876	0
chr3	119811876	121832248	0
chr3	121832248	121931209	0
chr3	121931209	122032811	0
chr3	122032811	122476167	0
chr3	122476167	128881127	0
chr3	128881127	129730715	1
chr3	129730715	129916897	0
chr3	129916897	130288476	1
chr3	130288476	132012661	0
chr3	132012661	133806401	0
chr3	133806401	135699095	0
chr3	135699095	135716855	0
chr3	135716855	136056100	0
chr3	136056100	137087733	0
chr3	137087733	137120637	0
chr3	137120637	139573424	0
chr3	139573424	141073819	0
chr3	141073819	143104966	0
chr3	143104966	150174517	0
chr3	150174517	150370514	0
chr3	150370514	154797933	0
chr3	154797933	156547626	0
chr3	156547626	156567541	0
chr3	156567541	159279362	0
chr3	159279362	162508230	0
chr3	162508230	162510463	0
chr3	162510463	162626284	0
chr3	162626284	162626588	0
chr3	162626588	167297112	0
chr3	167297112	167558531	0
chr3	167558531	172282254	0
chr3	172282254	172359651	0
chr3	172359651	172370631	0
chr3	172370631	172570325	0
chr3	172570325	178884603	0
chr3	178884603	178943936	0
chr3	178943936	179076665	0
chr3	179076665	179214465	0
chr3	179214465	179297817	0
chr3	179297817	179460167	0
chr3	179460167	179561692	0
chr3	179561692	181120894	0
chr3	181120894	192296786	0
chr3	192296786	194649709	0
chr3	194649709	198022430	0
chr4	0	66349	53
chr4	66349	67770	36
chr4	67770	85490	27
chr4	85490	780017	20
chr4	780017	847553	8
chr4	847553	1158611	0
chr4	1158611	1266098	0
chr4	1266098	1388479	0
chr4	1388479	2838021	0
chr4	2838021	3011672	0
chr4	3011672	3260110	0
chr4	3260110	3899298	0
chr4	3899298	4786805	0
chr4	4786805	6525584	0
chr4	6525584	7067862	0
chr4	7067862	7938932	0
chr4	7938932	8107136	0
chr4	8107136	9854530	0
chr4	9854530	11040348	0
chr4	11040348	11896171	0
chr4	11896171	12284128	5
chr4	12284128	13392807	0
chr4	13392807	14031250	0
chr4	14031250	15593830	0
chr4	15593830	17367644	14
chr4	17367644	18928588	0
chr4	18928588	19408863	14
chr4	19408863	19751457	21
chr4	19751457	19875188	7
chr4	19875188	20661377	1
chr4	20661377	21041924	9
chr4	21041924	21172481	1
chr4	21172481	21686897	0
chr4	21686897	22089906	0
chr4	22089906	22823247	0
chr4	22823247	23084268	0
chr4	23084268	23348800	6
chr4	23348800	23634253	22
chr4	23634253	24558560	6
chr4	24558560	24872608	22
chr4	24872608	25052809	16
chr4	25052809	25730823	22
chr4	25730823	26084384	6
chr4	26084384	26418681	22
chr4	26418681	26587201	6
chr4	26587201	26888359	22
chr4	26888359	27886433	6
chr4	27886433	29457121	20
chr4	29457121	30144469	28
chr4	30144469	31255390	44
chr4	31255390	31459202	28
chr4	31459202	32201299	12
chr4	32201299	32539486	28
chr4	32539486	34782777	12
chr4	34782777	34795786	28
chr4	34795786	34829893	44
chr4	34829893	37509966	36
chr4	37509966	38374427	20
chr4	38374427	40767635	36
chr4	40767635	40965866	20
chr4	40965866	41483562	36
chr4	41483562	41635433	43
chr4	41635433	43159849	36
chr4	43159849	43297564	32
chr4	43297564	44628697	15
chr4	44628697	44664591	1
chr4	44664591	45142381	0
chr4	45142381	45304903	12
chr4	45304903	45929981	0
chr4	45929981	47392313	0
chr4	47392313	47824428	0
chr4	47824428	48006692	0
chr4	48006692	48049260	4
chr4	48049260	48260999	10
chr4	48260999	49091580	0
chr4	49091580	49309867	0
chr4	49309867	50400000	10
chr4	50400000	52696792	3
chr4	52696792	52706713	20
chr4	52706713	52889527	6
chr4	52889527	53060344	2
chr4	53060344	53286908	0
chr4	53286908	53505787	0
chr4	53505787	53778176	0
chr4	53778176	56208391	6
chr4	56208391	56616606	0
chr4	56616606	56776197	0
chr4	56776197	64620598	0
chr4	64620598	68871610	0
chr4	68871610	69330439	8
chr4	69330439	69360489	0
chr4	69360489	69536970	0
chr4	69536970	76774871	8
chr4	76774871	79825122	13
chr4	79825122	81780270	7
chr4	81780270	82056153	18
chr4	82056153	83362491	24
chr4	83362491	88667129	36
chr4	88667129	88699643	31
chr4	88699643	90420289	36
chr4	90420289	91414748	26
chr4	91414748	91822479	36
chr4	91822479	92470003	43
chr4	92470003	92562965	36
chr4	92562965	98547667	50
chr4	98547667	99006192	44
chr4	99006192	104724459	50
chr4	104724459	104766485	44
chr4	104766485	104881780	44
chr4	104881780	111523034	50
chr4	111523034	115014048	62
chr4	115014048	115173678	56
chr4	115173678	115184351	31
chr4	115184351	115189919	64
chr4	115189919	119915498	56
chr4	119915498	120399621	48
chr4	120399621	124637484	56
chr4	124637484	125369969	63
chr4	125369969	134579368	49
chr4	134579368	146456545	42
chr4	146456545	147236793	38
chr4	147236793	147284942	42
chr4	147284942	148835646	34
chr4	148835646	153930925	40
chr4	153930925	164767719	54
chr4	164767719	165056576	60
chr4	165056576	170172957	54
chr4	170172957	170408768	60
chr4	170408768	171423012	54
chr4	171423012	171521347	40
chr4	171521347	174656977	54
chr4	174656977	179594661	70
chr4	179594661	179619776	76
chr4	179619776	179760370	70
chr4	179760370	182637677	71
chr4	182637677	182918599	66
chr4	182918599	183780653	71
chr4	183780653	184057870	78
chr4	184057870	186237489	70
chr4	186237489	190752543	64
chr4	190752543	191154276	53
chr5	0	1728793	0
chr5	1728793	2408783	0
chr5	2408783	17095309	0
chr5	17095309	17192375	0
chr5	17192375	21671983	0
chr5	21671983	21787835	0
chr5	21787835	23283808	0
chr5	23283808	34890885	0
chr5	34890885	35275899	0
chr5	35275899	37584311	0
chr5	37584311	41985145	0
chr5	41985145	46383335	0
chr5	46383335	48400000	0
chr5	48400000	49520000	10
chr5	49520000	49762785	4
chr5	49762785	55948901	20
chr5	55948901	56081268	32
chr5	56081268	56331050	34
chr5	56331050	56482918	28
chr5	56482918	57323830	34
chr5	57323830	57330327	11
chr5	57330327	57333524	0
chr5	57333524	57335951	11
chr5	57335951	58175172	34
chr5	58175172	58278322	28
chr5	58278322	58344900	35
chr5	58344900	59234742	28
chr5	59234742	59600041	20
chr5	59600041	59844364	28
chr5	59844364	62235622	36
chr5	62235622	63412582	43
chr5	63412582	64433681	48
chr5	64433681	65710010	43
chr5	65710010	66304055	50
chr5	66304055	66859979	64
chr5	66859979	81801629	69
chr5	81801629	87993799	58
chr5	87993799	97032840	50
chr5	97032840	97096533	33
chr5	97096533	100671962	50
chr5	100671962	103508262	43
chr5	103508262	103528196	32
chr5	103528196	107950637	43
chr5	107950637	108053798	37
chr5	108053798	113396373	43
chr5	113396373	115248243	37
chr5	115248243	115713253	33
chr5	115713253	126630361	37
chr5	126630361	127068797	31
chr5	127068797	129009890	23
chr5	129009890	131435459	31
chr5	131435459	131448582	24
chr5	131448582	135046639	10
chr5	135046639	139706122	5
chr5	139706122	140067943	0
chr5	140067943	140493438	5
chr5	140493438	140685609	0
chr5	140685609	140714285	8
chr5	140714285	140759605	0
chr5	140759605	140807226	19
chr5	140807226	141037733	8
chr5	141037733	144876159	0
chr5	144876159	145016247	0
chr5	145016247	147924470	0
chr5	147924470	148550784	0
chr5	148550784	150203853	0
chr5	150203853	150221002	0
chr5	150221002	150240678	0
chr5	150240678	151514772	0
chr5	151514772	151519311	0
chr5	151519311	155476846	0
chr5	155476846	155498132	0
chr5	155498132	155896229	0
chr5	155896229	157513737	0
chr5	157513737	157603216	4
chr5	157603216	160146060	0
chr5	160146060	163150298	0
chr5	163150298	165742745	0
chr5	165742745	169911544	4
chr5	169911544	171044500	0
chr5	171044500	174958310	4
chr5	174958310	175027000	0
chr5	175027000	180915260	4
chr6	0	243266	0
chr6	243266	411206	0
chr6	411206	2411130	0
chr6	2411130	2590593	0
chr6	2590593	2942001	0
chr6	2942001	3015977	0
chr6	3015977	6353625	0
chr6	6353625	6434232	0
chr6	6434232	7613170	0
chr6	7613170	7671500	0
chr6	7671500	10173396	0
chr6	10173396	11678999	0
chr6	11678999	11994452	1
chr6	11994452	15235752	0
chr6	15235752	15617243	0
chr6	15617243	15892107	0
chr6	15892107	16064610	0
chr6	16064610	16090029	0
chr6	16090029	17239845	0
chr6	17239845	17491604	0
chr6	17491604	18071867	0
chr6	18071867	18073218	0
chr6	18073218	18258192	0
chr6	18258192	18342319	0
chr6	18342319	18468023	0
chr6	18468023	19962242	0
chr6	19962242	20036833	0
chr6	20036833	21984797	0
chr6	21984797	22033065	0
chr6	22033065	27906247	0
chr6	27906247	28205927	0
chr6	28205927	29334883	0
chr6	29334883	30321421	0
chr6	30321421	30850901	0
chr6	30850901	31810939	0
chr6	31810939	32057445	0
chr6	32057445	32454399	2
chr6	32454399	34672420	0
chr6	34672420	36630015	0
chr6	36630015	38631615	0
chr6	38631615	38700652	0
chr6	38700652	41826469	0
chr6	41826469	42003596	0
chr6	42003596	42701368	0
chr6	42701368	45346684	0
chr6	45346684	46045213	0
chr6	46045213	47212976	0
chr6	47212976	49525433	0
chr6	49525433	50921716	0
chr6	50921716	52631164	0
chr6	52631164	52946742	0
chr6	52946742	56106929	0
chr6	56106929	56224505	3
chr6	56224505	58348953	0
chr6	58348953	58741497	0
chr6	58741497	58774716	0
chr6	58774716	61000000	0
chr6	61000000	62012809	0
chr6	62012809	62020284	0
chr6	62020284	62033212	0
chr6	62033212	62324638	0
chr6	62324638	62357676	0
chr6	62357676	63098142	0
chr6	63098142	63166549	3
chr6	63166549	63640261	0
chr6	63640261	65332836	0
chr6	65332836	65955217	0
chr6	65955217	67227403	0
chr6	67227403	68164229	0
chr6	68164229	69407713	0
chr6	69407713	69705300	0
chr6	69705300	71967577	0
chr6	71967577	73485665	0
chr6	73485665	73617869	0
chr6	73617869	74591205	0
chr6	74591205	74633180	0
chr6	74633180	77072382	0
chr6	77072382	77577714	0
chr6	77577714	78972116	11
chr6	78972116	79002915	11
chr6	79002915	79027437	25
chr6	79027437	79041746	25
chr6	79041746	80317844	11
chr6	80317844	80973631	0
chr6	80973631	81693750	0
chr6	81693750	81781380	0
chr6	81781380	84882965	22
chr6	84882965	86181296	28
chr6	86181296	92088935	38
chr6	92088935	95497904	44
chr6	95497904	95604281	28
chr6	95604281	96554284	44
chr6	96554284	98301592	49
chr6	98301592	98363616	44
chr6	98363616	100172715	40
chr6	100172715	100477840	44
chr6	100477840	103729353	40
chr6	103729353	103738062	33
chr6	103738062	103765576	22
chr6	103765576	103782461	33
chr6	103782461	110912906	40
chr6	110912906	112411098	54
chr6	112411098	113399180	42
chr6	113399180	114945417	65
chr6	114945417	115126236	57
chr6	115126236	116604111	46
chr6	116604111	116722912	55
chr6	116722912	121580244	46
chr6	121580244	125618321	35
chr6	125618321	125769929	28
chr6	125769929	125911241	37
chr6	125911241	126203235	28
chr6	126203235	126423640	32
chr6	126423640	127489334	28
chr6	127489334	142964190	35
chr6	142964190	143005154	43
chr6	143005154	144406446	35
chr6	144406446	144647943	39
chr6	144647943	147549869	35
chr6	147549869	151786088	46
chr6	151786088	152023032	54
chr6	152023032	152276767	46
chr6	152276767	154326157	54
chr6	154326157	154426581	44
chr6	154426581	154580059	49
chr6	154580059	155271065	58
chr6	155271065	158642594	70
chr6	158642594	158738576	62
chr6	158738576	163623798	70
chr6	163623798	167663235	75
chr6	167663235	169283829	83
chr6	169283829	171115067	69
chr7	0	782933	64
chr7	782933	794663	52
chr7	794663	2628653	43
chr7	2628653	2762492	54
chr7	2762492	4156558	64
chr7	4156558	4488760	57
chr7	4488760	8432892	64
chr7	8432892	9097878	50
chr7	9097878	9245679	42
chr7	9245679	9539727	50
chr7	9539727	11349900	42
chr7	11349900	12072870	50
chr7	12072870	12155389	42
chr7	12155389	12770570	50
chr7	12770570	15972684	42
chr7	15972684	16018838	50
chr7	16018838	17087440	42
chr7	17087440	17135513	50
chr7	17135513	18046201	42
chr7	18046201	18218355	50
chr7	18218355	19155366	42
chr7	19155366	25627894	35
chr7	25627894	35276140	30
chr7	35276140	35778236	24
chr7	35778236	35910972	30
chr7	35910972	36518345	20
chr7	36518345	40983465	30
chr7	40983465	41229591	0
chr7	41229591	41273357	0
chr7	41273357	42131504	2
chr7	42131504	42190274	0
chr7	42190274	46883406	2
chr7	46883406	50197525	0
chr7	50197525	50600394	0
chr7	50600394	50674180	0
chr7	50674180	50814111	0
chr7	50814111	50903011	0
chr7	50903011	53556526	0
chr7	53556526	54136875	0
chr7	54136875	54218681	0
chr7	54218681	55129571	0
chr7	55129571	57950944	0
chr7	57950944	59900000	10
chr7	59900000	61072037	2
chr7	61072037	61628365	0
chr7	61628365	62156735	0
chr7	62156735	62161656	0
chr7	62161656	62637345	0
chr7	62637345	63048901	0
chr7	63048901	63952394	0
chr7	63952394	64112442	0
chr7	64112442	64243196	1
chr7	64243196	65063887	0
chr7	65063887	65356718	2
chr7	65356718	65535003	0
chr7	65535003	66047661	2
chr7	66047661	66240944	10
chr7	66240944	78489538	2
chr7	78489538	81774279	0
chr7	81774279	81941264	8
chr7	81941264	82519432	0
chr7	82519432	83945940	0
chr7	83945940	84999319	0
chr7	84999319	87187342	0
chr7	87187342	87963679	0
chr7	87963679	89457786	0
chr7	89457786	89982644	8
chr7	89982644	94437603	2
chr7	94437603	94555193	0
chr7	94555193	96352607	0
chr7	96352607	96376623	0
chr7	96376623	96470348	2
chr7	96470348	98987052	0
chr7	98987052	99491691	0
chr7	99491691	100237071	0
chr7	100237071	100520772	0
chr7	100520772	100537268	0
chr7	100537268	101961217	0
chr7	101961217	103774117	0
chr7	103774117	107686192	0
chr7	107686192	107889673	0
chr7	107889673	108944668	0
chr7	108944668	108957230	0
chr7	108957230	109435445	0
chr7	109435445	109454106	0
chr7	109454106	110298431	0
chr7	110298431	110761050	0
chr7	110761050	111215495	0
chr7	111215495	111843015	0
chr7	111843015	113563937	0
chr7	113563937	115040114	0
chr7	115040114	117765103	0
chr7	117765103	121007183	0
chr7	121007183	124209188	0
chr7	124209188	125686139	0
chr7	125686139	127366880	0
chr7	127366880	129473350	0
chr7	129473350	131357972	0
chr7	131357972	132299863	0
chr7	132299863	132726759	0
chr7	132726759	133202828	0
chr7	133202828	133221287	0
chr7	133221287	133383617	0
chr7	133383617	133528213	0
chr7	133528213	133691757	0
chr7	133691757	133729190	0
chr7	133729190	133778553	0
chr7	133778553	133781915	0
chr7	133781915	133785186	0
chr7	133785186	133798551	0
chr7	133798551	133799163	0
chr7	133799163	133807518	0
chr7	133807518	133858695	0
chr7	133858695	135538946	0
chr7	135538946	137417419	0
chr7	137417419	138855879	0
chr7	138855879	139796577	0
chr7	139796577	140005501	0
chr7	140005501	140242795	0
chr7	140242795	140474027	0
chr7	140474027	141611871	0
chr7	141611871	141756393	0
chr7	141756393	141825875	0
chr7	141825875	143732364	0
chr7	143732364	145872194	0
chr7	145872194	152823430	0
chr7	152823430	152877314	0
chr7	152877314	153320052	0
chr7	153320052	157966965	0
chr7	157966965	158151556	0
chr7	158151556	159138663	0
chr8	0	1158768	72
chr8	1158768	1230510	72
chr8	1230510	7170654	72
chr8	7170654	7252336	64
chr8	7252336	7839781	59
chr8	7839781	9199260	64
chr8	9199260	9382980	72
chr8	9382980	9426901	58
chr8	9426901	9878846	72
chr8	9878846	12241661	84
chr8	12241661	12268731	76
chr8	12268731	12529361	64
chr8	12529361	16723421	76
chr8	16723421	16848399	69
chr8	16848399	16860665	59
chr8	16860665	16968681	66
chr8	16968681	17808229	76
chr8	17808229	17924573	70
chr8	17924573	20617951	76
chr8	20617951	20667237	62
chr8	20667237	23549439	76
chr8	23549439	24973309	84
chr8	24973309	24975039	61
chr8	24975039	24984149	47
chr8	24984149	24991116	70
chr8	24991116	29080808	84
chr8	29080808	29180345	78
chr8	29180345	30090702	84
chr8	30090702	31412162	77
chr8	31412162	36628359	69
chr8	36628359	36701022	62
chr8	36701022	37405262	69
chr8	37405262	39299176	58
chr8	39299176	40146309	46
chr8	40146309	40238943	13
chr8	40238943	40883684	0
chr8	40883684	41107855	0
chr8	41107855	41284124	19
chr8	41284124	42241578	2
chr8	42241578	42772986	0
chr8	42772986	43430222	0
chr8	43430222	43736901	0
chr8	43736901	43762681	0
chr8	43762681	43778914	0
chr8	43778914	45600000	0
chr8	45600000	46936840	0
chr8	46936840	46940022	0
chr8	46940022	50033963	0
chr8	50033963	55747571	0
chr8	55747571	55921165	0
chr8	55921165	55983296	0
chr8	55983296	56335463	0
chr8	56335463	57761910	0
chr8	57761910	58437688	0
chr8	58437688	58581621	0
chr8	58581621	59198158	0
chr8	59198158	59785659	0
chr8	59785659	70390196	0
chr8	70390196	70404230	0
chr8	70404230	70473681	0
chr8	70473681	72792203	0
chr8	72792203	76937501	0
chr8	76937501	77318855	0
chr8	77318855	78585679	0
chr8	78585679	79807005	0
chr8	79807005	79909448	0
chr8	79909448	81564154	0
chr8	81564154	84301137	0
chr8	84301137	89344904	0
chr8	89344904	92797192	0
chr8	92797192	95244612	0
chr8	95244612	97114700	0
chr8	97114700	97655759	0
chr8	97655759	97895596	0
chr8	97895596	99174670	0
chr8	99174670	99221324	0
chr8	99221324	100567050	0
chr8	100567050	100716468	0
chr8	100716468	101068604	0
chr8	101068604	101994728	0
chr8	101994728	102100728	0
chr8	102100728	102383361	0
chr8	102383361	102450229	0
chr8	102450229	102494889	0
chr8	102494889	102666726	0
chr8	102666726	102749503	0
chr8	102749503	102836608	0
chr8	102836608	102880249	0
chr8	102880249	102947727	0
chr8	102947727	103287773	0
chr8	103287773	103524101	0
chr8	103524101	103974344	0
chr8	103974344	104115721	0
chr8	104115721	104435750	0
chr8	104435750	104787083	0
chr8	104787083	105019182	0
chr8	105019182	105122094	0
chr8	105122094	105329405	0
chr8	105329405	105497560	0
chr8	105497560	105937389	0
chr8	105937389	105974835	0
chr8	105974835	106102921	0
chr8	106102921	106211849	0
chr8	106211849	106399077	0
chr8	106399077	106526187	0
chr8	106526187	107203746	0
chr8	107203746	107439856	0
chr8	107439856	107496903	0
chr8	107496903	107503400	0
chr8	107503400	107860243	0
chr8	107860243	107931092	0
chr8	107931092	107998347	0
chr8	107998347	108083032	0
chr8	108083032	108106906	0
chr8	108106906	108294028	0
chr8	108294028	108644976	0
chr8	108644976	108807916	0
chr8	108807916	110000445	0
chr8	110000445	110190250	0
chr8	110190250	110298697	0
chr8	110298697	110599569	0
chr8	110599569	110820246	0
chr8	110820246	111068895	0
chr8	111068895	111212367	0
chr8	111212367	112025620	0
chr8	112025620	113556803	0
chr8	113556803	119907280	0
chr8	119907280	123403605	0
chr8	123403605	123448892	0
chr8	123448892	123648892	0
chr8	123648892	123695579	0
chr8	123695579	123824479	0
chr8	123824479	123877740	0
chr8	123877740	124789059	0
chr8	124789059	126614372	0
chr8	126614372	126646557	0
chr8	126646557	128760699	0
chr8	128760699	129069596	0
chr8	129069596	129856550	0
chr8	129856550	129924936	0
chr8	129924936	130160541	0
chr8	130160541	130163573	0
chr8	130163573	130399259	0
chr8	130399259	130460224	0
chr8	130460224	130601335	0
chr8	130601335	130751184	0
chr8	130751184	130772062	0
chr8	130772062	131075040	0
chr8	131075040	131178760	0
chr8	131178760	131260356	0
chr8	131260356	131314364	0
chr8	131314364	131588388	0
chr8	131588388	131766356	0
chr8	131766356	131834248	0
chr8	131834248	131945576	0
chr8	131945576	132081879	0
chr8	132081879	132355220	0
chr8	132355220	132565665	0
chr8	132565665	133041042	0
chr8	133041042	133080850	0
chr8	133080850	133451825	0
chr8	133451825	133478152	0
chr8	133478152	133568146	0
chr8	133568146	133688356	0
chr8	133688356	133864924	0
chr8	133864924	133922961	0
chr8	133922961	134214866	0
chr8	134214866	134339209	0
chr8	134339209	134536036	0
chr8	134536036	134848992	0
chr8	134848992	135634614	0
chr8	135634614	135655250	0
chr8	135655250	135850506	0
chr8	135850506	136558598	0
chr8	136558598	136666219	0
chr8	136666219	136783363	0
chr8	136783363	137850092	0
chr8	137850092	137959629	0
chr8	137959629	138924392	0
chr8	138924392	139513575	0
chr8	139513575	139662676	0
chr8	139662676	140014313	0
chr8	140014313	140327323	0
chr8	140327323	142274739	0
chr8	142274739	143199296	0
chr8	143199296	146364022	0
chr9	0	533865	59
chr9	533865	1198084	63
chr9	1198084	3679535	60
chr9	3679535	3864636	56
chr9	3864636	4523735	60
chr9	4523735	17398197	63
chr9	17398197	17605280	55
chr9	17605280	20143989	63
chr9	20143989	22168057	63
chr9	22168057	30211950	57
chr9	30211950	30930219	40
chr9	30930219	31511241	68
chr9	31511241	31536933	64
chr9	31536933	32470173	50
chr9	32470173	34337608	38
chr9	34337608	37349336	30
chr9	37349336	37761189	42
chr9	37761189	37857167	39
chr9	37857167	38919096	28
chr9	38919096	43654560	11
chr9	43654560	44203261	28
chr9	44203261	46038858	11
chr9	46038858	46906975	6
chr9	46906975	49000000	0
chr9	49000000	65630934	1
chr9	65630934	66476379	30
chr9	66476379	66630502	23
chr9	66630502	69012953	6
chr9	69012953	69844258	13
chr9	69844258	69858695	6
chr9	69858695	69972125	13
chr9	69972125	70553336	8
chr9	70553336	70997694	24
chr9	70997694	71536237	10
chr9	71536237	71850610	5
chr9	71850610	72081647	10
chr9	72081647	72481431	24
chr9	72481431	74445655	30
chr9	74445655	74852485	24
chr9	74852485	74923429	29
chr9	74923429	74958612	37
chr9	74958612	74961944	32
chr9	74961944	80451712	24
chr9	80451712	95429092	29
chr9	95429092	98112888	37
chr9	98112888	105038792	31
chr9	105038792	107547747	31
chr9	107547747	107671570	37
chr9	107671570	107707605	31
chr9	107707605	108229738	20
chr9	108229738	114063819	31
chr9	114063819	114205477	37
chr9	114205477	116224488	31
chr9	116224488	116340764	31
chr9	116340764	120592973	23
chr9	120592973	120655176	29
chr9	120655176	128495305	23
chr9	128495305	130787547	34
chr9	130787547	130998453	41
chr9	130998453	131101150	34
chr9	131101150	131162525	41
chr9	131162525	131571310	31
chr9	131571310	132214194	51
chr9	132214194	132335018	31
chr9	132335018	135676314	51
chr9	135676314	136135485	45
chr9	136135485	138836992	51
chr9	138836992	139456032	45
chr9	139456032	140255680	38
chr9	140255680	140418718	19
chr9	140418718	140642346	26
chr9	140642346	140706472	35
chr9	140706472	141001584	41
chr9	141001584	141011552	35
chr9	141011552	141213431	29
chr10	0	3002832	0
chr10	3002832	3494811	0
chr10	3494811	6643833	0
chr10	6643833	8541612	0
chr10	8541612	16998516	0
chr10	16998516	17121736	0
chr10	17121736	19370116	0
chr10	19370116	19960869	0
chr10	19960869	20234813	0
chr10	20234813	20298739	0
chr10	20298739	20322754	0
chr10	20322754	22090967	0
chr10	22090967	25071193	0
chr10	25071193	25890518	0
chr10	25890518	28586135	0
chr10	28586135	28660935	0
chr10	28660935	28773360	0
chr10	28773360	29006533	0
chr10	29006533	38834411	0
chr10	38834411	39000378	0
chr10	39000378	39050890	0
chr10	39050890	40200000	0
chr10	40200000	42477859	0
chr10	42477859	42683691	5
chr10	42683691	45392959	6
chr10	45392959	47057252	0
chr10	47057252	47058884	10
chr10	47058884	47067454	18
chr10	47067454	48947023	0
chr10	48947023	49372304	8
chr10	49372304	50256779	14
chr10	50256779	51400235	8
chr10	51400235	51638720	0
chr10	51638720	52641230	8
chr10	52641230	54551073	21
chr10	54551073	54753613	13
chr10	54753613	58529795	7
chr10	58529795	59923982	12
chr10	59923982	60176060	4
chr10	60176060	67451785	12
chr10	67451785	68613497	26
chr10	68613497	69738595	12
chr10	69738595	72756881	12
chr10	72756881	72970971	18
chr10	72970971	76989054	12
chr10	76989054	77136008	5
chr10	77136008	77143538	10
chr10	77143538	77447235	17
chr10	77447235	77580910	22
chr10	77580910	78207353	18
chr10	78207353	78501538	13
chr10	78501538	79191748	18
chr10	79191748	80847025	26
chr10	80847025	81017100	20
chr10	81017100	81541175	26
chr10	81541175	87612526	26
chr10	87612526	87897190	30
chr10	87897190	90871563	36
chr10	90871563	91026237	25
chr10	91026237	91950458	19
chr10	91950458	96114921	21
chr10	96114921	96132136	13
chr10	96132136	96346160	36
chr10	96346160	97016010	44
chr10	97016010	98328865	50
chr10	98328865	98397066	44
chr10	98397066	98486571	50
chr10	98486571	98674466	44
chr10	98674466	98913312	50
chr10	98913312	99531259	44
chr10	99531259	100504042	50
chr10	100504042	100590780	44
chr10	100590780	101036207	50
chr10	101036207	102675651	36
chr10	102675651	104824433	50
chr10	104824433	105639516	40
chr10	105639516	108015665	50
chr10	108015665	108087968	44
chr10	108087968	108180181	50
chr10	108180181	109820085	42
chr10	109820085	110540793	35
chr10	110540793	113620251	30
chr10	113620251	116461076	25
chr10	116461076	124401122	20
chr10	124401122	126851829	8
chr10	126851829	134076411	16
chr10	134076411	135534747	6
chr11	0	2344337	0
chr11	2344337	4967523	7
chr11	4967523	4968348	1
chr11	4968348	4975690	0
chr11	4975690	4976840	0
chr11	4976840	4976872	0
chr11	4976872	5776609	7
chr11	5776609	5783082	0
chr11	5783082	5783803	2
chr11	5783803	5809239	30
chr11	5809239	5816215	5
chr11	5816215	7405467	21
chr11	7405467	7430115	16
chr11	7430115	10861454	21
chr11	10861454	15989092	10
chr11	15989092	19048681	3
chr11	19048681	31173166	3
chr11	31173166	32304746	1
chr11	32304746	32414647	0
chr11	32414647	38155015	1
chr11	38155015	38318202	0
chr11	38318202	42221791	1
chr11	42221791	43499550	0
chr11	43499550	45001628	1
chr11	45001628	45829499	13
chr11	45829499	46452877	3
chr11	46452877	48381197	13
chr11	48381197	48710084	5
chr11	48710084	49013397	0
chr11	49013397	49952960	5
chr11	49952960	50381127	13
chr11	50381127	51126923	7
chr11	51126923	53700000	0
chr11	53700000	54789042	0
chr11	54789042	55882058	0
chr11	55882058	56062103	0
chr11	56062103	56687040	0
chr11	56687040	58193504	0
chr11	58193504	61056180	0
chr11	61056180	63936446	0
chr11	63936446	65089118	0
chr11	65089118	65168758	0
chr11	65168758	65221351	0
chr11	65221351	65926202	0
chr11	65926202	66010991	0
chr11	66010991	66284160	0
chr11	66284160	67455722	0
chr11	67455722	68682197	0
chr11	68682197	69150911	0
chr11	69150911	71339209	0
chr11	71339209	71472668	0
chr11	71472668	71729487	0
chr11	71729487	72001588	0
chr11	72001588	73757590	0
chr11	73757590	81501137	0
chr11	81501137	81519940	0
chr11	81519940	83267857	0
chr11	83267857	89396507	0
chr11	89396507	90800727	0
chr11	90800727	93442151	0
chr11	93442151	93928430	8
chr11	93928430	96977142	0
chr11	96977142	100863939	0
chr11	100863939	101206652	0
chr11	101206652	101316968	0
chr11	101316968	101633422	0
chr11	101633422	102248060	0
chr11	102248060	102441391	0
chr11	102441391	107046162	0
chr11	107046162	107223767	0
chr11	107223767	107278074	11
chr11	107278074	107552346	0
chr11	107552346	107815455	0
chr11	107815455	108409388	0
chr11	108409388	108478795	0
chr11	108478795	120914021	0
chr11	120914021	121615592	0
chr11	121615592	122317971	0
chr11	122317971	127484726	0
chr11	127484726	127662514	0
chr11	127662514	128313941	0
chr11	128313941	128383500	0
chr11	128383500	130293369	0
chr11	130293369	131381963	0
chr11	131381963	131523002	0
chr11	131523002	132603762	0
chr11	132603762	132685342	0
chr11	132685342	134298991	0
chr11	134298991	135006516	0
chr12	0	185876	0
chr12	185876	867533	0
chr12	867533	869231	0
chr12	869231	874692	0
chr12	874692	875800	0
chr12	875800	1015275	0
chr12	1015275	2211552	0
chr12	2211552	2276891	0
chr12	2276891	2673219	0
chr12	2673219	4368743	0
chr12	4368743	4397717	0
chr12	4397717	5588802	0
chr12	5588802	5618096	0
chr12	5618096	6352356	0
chr12	6352356	7066150	0
chr12	7066150	8369457	0
chr12	8369457	8595219	0
chr12	8595219	9346873	0
chr12	9346873	9880237	0
chr12	9880237	10773967	0
chr12	10773967	11298976	0
chr12	11298976	12267300	0
chr12	12267300	12618610	0
chr12	12618610	13554988	0
chr12	13554988	13574632	0
chr12	13574632	14933162	0
chr12	14933162	17704810	0
chr12	17704810	19742896	0
chr12	19742896	20354831	0
chr12	20354831	20535425	0
chr12	20535425	26180403	0
chr12	26180403	29565547	0
chr12	29565547	30732515	0
chr12	30732515	31267178	0
chr12	31267178	31404749	0
chr12	31404749	31656852	0
chr12	31656852	33539881	0
chr12	33539881	34157236	0
chr12	34157236	34250101	0
chr12	34250101	34442340	0
chr12	34442340	34449192	0
chr12	34449192	34756673	0
chr12	34756673	35800000	0
chr12	35800000	37857751	0
chr12	37857751	37959632	0
chr12	37959632	38184619	0
chr12	38184619	38981461	0
chr12	38981461	39294272	0
chr12	39294272	41757427	0
chr12	41757427	41890513	0
chr12	41890513	42118626	0
chr12	42118626	42142319	0
chr12	42142319	42364134	0
chr12	42364134	42848096	0
chr12	42848096	43266358	0
chr12	43266358	44191954	0
chr12	44191954	44810763	0
chr12	44810763	45099944	0
chr12	45099944	46039963	0
chr12	46039963	47380646	0
chr12	47380646	47552464	0
chr12	47552464	47679578	0
chr12	47679578	48272259	0
chr12	48272259	52655018	0
chr12	52655018	54550804	0
chr12	54550804	61318474	0
chr12	61318474	61347939	0
chr12	61347939	61847458	0
chr12	61847458	66107193	0
chr12	66107193	69163574	0
chr12	69163574	74382614	0
chr12	74382614	78653407	0
chr12	78653407	79797501	0
chr12	79797501	85111494	0
chr12	85111494	86172883	0
chr12	86172883	89456108	0
chr12	89456108	90288175	0
chr12	90288175	90341028	0
chr12	90341028	90640659	0
chr12	90640659	91110462	0
chr12	91110462	91726628	0
chr12	91726628	99877469	4
chr12	99877469	108648285	0
chr12	108648285	110810022	0
chr12	110810022	111090868	0
chr12	111090868	112626367	0
chr12	112626367	112857872	0
chr12	112857872	118471189	0
chr12	118471189	118585817	0
chr12	118585817	121190339	0
chr12	121190339	122468496	0
chr12	122468496	122668397	0
chr12	122668397	127631993	0
chr12	127631993	128858058	0
chr12	128858058	129132098	4
chr12	129132098	129229699	0
chr12	129229699	129234007	19
chr12	129234007	129432325	0
chr12	129432325	129479971	0
chr12	129479971	132057774	0
chr12	132057774	133851895	0
chr13	0	17900000	0
chr13	17900000	19123483	13
chr13	19123483	19368903	51
chr13	19368903	20040358	68
chr13	20040358	23182349	63
chr13	23182349	23299280	67
chr13	23299280	24233960	63
chr13	24233960	24462563	74
chr13	24462563	26401917	78
chr13	26401917	27322858	70
chr13	27322858	27371237	56
chr13	27371237	32532096	70
chr13	32532096	32539241	81
chr13	32539241	33593185	70
chr13	33593185	33892592	76
chr13	33892592	34532745	70
chr13	34532745	37658282	68
chr13	37658282	38070759	74
chr13	38070759	38088504	60
chr13	38088504	38493772	74
chr13	38493772	40851034	68
chr13	40851034	40921793	74
chr13	40921793	41038913	68
chr13	41038913	41608675	74
chr13	41608675	42035000	78
chr13	42035000	42163876	77
chr13	42163876	45309841	78
chr13	45309841	47948410	86
chr13	47948410	48401999	72
chr13	48401999	51606850	72
chr13	51606850	57754683	62
chr13	57754683	57784047	39
chr13	57784047	63801447	62
chr13	63801447	67186489	68
chr13	67186489	68509523	54
chr13	68509523	68674087	21
chr13	68674087	69161092	54
chr13	69161092	71585437	46
chr13	71585437	71768962	29
chr13	71768962	72035814	46
chr13	72035814	72309434	29
chr13	72309434	80331924	46
chr13	80331924	86503160	49
chr13	86503160	87310172	32
chr13	87310172	87512374	49
chr13	87512374	91188583	41
chr13	91188583	92501549	40
chr13	92501549	92596428	23
chr13	92596428	93434748	40
chr13	93434748	93540614	48
chr13	93540614	95146960	40
chr13	95146960	95775672	33
chr13	95775672	101005742	40
chr13	101005742	101316802	54
chr13	101316802	111382161	40
chr13	111382161	113701943	48
chr13	113701943	113828083	41
chr13	113828083	115169878	48
chr14	0	17600000	0
chr14	17600000	19108176	1
chr14	19108176	19392293	0
chr14	19392293	21452367	0
chr14	21452367	21510779	0
chr14	21510779	21737743	0
chr14	21737743	22050572	0
chr14	22050572	22647387	0
chr14	22647387	22937933	0
chr14	22937933	22978459	0
chr14	22978459	23432148	0
chr14	23432148	23701149	14
chr14	23701149	25247573	22
chr14	25247573	25468424	14
chr14	25468424	25947675	22
chr14	25947675	26113867	0
chr14	26113867	26200047	0
chr14	26200047	29278028	0
chr14	29278028	31364981	17
chr14	31364981	31583162	12
chr14	31583162	33453889	17
chr14	33453889	33864890	22
chr14	33864890	36163736	17
chr14	36163736	39218778	22
chr14	39218778	40170222	14
chr14	40170222	40347285	31
chr14	40347285	40585072	22
chr14	40585072	46656497	36
chr14	46656497	46843808	41
chr14	46843808	46980567	36
chr14	46980567	47052870	42
chr14	47052870	48095598	36
chr14	48095598	48509208	42
chr14	48509208	49519135	30
chr14	49519135	49813140	26
chr14	49813140	50562820	30
chr14	50562820	52297572	54
chr14	52297572	52351425	48
chr14	52351425	56959736	54
chr14	56959736	57065914	48
chr14	57065914	58003754	54
chr14	58003754	60319426	56
chr14	60319426	60626581	49
chr14	60626581	61615205	56
chr14	61615205	64702206	49
chr14	64702206	68480212	44
chr14	68480212	69110216	34
chr14	69110216	70316155	44
chr14	70316155	72812733	41
chr14	72812733	73012275	31
chr14	73012275	73152978	25
chr14	73152978	73164166	31
chr14	73164166	73403454	41
chr14	73403454	78239290	51
chr14	78239290	78262049	41
chr14	78262049	78425636	48
chr14	78425636	78745866	34
chr14	78745866	82111728	44
chr14	82111728	83411352	49
chr14	83411352	85752152	26
chr14	85752152	87780251	33
chr14	87780251	90735309	28
chr14	90735309	90821723	22
chr14	90821723	90933375	14
chr14	90933375	90993637	20
chr14	90993637	91234829	25
chr14	91234829	98081246	19
chr14	98081246	98187553	27
chr14	98187553	98274808	33
chr14	98274808	103666669	27
chr14	103666669	104183990	23
chr14	104183990	104875275	27
chr14	104875275	104963862	27
chr14	104963862	105264158	27
chr14	105264158	106049634	27
chr14	106049634	106835012	27
chr14	106835012	106880592	22
chr14	106880592	106918378	45
chr14	106918378	107349540	22
chr15	0	19000000	0
chr15	19000000	20071673	5
chr15	20071673	20101641	0
chr15	20101641	20394175	0
chr15	20394175	20571284	0
chr15	20571284	21095458	0
chr15	21095458	22156594	0
chr15	22156594	23226361	0
chr15	23226361	23701596	0
chr15	23701596	23849282	0
chr15	23849282	23850203	0
chr15	23850203	24704709	0
chr15	24704709	24788483	0
chr15	24788483	25093683	0
chr15	25093683	25551437	0
chr15	25551437	29510247	0
chr15	29510247	34643981	10
chr15	34643981	34727855	24
chr15	34727855	34800448	16
chr15	34800448	34811604	24
chr15	34811604	39365349	25
chr15	39365349	39530873	21
chr15	39530873	41144629	25
chr15	41144629	41205569	20
chr15	41205569	41669742	25
chr15	41669742	42645830	26
chr15	42645830	42764920	21
chr15	42764920	51439630	26
chr15	51439630	51820737	18
chr15	51820737	60132824	7
chr15	60132824	63532265	2
chr15	63532265	65180921	8
chr15	65180921	65331603	6
chr15	65331603	66358500	0
chr15	66358500	66697047	2
chr15	66697047	73486244	0
chr15	73486244	73768472	1
chr15	73768472	73896972	17
chr15	73896972	75608498	9
chr15	75608498	75619863	3
chr15	75619863	76855164	0
chr15	76855164	76902218	0
chr15	76902218	76902724	0
chr15	76902724	77209634	0
chr15	77209634	77262031	0
chr15	77262031	77514621	0
chr15	77514621	77554136	0
chr15	77554136	77762484	0
chr15	77762484	83537207	0
chr15	83537207	85709196	0
chr15	85709196	85884325	0
chr15	85884325	91315068	0
chr15	91315068	91330538	0
chr15	91330538	91484057	0
chr15	91484057	92602918	0
chr15	92602918	92744220	0
chr15	92744220	92827866	0
chr15	92827866	93478995	0
chr15	93478995	94362342	0
chr15	94362342	94410117	0
chr15	94410117	101638972	0
chr15	101638972	102388567	0
chr15	102388567	102531392	0
chr16	0	560962	14
chr16	560962	1890993	25
chr16	1890993	2368641	18
chr16	2368641	2792963	25
chr16	2792963	3135478	35
chr16	3135478	3438664	30
chr16	3438664	3865262	35
chr16	3865262	4038943	28
chr16	4038943	4425658	35
chr16	4425658	8205010	29
chr16	8205010	8303120	23
chr16	8303120	10333606	29
chr16	10333606	10468652	23
chr16	10468652	14068846	29
chr16	14068846	14124339	23
chr16	14124339	14897809	29
chr16	14897809	15083070	37
chr16	15083070	15449222	29
chr16	15449222	17743600	37
chr16	17743600	17864041	35
chr16	17864041	18093450	27
chr16	18093450	25737464	35
chr16	25737464	26270629	40
chr16	26270629	31409991	32
chr16	31409991	33470340	34
chr16	33470340	33581422	28
chr16	33581422	34821104	34
chr16	34821104	35183806	28
chr16	35183806	36600000	6
chr16	36600000	46491374	17
chr16	46491374	46557282	28
chr16	46557282	46967722	34
chr16	46967722	47550632	41
chr16	47550632	48583917	46
chr16	48583917	49163881	35
chr16	49163881	53352792	62
chr16	53352792	53456960	57
chr16	53456960	53473434	62
chr16	53473434	53860933	62
chr16	53860933	56102822	74
chr16	56102822	70575838	86
chr16	70575838	70833930	94
chr16	70833930	70854785	86
chr16	70854785	71170120	64
chr16	71170120	71203996	81
chr16	71203996	71209063	86
chr16	71209063	85789294	94
chr16	85789294	90354753	86
chr17	0	34483	48
chr17	34483	1591599	54
chr17	1591599	1739814	48
chr17	1739814	4226049	54
chr17	4226049	4330618	48
chr17	4330618	4544405	54
chr17	4544405	4977639	48
chr17	4977639	7574793	54
chr17	7574793	7840981	47
chr17	7840981	7887302	54
chr17	7887302	7964242	60
chr17	7964242	8089915	54
chr17	8089915	13785507	60
chr17	13785507	13849603	46
chr17	13849603	14400622	60
chr17	14400622	14455256	68
chr17	14455256	14753889	60
chr17	14753889	14821911	68
chr17	14821911	16246109	60
chr17	16246109	16392944	55
chr17	16392944	17627399	60
chr17	17627399	18711552	54
chr17	18711552	21953994	66
chr17	21953994	22062395	42
chr17	22062395	22145506	41
chr17	22145506	22217883	29
chr17	22217883	22235650	19
chr17	22235650	24000000	1
chr17	24000000	25311244	0
chr17	25311244	25313829	28
chr17	25313829	25346692	39
chr17	25346692	25423004	52
chr17	25423004	25721088	58
chr17	25721088	25787576	66
chr17	25787576	26703737	58
chr17	26703737	32320170	66
chr17	32320170	34465244	52
chr17	34465244	36145014	43
chr17	36145014	37361135	52
chr17	37361135	37627261	44
chr17	37627261	37772980	34
chr17	37772980	37804840	29
chr17	37804840	37942451	26
chr17	37942451	39422361	32
chr17	39422361	39431628	34
chr17	39431628	40273062	26
chr17	40273062	41010638	21
chr17	41010638	41269618	10
chr17	41269618	43077500	21
chr17	43077500	43535181	10
chr17	43535181	43659384	13
chr17	43659384	43710399	24
chr17	43710399	45286277	21
chr17	45286277	45358528	14
chr17	45358528	45661626	21
chr17	45661626	46018143	19
chr17	46018143	46262980	14
chr17	46262980	46431174	7
chr17	46431174	46519872	0
chr17	46519872	46631354	7
chr17	46631354	48032955	0
chr17	48032955	48152578	0
chr17	48152578	54112253	0
chr17	54112253	54159979	0
chr17	54159979	54172701	0
chr17	54172701	54378139	0
chr17	54378139	55927645	0
chr17	55927645	56460641	0
chr17	56460641	57638312	0
chr17	57638312	58324492	0
chr17	58324492	58359447	0
chr17	58359447	58825137	0
chr17	58825137	59004129	0
chr17	59004129	62776063	0
chr17	62776063	63279899	0
chr17	63279899	65837097	0
chr17	65837097	66095295	0
chr17	66095295	69180530	0
chr17	69180530	71744878	0
chr17	71744878	74028803	0
chr17	74028803	74302165	0
chr17	74302165	77402903	0
chr17	77402903	77470416	0
chr17	77470416	79340597	0
chr17	79340597	79456872	0
chr17	79456872	81195210	0
chr18	0	497735	0
chr18	497735	1963963	0
chr18	1963963	3438593	0
chr18	3438593	3527101	0
chr18	3527101	7628897	0
chr18	7628897	7757610	0
chr18	7757610	10032112	0
chr18	10032112	10034104	0
chr18	10034104	10115432	7
chr18	10115432	12000526	0
chr18	12000526	14516434	0
chr18	14516434	15048905	0
chr18	15048905	15183047	0
chr18	15183047	15307817	0
chr18	15307817	17200000	2
chr18	17200000	18609580	0
chr18	18609580	18611243	6
chr18	18611243	18799520	0
chr18	18799520	19227375	0
chr18	19227375	19234895	0
chr18	19234895	19482238	0
chr18	19482238	19545252	0
chr18	19545252	22666640	0
chr18	22666640	22678924	0
chr18	22678924	22898288	0
chr18	22898288	23159180	0
chr18	23159180	24274479	0
chr18	24274479	24417597	0
chr18	24417597	25430689	0
chr18	25430689	26595835	0
chr18	26595835	26840958	0
chr18	26840958	26982955	0
chr18	26982955	27153105	1
chr18	27153105	31149381	5
chr18	31149381	31268490	5
chr18	31268490	33474744	22
chr18	33474744	34457831	30
chr18	34457831	35874561	44
chr18	35874561	36264809	25
chr18	36264809	36332684	44
chr18	36332684	36494720	52
chr18	36494720	37820762	53
chr18	37820762	38218378	45
chr18	38218378	38258076	26
chr18	38258076	38406902	9
chr18	38406902	39631483	9
chr18	39631483	39736839	9
chr18	39736839	40067712	9
chr18	40067712	40191609	9
chr18	40191609	40647570	9
chr18	40647570	40719211	9
chr18	40719211	40877420	19
chr18	40877420	40932006	9
chr18	40932006	41340065	9
chr18	41340065	41438523	9
chr18	41438523	41492228	9
chr18	41492228	42105622	9
chr18	42105622	42803061	29
chr18	42803061	42881573	15
chr18	42881573	43099571	29
chr18	43099571	43515280	29
chr18	43515280	43821092	46
chr18	43821092	45341275	50
chr18	45341275	45404576	67
chr18	45404576	45413665	67
chr18	45413665	47087074	67
chr18	47087074	52228608	86
chr18	52228608	52326350	80
chr18	52326350	55486332	86
chr18	55486332	72729268	72
chr18	72729268	72818097	56
chr18	72818097	78077248	72
chr19	0	803515	88
chr19	803515	1163693	78
chr19	1163693	1981910	88
chr19	1981910	2387574	81
chr19	2387574	3332545	88
chr19	3332545	3548883	74
chr19	3548883	3794146	67
chr19	3794146	5943672	74
chr19	5943672	6230145	60
chr19	6230145	6368207	52
chr19	6368207	7222558	60
chr19	7222558	7295879	52
chr19	7295879	8028300	29
chr19	8028300	8914460	19
chr19	8914460	9060310	29
chr19	9060310	9473089	23
chr19	9473089	9674523	14
chr19	9674523	9879827	0
chr19	9879827	9914416	0
chr19	9914416	11585157	0
chr19	11585157	11770233	18
chr19	11770233	12970934	12
chr19	12970934	14715823	1
chr19	14715823	15224968	0
chr19	15224968	15384200	0
chr19	15384200	15419148	0
chr19	15419148	15765255	0
chr19	15765255	15833349	0
chr19	15833349	15894976	0
chr19	15894976	15980340	0
chr19	15980340	16074750	0
chr19	16074750	16391954	0
chr19	16391954	17671081	0
chr19	17671081	17939118	0
chr19	17939118	17968162	0
chr19	17968162	18921018	7
chr19	18921018	19073581	7
chr19	19073581	19119358	0
chr19	19119358	19239358	0
chr19	19239358	20134126	7
chr19	20134126	20325330	0
chr19	20325330	20494554	0
chr19	20494554	20598770	0
chr19	20598770	20805926	0
chr19	20805926	20896285	7
chr19	20896285	21038378	7
chr19	21038378	21141655	0
chr19	21141655	21216615	0
chr19	21216615	21462980	0
chr19	21462980	21610862	0
chr19	21610862	21701554	0
chr19	21701554	21767134	0
chr19	21767134	22302574	0
chr19	22302574	22315792	0
chr19	22315792	22352812	0
chr19	22352812	22381391	0
chr19	22381391	22442129	0
chr19	22442129	22734101	0
chr19	22734101	23051486	0
chr19	23051486	23158482	0
chr19	23158482	23225561	0
chr19	23225561	23760233	0
chr19	23760233	23812456	0
chr19	23812456	24023775	0
chr19	24023775	24051504	0
chr19	24051504	24340714	0
chr19	24340714	24424033	0
chr19	24424033	24521623	0
chr19	24521623	26500000	5
chr19	26500000	27828664	0
chr19	27828664	27838898	0
chr19	27838898	28072426	0
chr19	28072426	28156224	0
chr19	28156224	28318539	0
chr19	28318539	28467280	0
chr19	28467280	28584839	0
chr19	28584839	28609038	0
chr19	28609038	28640027	0
chr19	28640027	29104114	0
chr19	29104114	29356696	0
chr19	29356696	29418521	0
chr19	29418521	29502477	0
chr19	29502477	29517539	0
chr19	29517539	30818944	0
chr19	30818944	30981186	0
chr19	30981186	31889275	0
chr19	31889275	31956806	0
chr19	31956806	31960157	0
chr19	31960157	32008374	0
chr19	32008374	32125142	0
chr19	32125142	32555907	0
chr19	32555907	32749788	0
chr19	32749788	32970842	0
chr19	32970842	33664194	0
chr19	33664194	33729879	0
chr19	33729879	34111989	0
chr19	34111989	34720350	0
chr19	34720350	35646223	0
chr19	35646223	35675439	0
chr19	35675439	35849408	0
chr19	35849408	35852423	0
chr19	35852423	35861731	0
chr19	35861731	35866878	0
chr19	35866878	36553363	0
chr19	36553363	36853226	0
chr19	36853226	37872864	0
chr19	37872864	38056807	0
chr19	38056807	39262899	0
chr19	39262899	40046901	0
chr19	40046901	40169310	0
chr19	40169310	40329046	0
chr19	40329046	40357535	0
chr19	40357535	40434243	0
chr19	40434243	40605358	0
chr19	40605358	41277115	0
chr19	41277115	41397515	2
chr19	41397515	41525700	8
chr19	41525700	43784815	2
chr19	43784815	44255588	0
chr19	44255588	44804836	0
chr19	44804836	45097141	3
chr19	45097141	47303050	20
chr19	47303050	47416332	28
chr19	47416332	48463259	20
chr19	48463259	48483447	28
chr19	48483447	49814924	20
chr19	49814924	50860543	8
chr19	50860543	54347807	14
chr19	54347807	54657149	4
chr19	54657149	59128983	14
chr20	0	614603	0
chr20	614603	7226365	0
chr20	7226365	7868710	0
chr20	7868710	10721508	0
chr20	10721508	12645231	0
chr20	12645231	12729439	0
chr20	12729439	12811247	0
chr20	12811247	13491557	0
chr20	13491557	15637678	0
chr20	15637678	16043439	0
chr20	16043439	17343615	0
chr20	17343615	21924535	0
chr20	21924535	26080935	0
chr20	26080935	26125431	0
chr20	26125431	26210632	0
chr20	26210632	26232228	0
chr20	26232228	26239964	0
chr20	26239964	26288535	0
chr20	26288535	26289925	0
chr20	26289925	27500000	0
chr20	27500000	29471217	0
chr20	29471217	32198290	0
chr20	32198290	32224228	0
chr20	32224228	32485111	1
chr20	32485111	33230641	0
chr20	33230641	36562852	0
chr20	36562852	37195174	0
chr20	37195174	37379394	0
chr20	37379394	39230595	0
chr20	39230595	39550961	0
chr20	39550961	39558305	0
chr20	39558305	40999505	0
chr20	40999505	41063323	0
chr20	41063323	43440196	0
chr20	43440196	43493171	0
chr20	43493171	43702813	0
chr20	43702813	43897738	0
chr20	43897738	44042410	0
chr20	44042410	44093689	0
chr20	44093689	44220084	0
chr20	44220084	44311049	0
chr20	44311049	46591723	0
chr20	46591723	47737656	0
chr20	47737656	47886219	0
chr20	47886219	48543141	0
chr20	48543141	48970746	0
chr20	48970746	49162213	0
chr20	49162213	50001298	0
chr20	50001298	50290088	0
chr20	50290088	50384371	0
chr20	50384371	50564330	0
chr20	50564330	50659047	0
chr20	50659047	52091814	0
chr20	52091814	53262428	0
chr20	53262428	53389461	0
chr20	53389461	53696564	0
chr20	53696564	53793288	0
chr20	53793288	54127289	0
chr20	54127289	60064023	0
chr20	60064023	62670322	0
chr20	62670322	63025520	0
chr21	0	9764385	1
chr21	9764385	11018120	0
chr21	11018120	11039570	0
chr21	11039570	11083847	0
chr21	11083847	13200000	1
chr21	13200000	14386013	0
chr21	14386013	14446700	5
chr21	14446700	14620400	0
chr21	14620400	15679443	0
chr21	15679443	16464021	0
chr21	16464021	16573424	0
chr21	16573424	18769539	0
chr21	18769539	18780316	0
chr21	18780316	18829359	0
chr21	18829359	18830716	0
chr21	18830716	18892333	0
chr21	18892333	27339341	0
chr21	27339341	27448778	0
chr21	27448778	27458215	0
chr21	27458215	27569516	0
chr21	27569516	27612652	0
chr21	27612652	27662177	0
chr21	27662177	28451383	0
chr21	28451383	28458923	0
chr21	28458923	32718311	0
chr21	32718311	33425621	0
chr21	33425621	33458436	0
chr21	33458436	33762538	0
chr21	33762538	35089691	0
chr21	35089691	35253014	0
chr21	35253014	37063642	0
chr21	37063642	44730323	0
chr21	44730323	45133776	0
chr21	45133776	45307653	0
chr21	45307653	47509664	0
chr21	47509664	47652486	1
chr21	47652486	47657715	0
chr21	47657715	47964074	0
chr21	47964074	48129895	0
chr22	0	14700000	0
chr22	14700000	16059734	11
chr22	16059734	16151161	25
chr22	16151161	16477285	3
chr22	16477285	16774157	12
chr22	16774157	16875979	29
chr22	16875979	16877182	24
chr22	16877182	16893474	30
chr22	16893474	17140259	35
chr22	17140259	17203447	40
chr22	17203447	17315480	36
chr22	17315480	17342636	52
chr22	17342636	18613967	64
chr22	18613967	18631528	72
chr22	18631528	18664366	64
chr22	18664366	19006554	68
chr22	19006554	19315626	52
chr22	19315626	20019103	68
chr22	20019103	20306072	52
chr22	20306072	24347476	68
chr22	24347476	24399172	45
chr22	24399172	24442107	68
chr22	24442107	25719035	72
chr22	25719035	25784601	55
chr22	25784601	28149283	72
chr22	28149283	28297029	55
chr22	28297029	28605885	51
chr22	28605885	29026071	55
chr22	29026071	29189494	50
chr22	29189494	29269841	66
chr22	29269841	29653414	72
chr22	29653414	29743743	79
chr22	29743743	30739868	72
chr22	30739868	30826095	66
chr22	30826095	31432843	72
chr22	31432843	31574576	55
chr22	31574576	31657683	72
chr22	31657683	31700640	55
chr22	31700640	31810485	64
chr22	31810485	31812545	71
chr22	31812545	32144376	87
chr22	32144376	32451500	71
chr22	32451500	33208374	87
chr22	33208374	35739517	71
chr22	35739517	36119231	87
chr22	36119231	36762860	71
chr22	36762860	37999038	87
chr22	37999038	38117784	79
chr22	38117784	38832615	63
chr22	38832615	40439090	79
chr22	40439090	40874840	95
chr22	40874840	41239363	79
chr22	41239363	41605107	95
chr22	41605107	41704388	79
chr22	41704388	42579065	80
chr22	42579065	43209053	97
chr22	43209053	43310061	80
chr22	43310061	43445631	73
chr22	43445631	44878506	80
chr22	44878506	45895551	97
chr22	45895551	46044783	80
chr22	46044783	48804406	97
chr22	48804406	49177359	80
chr22	49177359	49694321	97
chr22	49694321	49761909	87
chr22	49761909	49820682	70
chr22	49820682	50044842	87
chr22	50044842	50535370	97
chr22	50535370	50691584	80
chr22	50691584	51133399	97
chr22	51133399	51193712	80
chr22	51193712	51304566	57
chrX	0	582042	56
chrX	582042	586088	42
chrX	586088	954494	33
chrX	954494	968584	25
chrX	968584	1837799	20
chrX	1837799	1839899	28
chrX	1839899	2341842	33
chrX	2341842	2578122	42
chrX	2578122	2684878	56
chrX	2684878	4019587	62
chrX	4019587	6022967	70
chrX	6022967	6104066	64
chrX	6104066	6455386	56
chrX	6455386	7743346	64
chrX	7743346	8222112	60
chrX	8222112	9559837	64
chrX	9559837	9601591	70
chrX	9601591	9861458	64
chrX	9861458	9917616	56
chrX	9917616	10172747	64
chrX	10172747	10559526	53
chrX	10559526	10831613	64
chrX	10831613	11485946	56
chrX	11485946	12884482	64
chrX	12884482	12940379	60
chrX	12940379	23565815	64
chrX	23565815	33087411	70
chrX	33087411	38680380	62
chrX	38680380	40646659	52
chrX	40646659	47124220	62
chrX	47124220	47341885	56
chrX	47341885	47594908	62
chrX	47594908	48373078	56
chrX	48373078	48960782	50
chrX	48960782	50114690	56
chrX	50114690	50637881	47
chrX	50637881	51830728	56
chrX	51830728	51864777	68
chrX	51864777	56955721	56
chrX	56955721	56980919	64
chrX	56980919	59140942	56
chrX	59140942	59152049	62
chrX	59152049	59178820	48
chrX	59178820	59331578	31
chrX	59331578	60600000	20
chrX	60600000	61818199	8
chrX	61818199	62097821	56
chrX	62097821	65456111	62
chrX	65456111	65606577	57
chrX	65606577	68279680	62
chrX	68279680	68387060	67
chrX	68387060	73065067	62
chrX	73065067	73225779	70
chrX	73225779	84025824	62
chrX	84025824	84101164	57
chrX	84101164	87497686	62
chrX	87497686	87539411	53
chrX	87539411	95305272	62
chrX	95305272	95307189	55
chrX	95307189	111889395	62
chrX	111889395	112976743	59
chrX	112976743	120941564	53
chrX	120941564	122394677	58
chrX	122394677	122962646	53
chrX	122962646	123201912	47
chrX	123201912	128713735	53
chrX	128713735	132951831	39
chrX	132951831	133188322	29
chrX	133188322	134895017	39
chrX	134895017	146388609	31
chrX	146388609	147756723	39
chrX	147756723	147971275	25
chrX	147971275	151538653	13
chrX	151538653	153241449	27
chrX	153241449	153558354	17
chrX	153558354	153559531	23
chrX	153559531	155270560	33
chrY	0	12500000	0
chrY	12500000	59373566	0