Chromosome Region	Start	End	loss
chr1	0	666285	0
chr1	666285	6853355	0
chr1	6853355	7272421	0
chr1	7272421	8066167	0
chr1	8066167	11009611	0
chr1	11009611	15028144	4
chr1	15028144	15114070	0
chr1	15114070	16588894	4
chr1	16588894	16697192	0
chr1	16697192	16848768	4
chr1	16848768	16870321	26
chr1	16870321	17016876	42
chr1	17016876	17082652	21
chr1	17082652	17691321	4
chr1	17691321	17842092	0
chr1	17842092	22238957	4
chr1	22238957	25507254	10
chr1	25507254	26132903	0
chr1	26132903	26253274	0
chr1	26253274	26576396	0
chr1	26576396	27481096	10
chr1	27481096	28596133	0
chr1	28596133	28771659	10
chr1	28771659	31262421	8
chr1	31262421	33151411	2
chr1	33151411	35051963	1
chr1	35051963	35109386	0
chr1	35109386	35133004	0
chr1	35133004	37098711	1
chr1	37098711	37197385	0
chr1	37197385	37324799	0
chr1	37324799	37955370	0
chr1	37955370	38180037	0
chr1	38180037	39224753	0
chr1	39224753	42175095	0
chr1	42175095	42674616	0
chr1	42674616	44687475	0
chr1	44687475	44820347	0
chr1	44820347	45061581	0
chr1	45061581	48160843	0
chr1	48160843	48988196	0
chr1	48988196	49308196	0
chr1	49308196	51000609	0
chr1	51000609	51536218	0
chr1	51536218	60931543	0
chr1	60931543	61011195	0
chr1	61011195	62851904	0
chr1	62851904	63016018	0
chr1	63016018	65299195	0
chr1	65299195	65315050	0
chr1	65315050	65358736	0
chr1	65358736	65369223	0
chr1	65369223	65933145	0
chr1	65933145	72188611	0
chr1	72188611	72753227	0
chr1	72753227	72765894	0
chr1	72765894	72768926	0
chr1	72768926	72811532	3
chr1	72811532	72816882	0
chr1	72816882	73057534	0
chr1	73057534	74536605	0
chr1	74536605	74540304	0
chr1	74540304	77593002	0
chr1	77593002	83828881	0
chr1	83828881	83961652	0
chr1	83961652	84538032	0
chr1	84538032	85508991	0
chr1	85508991	87211485	0
chr1	87211485	88020633	0
chr1	88020633	91954925	0
chr1	91954925	92380027	0
chr1	92380027	92598321	0
chr1	92598321	93275319	0
chr1	93275319	95494745	0
chr1	95494745	95775615	0
chr1	95775615	98713037	0
chr1	98713037	98750900	0
chr1	98750900	112693006	0
chr1	112693006	112706196	0
chr1	112706196	113290397	0
chr1	113290397	113501522	0
chr1	113501522	113678932	0
chr1	113678932	113868367	0
chr1	113868367	114746862	0
chr1	114746862	114801514	0
chr1	114801514	114930771	0
chr1	114930771	114959714	0
chr1	114959714	116526920	0
chr1	116526920	117570388	0
chr1	117570388	118186483	0
chr1	118186483	120621451	0
chr1	120621451	120685338	0
chr1	120685338	121185034	0
chr1	121185034	121230790	0
chr1	121230790	121291080	0
chr1	121291080	125000000	0
chr1	125000000	143458436	0
chr1	143458436	144527676	0
chr1	144527676	145386254	0
chr1	145386254	148648869	0
chr1	148648869	149255799	0
chr1	149255799	149425912	0
chr1	149425912	149834798	0
chr1	149834798	152856193	0
chr1	152856193	152979258	0
chr1	152979258	153191794	0
chr1	153191794	153250731	0
chr1	153250731	155194365	0
chr1	155194365	155247949	0
chr1	155247949	155567329	0
chr1	155567329	155665165	0
chr1	155665165	158207057	0
chr1	158207057	158313222	0
chr1	158313222	160013512	0
chr1	160013512	162881278	0
chr1	162881278	162933215	0
chr1	162933215	163809199	0
chr1	163809199	166568705	0
chr1	166568705	171491621	0
chr1	171491621	173597243	0
chr1	173597243	174506579	0
chr1	174506579	174987046	0
chr1	174987046	176051538	0
chr1	176051538	176161380	0
chr1	176161380	177744013	0
chr1	177744013	177806752	0
chr1	177806752	177933068	0
chr1	177933068	179800493	0
chr1	179800493	180514472	0
chr1	180514472	182935212	0
chr1	182935212	187520715	0
chr1	187520715	188994230	0
chr1	188994230	189157358	0
chr1	189157358	189508302	0
chr1	189508302	192384886	0
chr1	192384886	196698279	0
chr1	196698279	196705860	0
chr1	196705860	196711121	0
chr1	196711121	196816261	0
chr1	196816261	196828843	0
chr1	196828843	200789160	0
chr1	200789160	203761823	0
chr1	203761823	203918036	0
chr1	203918036	206508400	0
chr1	206508400	207327196	0
chr1	207327196	209745006	0
chr1	209745006	209839590	0
chr1	209839590	211939113	0
chr1	211939113	216453044	0
chr1	216453044	218587072	0
chr1	218587072	218686904	0
chr1	218686904	222224159	0
chr1	222224159	222229268	0
chr1	222229268	224256093	0
chr1	224256093	224588601	0
chr1	224588601	227936992	0
chr1	227936992	230516522	0
chr1	230516522	232594411	0
chr1	232594411	232677503	0
chr1	232677503	236454946	0
chr1	236454946	236536247	0
chr1	236536247	237375389	0
chr1	237375389	246966703	0
chr1	246966703	247787459	0
chr1	247787459	247864435	0
chr1	247864435	249250621	0
chr2	0	5494267	0
chr2	5494267	6420338	0
chr2	6420338	13503461	0
chr2	13503461	19089623	0
chr2	19089623	19705236	0
chr2	19705236	19813813	0
chr2	19813813	21851627	0
chr2	21851627	22174099	0
chr2	22174099	23178444	0
chr2	23178444	23738366	0
chr2	23738366	26060892	0
chr2	26060892	26916131	0
chr2	26916131	30859740	0
chr2	30859740	32163804	0
chr2	32163804	32584312	0
chr2	32584312	38040545	0
chr2	38040545	38181431	0
chr2	38181431	41809180	0
chr2	41809180	42633249	0
chr2	42633249	42828325	0
chr2	42828325	45820839	0
chr2	45820839	45907574	0
chr2	45907574	47538695	0
chr2	47538695	47697978	0
chr2	47697978	47889331	0
chr2	47889331	48110791	0
chr2	48110791	49616470	0
chr2	49616470	49698261	0
chr2	49698261	60270985	0
chr2	60270985	61666549	0
chr2	61666549	62006204	0
chr2	62006204	62042449	0
chr2	62042449	63031292	0
chr2	63031292	63141799	0
chr2	63141799	65351817	0
chr2	65351817	65465459	0
chr2	65465459	70266797	0
chr2	70266797	70492634	0
chr2	70492634	71429869	0
chr2	71429869	74682237	0
chr2	74682237	77480934	0
chr2	77480934	77973549	0
chr2	77973549	78055193	0
chr2	78055193	80780924	0
chr2	80780924	80831029	0
chr2	80831029	85580057	0
chr2	85580057	85701660	0
chr2	85701660	86683261	0
chr2	86683261	87413976	0
chr2	87413976	87555780	0
chr2	87555780	87850026	0
chr2	87850026	90301276	0
chr2	90301276	91627978	0
chr2	91627978	91704724	0
chr2	91704724	91794849	0
chr2	91794849	92089051	0
chr2	92089051	92193296	0
chr2	92193296	92275027	0
chr2	92275027	92285930	0
chr2	92285930	93300000	0
chr2	93300000	95421697	0
chr2	95421697	96656411	0
chr2	96656411	97624834	0
chr2	97624834	97832353	0
chr2	97832353	98197009	0
chr2	98197009	98524556	0
chr2	98524556	98675483	0
chr2	98675483	98879626	0
chr2	98879626	99742491	0
chr2	99742491	104028502	0
chr2	104028502	104262587	0
chr2	104262587	104385099	0
chr2	104385099	104521125	0
chr2	104521125	109073022	0
chr2	109073022	109202757	0
chr2	109202757	109357887	0
chr2	109357887	109604227	0
chr2	109604227	110012398	0
chr2	110012398	111403986	0
chr2	111403986	111613220	0
chr2	111613220	111660454	0
chr2	111660454	111885594	0
chr2	111885594	112372597	0
chr2	112372597	112415706	0
chr2	112415706	112423341	0
chr2	112423341	112615695	0
chr2	112615695	112882741	0
chr2	112882741	113319062	0
chr2	113319062	113444584	0
chr2	113444584	113461268	0
chr2	113461268	113488995	0
chr2	113488995	113546791	0
chr2	113546791	113636636	0
chr2	113636636	113871943	0
chr2	113871943	114429392	0
chr2	114429392	115119952	0
chr2	115119952	118391790	0
chr2	118391790	120383500	0
chr2	120383500	123489857	0
chr2	123489857	128707938	0
chr2	128707938	128867389	0
chr2	128867389	136560113	0
chr2	136560113	137850135	0
chr2	137850135	139266523	0
chr2	139266523	140122834	0
chr2	140122834	140339283	0
chr2	140339283	141420218	0
chr2	141420218	141706582	0
chr2	141706582	142068980	0
chr2	142068980	142692934	0
chr2	142692934	143110356	0
chr2	143110356	143320951	0
chr2	143320951	147128923	0
chr2	147128923	152397296	0
chr2	152397296	153782144	0
chr2	153782144	153972474	0
chr2	153972474	154276875	0
chr2	154276875	157533540	0
chr2	157533540	157534519	0
chr2	157534519	159315782	0
chr2	159315782	164501666	0
chr2	164501666	164711142	0
chr2	164711142	167543853	0
chr2	167543853	168773435	0
chr2	168773435	168826452	0
chr2	168826452	170384577	0
chr2	170384577	170472426	0
chr2	170472426	173806966	0
chr2	173806966	177189497	0
chr2	177189497	178032138	0
chr2	178032138	181738827	0
chr2	181738827	184673379	0
chr2	184673379	186217716	0
chr2	186217716	186458661	0
chr2	186458661	186883562	0
chr2	186883562	187629616	0
chr2	187629616	189806307	0
chr2	189806307	189965565	0
chr2	189965565	190309384	0
chr2	190309384	191016476	0
chr2	191016476	191360716	0
chr2	191360716	191564964	0
chr2	191564964	194236536	0
chr2	194236536	194679904	0
chr2	194679904	194943310	0
chr2	194943310	194989723	0
chr2	194989723	196637169	0
chr2	196637169	199858614	0
chr2	199858614	203069398	0
chr2	203069398	204202731	0
chr2	204202731	207291059	0
chr2	207291059	208999100	0
chr2	208999100	209063487	0
chr2	209063487	215624948	0
chr2	215624948	218852039	0
chr2	218852039	219079263	0
chr2	219079263	224693971	0
chr2	224693971	229948848	0
chr2	229948848	230065224	0
chr2	230065224	236317554	0
chr2	236317554	236943609	0
chr2	236943609	237490615	0
chr2	237490615	238206902	0
chr2	238206902	238577884	0
chr2	238577884	239278666	0
chr2	239278666	239500651	0
chr2	239500651	243023968	0
chr2	243023968	243199373	0
chr3	0	5588375	0
chr3	5588375	6648836	0
chr3	6648836	6660012	9
chr3	6660012	10243615	0
chr3	10243615	11639931	4
chr3	11639931	11651839	20
chr3	11651839	12356103	4
chr3	12356103	18854978	0
chr3	18854978	18919212	0
chr3	18919212	19234215	0
chr3	19234215	19440301	0
chr3	19440301	19762174	0
chr3	19762174	19846712	0
chr3	19846712	20031256	4
chr3	20031256	23904874	0
chr3	23904874	24624899	0
chr3	24624899	24982753	0
chr3	24982753	26148988	0
chr3	26148988	26304146	0
chr3	26304146	26612137	0
chr3	26612137	26616020	0
chr3	26616020	27467906	0
chr3	27467906	31958533	0
chr3	31958533	32672483	0
chr3	32672483	32687890	0
chr3	32687890	32840816	0
chr3	32840816	32903917	0
chr3	32903917	35058029	0
chr3	35058029	37949994	0
chr3	37949994	42247824	0
chr3	42247824	47721582	0
chr3	47721582	48152949	0
chr3	48152949	48275962	0
chr3	48275962	50132434	0
chr3	50132434	52152004	0
chr3	52152004	53788877	0
chr3	53788877	55557879	0
chr3	55557879	56285000	0
chr3	56285000	59019091	0
chr3	59019091	60426234	0
chr3	60426234	60512802	0
chr3	60512802	60707095	0
chr3	60707095	60836843	0
chr3	60836843	63356016	0
chr3	63356016	64372507	0
chr3	64372507	64418082	0
chr3	64418082	65625084	0
chr3	65625084	65873060	0
chr3	65873060	65924069	0
chr3	65924069	67492844	0
chr3	67492844	73198696	0
chr3	73198696	74943778	0
chr3	74943778	84871422	0
chr3	84871422	85616390	0
chr3	85616390	90137970	0
chr3	90137970	90145243	0
chr3	90145243	91000000	0
chr3	91000000	93543006	0
chr3	93543006	93548479	0
chr3	93548479	93588564	0
chr3	93588564	93605126	0
chr3	93605126	93705493	0
chr3	93705493	93769215	0
chr3	93769215	93787311	0
chr3	93787311	94984795	0
chr3	94984795	101847172	0
chr3	101847172	102029359	0
chr3	102029359	104760858	0
chr3	104760858	105419369	0
chr3	105419369	106778255	0
chr3	106778255	107283509	0
chr3	107283509	107352799	0
chr3	107352799	107969313	0
chr3	107969313	108944655	0
chr3	108944655	109199781	0
chr3	109199781	110209578	0
chr3	110209578	110243910	0
chr3	110243910	110374486	0
chr3	110374486	113388127	0
chr3	113388127	114119459	0
chr3	114119459	115874587	0
chr3	115874587	116070536	0
chr3	116070536	116488267	0
chr3	116488267	116775294	1
chr3	116775294	117430401	0
chr3	117430401	117565534	0
chr3	117565534	117635989	20
chr3	117635989	117652723	1
chr3	117652723	121652561	0
chr3	121652561	124290949	0
chr3	124290949	125539111	0
chr3	125539111	128311925	0
chr3	128311925	128429016	0
chr3	128429016	128446302	0
chr3	128446302	128881127	0
chr3	128881127	129791189	0
chr3	129791189	129905844	0
chr3	129905844	129911642	0
chr3	129911642	133312576	0
chr3	133312576	138502804	0
chr3	138502804	138625611	0
chr3	138625611	141463126	0
chr3	141463126	142093058	0
chr3	142093058	142604190	0
chr3	142604190	144294872	0
chr3	144294872	144484510	0
chr3	144484510	145296225	0
chr3	145296225	145458383	0
chr3	145458383	148519173	0
chr3	148519173	152769861	0
chr3	152769861	152864100	0
chr3	152864100	162510463	0
chr3	162510463	162626284	0
chr3	162626284	162987024	0
chr3	162987024	163071525	0
chr3	163071525	167279464	0
chr3	167279464	167595919	0
chr3	167595919	168686609	0
chr3	168686609	168786800	0
chr3	168786800	169410466	0
chr3	169410466	169717695	0
chr3	169717695	169802543	0
chr3	169802543	169890262	0
chr3	169890262	169922744	0
chr3	169922744	170064054	0
chr3	170064054	172282254	0
chr3	172282254	172370631	0
chr3	172370631	174666554	0
chr3	174666554	174857107	0
chr3	174857107	176367546	0
chr3	176367546	176562841	0
chr3	176562841	176611711	0
chr3	176611711	176898343	0
chr3	176898343	179718398	0
chr3	179718398	186557329	0
chr3	186557329	186699461	0
chr3	186699461	187446005	0
chr3	187446005	187572259	0
chr3	187572259	188261647	0
chr3	188261647	188327003	0
chr3	188327003	189926478	0
chr3	189926478	190240978	0
chr3	190240978	190746006	0
chr3	190746006	190830509	0
chr3	190830509	191867751	0
chr3	191867751	191936757	0
chr3	191936757	191947828	0
chr3	191947828	192027472	0
chr3	192027472	192826538	0
chr3	192826538	192886953	0
chr3	192886953	195524446	0
chr3	195524446	195741717	0
chr3	195741717	195793995	0
chr3	195793995	196706702	0
chr3	196706702	196973515	0
chr3	196973515	197869551	0
chr3	197869551	198022430	0
chr4	0	66349	39
chr4	66349	69623	23
chr4	69623	79627	20
chr4	79627	646395	13
chr4	646395	1388479	0
chr4	1388479	1738260	0
chr4	1738260	2838021	0
chr4	2838021	3011672	0
chr4	3011672	3260110	0
chr4	3260110	3438991	0
chr4	3438991	3899298	0
chr4	3899298	4391897	0
chr4	4391897	4786805	0
chr4	4786805	5631650	0
chr4	5631650	6471562	0
chr4	6471562	6525584	0
chr4	6525584	6528995	0
chr4	6528995	7067862	15
chr4	7067862	7938932	0
chr4	7938932	9854530	15
chr4	9854530	10210348	0
chr4	10210348	10212275	0
chr4	10212275	10231374	0
chr4	10231374	10234240	0
chr4	10234240	10391541	0
chr4	10391541	10401693	19
chr4	10401693	10988130	0
chr4	10988130	11896171	0
chr4	11896171	12564162	0
chr4	12564162	13063824	0
chr4	13063824	13392807	16
chr4	13392807	15593830	0
chr4	15593830	17367644	16
chr4	17367644	18928588	0
chr4	18928588	20186567	16
chr4	20186567	20457687	37
chr4	20457687	21172481	16
chr4	21172481	22394237	0
chr4	22394237	22651224	0
chr4	22651224	23348800	0
chr4	23348800	23634253	16
chr4	23634253	24558560	0
chr4	24558560	25507837	16
chr4	25507837	25623269	8
chr4	25623269	25730823	16
chr4	25730823	26084384	0
chr4	26084384	26418681	16
chr4	26418681	26587201	0
chr4	26587201	26888359	16
chr4	26888359	29268494	0
chr4	29268494	30144469	0
chr4	30144469	31459202	16
chr4	31459202	32201299	0
chr4	32201299	32539486	16
chr4	32539486	34795786	0
chr4	34795786	37509966	16
chr4	37509966	38374427	0
chr4	38374427	40767635	16
chr4	40767635	40965866	0
chr4	40965866	43297564	16
chr4	43297564	45142381	0
chr4	45142381	45304903	16
chr4	45304903	47002152	0
chr4	47002152	47318212	0
chr4	47318212	48006692	0
chr4	48006692	48260999	16
chr4	48260999	48992424	0
chr4	48992424	49309867	0
chr4	49309867	50400000	0
chr4	50400000	52696792	0
chr4	52696792	52700771	35
chr4	52700771	52863061	35
chr4	52863061	53060344	43
chr4	53060344	53286908	26
chr4	53286908	53778176	10
chr4	53778176	56616606	43
chr4	56616606	56776197	26
chr4	56776197	57640575	43
chr4	57640575	59279900	26
chr4	59279900	64693460	27
chr4	64693460	64717535	48
chr4	64717535	65703649	27
chr4	65703649	66615266	7
chr4	66615266	68784010	27
chr4	68784010	69330439	7
chr4	69330439	69373472	0
chr4	69373472	69536970	0
chr4	69536970	69538744	0
chr4	69538744	70125577	7
chr4	70125577	70237630	0
chr4	70237630	73126933	7
chr4	73126933	73502195	27
chr4	73502195	73933932	0
chr4	73933932	75507605	27
chr4	75507605	75845604	7
chr4	75845604	77813812	27
chr4	77813812	78005252	44
chr4	78005252	82322908	58
chr4	82322908	85189734	65
chr4	85189734	86292373	46
chr4	86292373	93800915	65
chr4	93800915	93873358	46
chr4	93873358	97574665	46
chr4	97574665	98560919	65
chr4	98560919	98705808	87
chr4	98705808	108707790	65
chr4	108707790	110492518	46
chr4	110492518	111185617	65
chr4	111185617	111289363	44
chr4	111289363	111523034	65
chr4	111523034	115173678	70
chr4	115173678	115184351	37
chr4	115184351	127261574	70
chr4	127261574	130862520	46
chr4	130862520	131211986	27
chr4	131211986	138101748	46
chr4	138101748	138196646	25
chr4	138196646	150392133	46
chr4	150392133	150484311	67
chr4	150484311	150955089	46
chr4	150955089	151932855	46
chr4	151932855	152067118	38
chr4	152067118	152799628	46
chr4	152799628	152859487	24
chr4	152859487	155708009	67
chr4	155708009	160976070	47
chr4	160976070	161287633	67
chr4	161287633	161877009	47
chr4	161877009	163255327	59
chr4	163255327	164332346	39
chr4	164332346	165945039	59
chr4	165945039	166106749	51
chr4	166106749	166381405	59
chr4	166381405	169785732	78
chr4	169785732	169846698	59
chr4	169846698	181976094	78
chr4	181976094	182273098	78
chr4	182273098	184921150	78
chr4	184921150	185196919	59
chr4	185196919	191154276	78
chr5	0	1522369	0
chr5	1522369	2340001	0
chr5	2340001	2377894	0
chr5	2377894	2408783	0
chr5	2408783	7990909	0
chr5	7990909	8218970	0
chr5	8218970	8323007	0
chr5	8323007	8509939	0
chr5	8509939	11621806	0
chr5	11621806	11720760	0
chr5	11720760	11793201	0
chr5	11793201	17040114	0
chr5	17040114	17145744	0
chr5	17145744	19240660	0
chr5	19240660	19639686	0
chr5	19639686	19799548	0
chr5	19799548	24740567	0
chr5	24740567	26476816	0
chr5	26476816	28237526	0
chr5	28237526	34101645	0
chr5	34101645	34118627	0
chr5	34118627	34243765	0
chr5	34243765	34294965	0
chr5	34294965	36006041	0
chr5	36006041	37555099	0
chr5	37555099	38427996	0
chr5	38427996	45878132	0
chr5	45878132	46062051	0
chr5	46062051	46278212	0
chr5	46278212	46383335	0
chr5	46383335	48400000	0
chr5	48400000	49520000	6
chr5	49520000	49573133	0
chr5	49573133	49696127	0
chr5	49696127	49762785	2
chr5	49762785	51879881	19
chr5	51879881	52010966	27
chr5	52010966	53991662	7
chr5	53991662	55948901	27
chr5	55948901	57323830	30
chr5	57323830	57335951	0
chr5	57335951	57339215	0
chr5	57339215	59415102	30
chr5	59415102	60319716	10
chr5	60319716	64708132	30
chr5	64708132	66645828	41
chr5	66645828	75727732	48
chr5	75727732	79135669	54
chr5	79135669	79652741	35
chr5	79652741	79704402	74
chr5	79704402	80854225	35
chr5	80854225	81801629	54
chr5	81801629	83930963	50
chr5	83930963	87305207	30
chr5	87305207	88804733	50
chr5	88804733	88875622	30
chr5	88875622	92256109	50
chr5	92256109	94723743	44
chr5	94723743	96694607	43
chr5	96694607	96789650	23
chr5	96789650	97032840	43
chr5	97032840	97096533	26
chr5	97096533	103508262	43
chr5	103508262	107102520	43
chr5	107102520	107189394	42
chr5	107189394	109772193	45
chr5	109772193	109885720	25
chr5	109885720	113954052	45
chr5	113954052	117819508	25
chr5	117819508	118513069	15
chr5	118513069	120576966	34
chr5	120576966	123477471	26
chr5	123477471	125887953	15
chr5	125887953	126159001	7
chr5	126159001	128255639	15
chr5	128255639	128315026	7
chr5	128315026	132278400	15
chr5	132278400	132439889	7
chr5	132439889	133922767	15
chr5	133922767	134247360	7
chr5	134247360	135002874	15
chr5	135002874	135205841	0
chr5	135205841	137148669	0
chr5	137148669	138744488	0
chr5	138744488	139017711	0
chr5	139017711	140714285	0
chr5	140714285	140759605	0
chr5	140759605	140807226	0
chr5	140807226	140911052	0
chr5	140911052	148750956	0
chr5	148750956	151330666	0
chr5	151330666	151361206	0
chr5	151361206	152570152	0
chr5	152570152	153019188	0
chr5	153019188	154609419	0
chr5	154609419	154753831	0
chr5	154753831	155476846	0
chr5	155476846	155498132	0
chr5	155498132	156564182	0
chr5	156564182	162167074	0
chr5	162167074	162531444	0
chr5	162531444	166886578	0
chr5	166886578	167153968	0
chr5	167153968	168277402	0
chr5	168277402	171614236	0
chr5	171614236	171756784	0
chr5	171756784	175570927	0
chr5	175570927	175603987	0
chr5	175603987	176398609	0
chr5	176398609	176718860	0
chr5	176718860	177040344	0
chr5	177040344	177360565	0
chr5	177360565	177745289	0
chr5	177745289	179795812	0
chr5	179795812	180170835	0
chr5	180170835	180460507	0
chr5	180460507	180915260	0
chr6	0	294459	0
chr6	294459	377826	0
chr6	377826	4645769	0
chr6	4645769	8398388	0
chr6	8398388	8479866	0
chr6	8479866	10173396	0
chr6	10173396	11612725	4
chr6	11612725	16064610	0
chr6	16064610	18371113	0
chr6	18371113	19745322	0
chr6	19745322	19962242	0
chr6	19962242	20036833	1
chr6	20036833	21118684	0
chr6	21118684	21546123	0
chr6	21546123	21724278	0
chr6	21724278	22351733	0
chr6	22351733	23118471	0
chr6	23118471	26553866	0
chr6	26553866	26977644	0
chr6	26977644	27567183	0
chr6	27567183	27673060	0
chr6	27673060	27735553	0
chr6	27735553	28269272	0
chr6	28269272	29351828	0
chr6	29351828	30850901	0
chr6	30850901	31810939	0
chr6	31810939	32307442	0
chr6	32307442	32354349	0
chr6	32354349	32454399	8
chr6	32454399	33436041	0
chr6	33436041	33620870	0
chr6	33620870	33876701	0
chr6	33876701	33997975	0
chr6	33997975	34864646	0
chr6	34864646	36630015	0
chr6	36630015	38076200	0
chr6	38076200	38878385	4
chr6	38878385	40052883	4
chr6	40052883	40183676	12
chr6	40183676	40377782	4
chr6	40377782	40449275	12
chr6	40449275	43316687	4
chr6	43316687	43553672	0
chr6	43553672	44327114	4
chr6	44327114	45346684	4
chr6	45346684	46045213	0
chr6	46045213	46052289	4
chr6	46052289	47212976	0
chr6	47212976	47229058	2
chr6	47229058	47455902	0
chr6	47455902	48433476	2
chr6	48433476	49525433	0
chr6	49525433	50187699	0
chr6	50187699	53511101	11
chr6	53511101	58348953	5
chr6	58348953	58454586	0
chr6	58454586	58774716	0
chr6	58774716	61000000	0
chr6	61000000	62033212	0
chr6	62033212	62235758	0
chr6	62235758	62262967	0
chr6	62262967	62272924	0
chr6	62272924	62324638	0
chr6	62324638	62357676	0
chr6	62357676	62847787	3
chr6	62847787	63166549	0
chr6	63166549	63601556	0
chr6	63601556	63906639	0
chr6	63906639	65332836	0
chr6	65332836	66259333	0
chr6	66259333	67227403	0
chr6	67227403	68164229	0
chr6	68164229	69705300	0
chr6	69705300	71488947	0
chr6	71488947	71967577	0
chr6	71967577	73485665	0
chr6	73485665	73617869	0
chr6	73617869	73968138	0
chr6	73968138	74380536	0
chr6	74380536	74591205	0
chr6	74591205	74633180	0
chr6	74633180	75224569	0
chr6	75224569	75818735	0
chr6	75818735	77034061	0
chr6	77034061	77072382	0
chr6	77072382	77577714	0
chr6	77577714	80317844	0
chr6	80317844	80973631	0
chr6	80973631	81508893	0
chr6	81508893	81781380	0
chr6	81781380	95497904	12
chr6	95497904	95604281	0
chr6	95604281	95662921	12
chr6	95662921	95878690	0
chr6	95878690	103736403	12
chr6	103736403	103765576	13
chr6	103765576	106044148	23
chr6	106044148	109003283	34
chr6	109003283	109169648	15
chr6	109169648	109585052	34
chr6	109585052	109686862	15
chr6	109686862	112411098	34
chr6	112411098	113399180	29
chr6	113399180	117018123	39
chr6	117018123	121580244	18
chr6	121580244	126001208	13
chr6	126001208	127402433	0
chr6	127402433	128441567	13
chr6	128441567	128619035	0
chr6	128619035	131241083	13
chr6	131241083	131441752	0
chr6	131441752	137063476	13
chr6	137063476	139724607	14
chr6	139724607	140359691	0
chr6	140359691	147807488	14
chr6	147807488	148096180	0
chr6	148096180	151366520	14
chr6	151366520	153959078	0
chr6	153959078	155271065	20
chr6	155271065	156550849	25
chr6	156550849	157776284	44
chr6	157776284	159823863	25
chr6	159823863	161717140	44
chr6	161717140	162290242	64
chr6	162290242	162913567	85
chr6	162913567	167838966	64
chr6	167838966	171115067	52
chr7	0	710480	0
chr7	710480	782933	1
chr7	782933	802531	0
chr7	802531	1190844	0
chr7	1190844	2628653	0
chr7	2628653	4255450	1
chr7	4255450	4981219	0
chr7	4981219	9289566	1
chr7	9289566	9375586	0
chr7	9375586	13853681	1
chr7	13853681	14436573	0
chr7	14436573	14573582	0
chr7	14573582	16434256	0
chr7	16434256	16544544	0
chr7	16544544	16846997	0
chr7	16846997	17085629	0
chr7	17085629	20798049	0
chr7	20798049	20956682	0
chr7	20956682	21323243	9
chr7	21323243	23354827	0
chr7	23354827	26079580	9
chr7	26079580	26269336	0
chr7	26269336	32965006	9
chr7	32965006	33079538	1
chr7	33079538	36889252	9
chr7	36889252	36956980	18
chr7	36956980	37417401	9
chr7	37417401	37610429	0
chr7	37610429	40367889	9
chr7	40367889	40424438	0
chr7	40424438	40983465	9
chr7	40983465	41229591	0
chr7	41229591	46818560	0
chr7	46818560	46883406	0
chr7	46883406	46899111	0
chr7	46899111	50600394	0
chr7	50600394	50674180	0
chr7	50674180	50814111	0
chr7	50814111	50903011	0
chr7	50903011	53556526	0
chr7	53556526	53956847	0
chr7	53956847	53996354	0
chr7	53996354	56716305	0
chr7	56716305	57950944	0
chr7	57950944	59900000	0
chr7	59900000	61072037	0
chr7	61072037	61074194	0
chr7	61074194	61628365	0
chr7	61628365	61813361	0
chr7	61813361	62161656	0
chr7	62161656	62443302	0
chr7	62443302	70133492	0
chr7	70133492	70873345	0
chr7	70873345	72355631	0
chr7	72355631	72857766	0
chr7	72857766	72876358	0
chr7	72876358	73940195	0
chr7	73940195	75380090	0
chr7	75380090	75431800	0
chr7	75431800	76053922	0
chr7	76053922	77220173	0
chr7	77220173	77372353	0
chr7	77372353	78489538	0
chr7	78489538	81774279	0
chr7	81774279	81941264	0
chr7	81941264	82358873	0
chr7	82358873	87187342	0
chr7	87187342	90945150	0
chr7	90945150	91856614	0
chr7	91856614	92411130	0
chr7	92411130	93573473	0
chr7	93573473	97311008	0
chr7	97311008	97403358	0
chr7	97403358	97873900	0
chr7	97873900	98142673	0
chr7	98142673	98879280	0
chr7	98879280	99654902	0
chr7	99654902	100520772	0
chr7	100520772	102101741	0
chr7	102101741	102470669	0
chr7	102470669	104525846	0
chr7	104525846	104820012	0
chr7	104820012	104944219	0
chr7	104944219	105204245	0
chr7	105204245	108687233	0
chr7	108687233	108957230	0
chr7	108957230	109800007	0
chr7	109800007	109949307	0
chr7	109949307	112012005	0
chr7	112012005	113527056	0
chr7	113527056	115040114	0
chr7	115040114	115765385	0
chr7	115765385	118536667	0
chr7	118536667	118690659	0
chr7	118690659	121261298	0
chr7	121261298	126085828	0
chr7	126085828	126482873	0
chr7	126482873	129473350	0
chr7	129473350	129542946	0
chr7	129542946	129673241	0
chr7	129673241	131610597	0
chr7	131610597	131792359	0
chr7	131792359	132537446	0
chr7	132537446	133221287	0
chr7	133221287	133729190	0
chr7	133729190	133778651	0
chr7	133778651	133798551	0
chr7	133798551	133856990	0
chr7	133856990	134479687	0
chr7	134479687	134611253	0
chr7	134611253	134987449	0
chr7	134987449	135193430	0
chr7	135193430	135892962	0
chr7	135892962	136944542	0
chr7	136944542	138284110	0
chr7	138284110	138478410	0
chr7	138478410	139140503	0
chr7	139140503	140027133	0
chr7	140027133	140391244	0
chr7	140391244	140658301	0
chr7	140658301	143527647	0
chr7	143527647	143782292	0
chr7	143782292	145694469	0
chr7	145694469	148677767	0
chr7	148677767	148877675	0
chr7	148877675	148887539	0
chr7	148887539	152116282	0
chr7	152116282	152425260	0
chr7	152425260	157978721	0
chr7	157978721	158528590	0
chr7	158528590	159138663	0
chr8	0	365887	48
chr8	365887	674244	28
chr8	674244	1127332	48
chr8	1127332	2052304	47
chr8	2052304	2179927	48
chr8	2179927	2246583	56
chr8	2246583	4669718	48
chr8	4669718	4707520	28
chr8	4707520	5575407	48
chr8	5575407	6791986	48
chr8	6791986	7254335	56
chr8	7254335	9561661	63
chr8	9561661	9878846	54
chr8	9878846	10684296	59
chr8	10684296	10751952	67
chr8	10751952	11657849	59
chr8	11657849	12226259	52
chr8	12226259	12247381	68
chr8	12247381	12247447	60
chr8	12247447	12268731	67
chr8	12268731	12529361	63
chr8	12529361	13869020	67
chr8	13869020	15159509	48
chr8	15159509	17320479	67
chr8	17320479	17539802	48
chr8	17539802	17924573	67
chr8	17924573	24070100	67
chr8	24070100	24973309	48
chr8	24973309	24975039	39
chr8	24975039	24984149	25
chr8	24984149	24987712	35
chr8	24987712	26351571	48
chr8	26351571	28438024	67
chr8	28438024	28535439	59
chr8	28535439	28748344	67
chr8	28748344	32258299	66
chr8	32258299	33405349	66
chr8	33405349	34509262	24
chr8	34509262	34710755	6
chr8	34710755	35731052	0
chr8	35731052	36374679	10
chr8	36374679	37818204	0
chr8	37818204	38106145	0
chr8	38106145	38272544	0
chr8	38272544	38796815	10
chr8	38796815	39299176	0
chr8	39299176	39530043	0
chr8	39530043	39764842	0
chr8	39764842	40045237	0
chr8	40045237	40146309	26
chr8	40146309	40181981	0
chr8	40181981	40191217	0
chr8	40191217	40193663	0
chr8	40193663	40904015	0
chr8	40904015	41107855	0
chr8	41107855	42257907	0
chr8	42257907	43430222	20
chr8	43430222	43736901	0
chr8	43736901	43762681	13
chr8	43762681	43778914	21
chr8	43778914	45600000	0
chr8	45600000	46924211	0
chr8	46924211	46936840	0
chr8	46936840	46940022	0
chr8	46940022	47016018	0
chr8	47016018	47892092	0
chr8	47892092	48467103	0
chr8	48467103	49118330	0
chr8	49118330	49976091	0
chr8	49976091	55033847	0
chr8	55033847	55141441	0
chr8	55141441	61349869	0
chr8	61349869	63339667	0
chr8	63339667	66470084	0
chr8	66470084	66535258	0
chr8	66535258	66642215	0
chr8	66642215	74409333	0
chr8	74409333	76440129	0
chr8	76440129	82956912	0
chr8	82956912	83165772	0
chr8	83165772	86339758	0
chr8	86339758	86511962	0
chr8	86511962	87660081	0
chr8	87660081	88200657	0
chr8	88200657	89285126	0
chr8	89285126	89397794	0
chr8	89397794	89687595	0
chr8	89687595	89695070	0
chr8	89695070	89842482	0
chr8	89842482	90014842	0
chr8	90014842	90589715	0
chr8	90589715	91378604	0
chr8	91378604	92072789	0
chr8	92072789	92218269	0
chr8	92218269	92635761	0
chr8	92635761	93005729	0
chr8	93005729	93079036	0
chr8	93079036	93466391	0
chr8	93466391	93664487	0
chr8	93664487	93788101	0
chr8	93788101	94034223	0
chr8	94034223	94508261	0
chr8	94508261	94905156	0
chr8	94905156	95237529	0
chr8	95237529	95556227	0
chr8	95556227	95696654	0
chr8	95696654	95757433	0
chr8	95757433	96330740	0
chr8	96330740	96401792	0
chr8	96401792	96864746	0
chr8	96864746	96947860	0
chr8	96947860	97919399	0
chr8	97919399	98154350	0
chr8	98154350	98265142	0
chr8	98265142	98364415	0
chr8	98364415	98465044	0
chr8	98465044	98764901	0
chr8	98764901	98777642	0
chr8	98777642	98828343	0
chr8	98828343	99261159	0
chr8	99261159	99353165	0
chr8	99353165	100293775	0
chr8	100293775	100487553	0
chr8	100487553	100852308	0
chr8	100852308	101386680	0
chr8	101386680	102706809	0
chr8	102706809	102771191	0
chr8	102771191	102869158	0
chr8	102869158	103058186	0
chr8	103058186	103377194	0
chr8	103377194	103638594	0
chr8	103638594	103971035	0
chr8	103971035	104143520	0
chr8	104143520	104229276	0
chr8	104229276	104581973	0
chr8	104581973	104690753	0
chr8	104690753	106044900	0
chr8	106044900	106101725	0
chr8	106101725	106154178	0
chr8	106154178	106363035	0
chr8	106363035	106437475	0
chr8	106437475	107297542	0
chr8	107297542	107398586	0
chr8	107398586	107789917	0
chr8	107789917	107873059	0
chr8	107873059	108518067	0
chr8	108518067	108532309	0
chr8	108532309	109437652	0
chr8	109437652	109637149	0
chr8	109637149	110074598	0
chr8	110074598	111181633	0
chr8	111181633	112459794	0
chr8	112459794	113038297	0
chr8	113038297	113316013	0
chr8	113316013	113411564	0
chr8	113411564	113807819	0
chr8	113807819	114027452	0
chr8	114027452	114362031	0
chr8	114362031	114594712	0
chr8	114594712	114789142	0
chr8	114789142	114922197	0
chr8	114922197	115175243	0
chr8	115175243	115205363	0
chr8	115205363	116091156	0
chr8	116091156	118265534	0
chr8	118265534	118795332	0
chr8	118795332	118970146	0
chr8	118970146	119347695	0
chr8	119347695	119647188	0
chr8	119647188	119972378	0
chr8	119972378	120812953	0
chr8	120812953	120944423	0
chr8	120944423	121096750	0
chr8	121096750	121644178	0
chr8	121644178	121976663	0
chr8	121976663	122241411	0
chr8	122241411	122570867	0
chr8	122570867	123056773	0
chr8	123056773	123149276	0
chr8	123149276	123410917	0
chr8	123410917	124332190	0
chr8	124332190	124449937	0
chr8	124449937	124789059	0
chr8	124789059	125268882	0
chr8	125268882	125485938	0
chr8	125485938	126333276	0
chr8	126333276	126547884	0
chr8	126547884	126758003	0
chr8	126758003	126801384	0
chr8	126801384	126828568	0
chr8	126828568	126867415	0
chr8	126867415	127274385	0
chr8	127274385	127368187	0
chr8	127368187	127605551	0
chr8	127605551	127683653	0
chr8	127683653	127938461	0
chr8	127938461	128162701	0
chr8	128162701	128546355	0
chr8	128546355	128712398	0
chr8	128712398	129192527	0
chr8	129192527	129709183	0
chr8	129709183	129741323	0
chr8	129741323	129979761	0
chr8	129979761	130182212	0
chr8	130182212	130426225	0
chr8	130426225	130556124	0
chr8	130556124	130644346	0
chr8	130644346	130829010	0
chr8	130829010	130838080	0
chr8	130838080	131409111	0
chr8	131409111	131753061	0
chr8	131753061	132020809	0
chr8	132020809	132935296	0
chr8	132935296	133072528	0
chr8	133072528	133984912	0
chr8	133984912	134031423	0
chr8	134031423	134040410	0
chr8	134040410	134170132	0
chr8	134170132	134196478	0
chr8	134196478	134469873	0
chr8	134469873	135063687	0
chr8	135063687	135210439	0
chr8	135210439	135800000	0
chr8	135800000	135866935	0
chr8	135866935	137586959	0
chr8	137586959	137689423	0
chr8	137689423	137977149	0
chr8	137977149	138138349	0
chr8	138138349	138699035	0
chr8	138699035	138861396	0
chr8	138861396	139041731	0
chr8	139041731	139737409	0
chr8	139737409	140395890	0
chr8	140395890	140610253	0
chr8	140610253	141375767	0
chr8	141375767	141468136	0
chr8	141468136	141515050	0
chr8	141515050	142004477	0
chr8	142004477	142564502	0
chr8	142564502	142918573	0
chr8	142918573	143199742	0
chr8	143199742	144713392	0
chr8	144713392	145255251	0
chr8	145255251	145508486	0
chr8	145508486	146364022	0
chr9	0	2985650	11
chr9	2985650	3249847	0
chr9	3249847	3466645	0
chr9	3466645	3683278	0
chr9	3683278	3758093	0
chr9	3758093	3861182	0
chr9	3861182	3971915	0
chr9	3971915	4017464	0
chr9	4017464	4038605	0
chr9	4038605	4603356	0
chr9	4603356	4732615	0
chr9	4732615	5024466	0
chr9	5024466	5047324	30
chr9	5047324	5494471	0
chr9	5494471	6576805	11
chr9	6576805	6784796	3
chr9	6784796	9496074	11
chr9	9496074	9564470	11
chr9	9564470	10258834	11
chr9	10258834	10330057	11
chr9	10330057	10777276	11
chr9	10777276	10840412	0
chr9	10840412	10953865	11
chr9	10953865	11226316	0
chr9	11226316	12586387	11
chr9	12586387	12676009	11
chr9	12676009	13244852	11
chr9	13244852	13304836	11
chr9	13304836	13543024	11
chr9	13543024	15205841	0
chr9	15205841	15296616	0
chr9	15296616	15432282	0
chr9	15432282	15508809	0
chr9	15508809	16837237	0
chr9	16837237	16887975	0
chr9	16887975	19078612	0
chr9	19078612	19299982	0
chr9	19299982	19593844	0
chr9	19593844	21249769	11
chr9	21249769	21601975	0
chr9	21601975	21625989	11
chr9	21625989	21958539	11
chr9	21958539	22343186	11
chr9	22343186	23308958	0
chr9	23308958	25028262	11
chr9	25028262	25390798	0
chr9	25390798	29600133	11
chr9	29600133	29764706	0
chr9	29764706	30211950	11
chr9	30211950	30930219	0
chr9	30930219	32099984	11
chr9	32099984	32132407	0
chr9	32132407	32470173	11
chr9	32470173	33202157	6
chr9	33202157	33814401	6
chr9	33814401	34329077	0
chr9	34329077	36223362	6
chr9	36223362	36572644	0
chr9	36572644	37349336	6
chr9	37349336	37857167	11
chr9	37857167	38418827	6
chr9	38418827	38505765	0
chr9	38505765	38746928	6
chr9	38746928	38919096	0
chr9	38919096	40861611	0
chr9	40861611	41180689	0
chr9	41180689	43654560	0
chr9	43654560	44203261	0
chr9	44203261	45977049	0
chr9	45977049	46906975	3
chr9	46906975	49000000	5
chr9	49000000	65630934	0
chr9	65630934	66630502	17
chr9	66630502	67899911	0
chr9	67899911	68187200	0
chr9	68187200	68683898	0
chr9	68683898	70553336	0
chr9	70553336	71050587	17
chr9	71050587	71713240	38
chr9	71713240	72120155	26
chr9	72120155	72272093	5
chr9	72272093	75865258	26
chr9	75865258	76055619	6
chr9	76055619	76918752	26
chr9	76918752	77072953	5
chr9	77072953	78427115	26
chr9	78427115	79085325	49
chr9	79085325	79606965	29
chr9	79606965	83073126	49
chr9	83073126	83219796	28
chr9	83219796	87463456	49
chr9	87463456	87586607	28
chr9	87586607	89289425	49
chr9	89289425	89424834	28
chr9	89424834	94194436	49
chr9	94194436	94197803	28
chr9	94197803	94269517	49
chr9	94269517	94306003	29
chr9	94306003	94864244	49
chr9	94864244	95275170	29
chr9	95275170	95601218	49
chr9	95601218	106802465	48
chr9	106802465	106953327	27
chr9	106953327	107707605	48
chr9	107707605	108229738	43
chr9	108229738	108248287	48
chr9	108248287	108488243	27
chr9	108488243	109875860	48
chr9	109875860	110013600	29
chr9	110013600	110099388	48
chr9	110099388	110237230	27
chr9	110237230	114948221	48
chr9	114948221	116776288	49
chr9	116776288	117054270	28
chr9	117054270	120139687	49
chr9	120139687	120192079	28
chr9	120192079	122120376	49
chr9	122120376	122760606	51
chr9	122760606	122918719	29
chr9	122918719	125913290	49
chr9	125913290	128495305	57
chr9	128495305	130663224	57
chr9	130663224	131015459	58
chr9	131015459	131277112	38
chr9	131277112	131450975	19
chr9	131450975	132449741	38
chr9	132449741	132569413	30
chr9	132569413	132596419	50
chr9	132596419	134185538	58
chr9	134185538	134298750	50
chr9	134298750	135231476	58
chr9	135231476	139629170	58
chr9	139629170	140612765	51
chr9	140612765	141213431	58
chr10	0	4947857	0
chr10	4947857	10775215	0
chr10	10775215	11957241	0
chr10	11957241	12416368	0
chr10	12416368	17558926	0
chr10	17558926	18158750	0
chr10	18158750	21506235	0
chr10	21506235	21900485	0
chr10	21900485	21911948	0
chr10	21911948	22122653	0
chr10	22122653	25071193	0
chr10	25071193	25697716	0
chr10	25697716	26131492	0
chr10	26131492	26314925	0
chr10	26314925	26601693	0
chr10	26601693	32267661	0
chr10	32267661	35208679	0
chr10	35208679	35277103	0
chr10	35277103	36133927	0
chr10	36133927	38834411	0
chr10	38834411	39000378	0
chr10	39000378	39050890	0
chr10	39050890	40200000	0
chr10	40200000	42433540	1
chr10	42433540	42858908	0
chr10	42858908	43910131	0
chr10	43910131	44068691	0
chr10	44068691	44838234	0
chr10	44838234	46632206	0
chr10	46632206	50616915	0
chr10	50616915	51073998	0
chr10	51073998	51780328	0
chr10	51780328	52629236	0
chr10	52629236	55300832	0
chr10	55300832	55470921	0
chr10	55470921	58294383	0
chr10	58294383	58439355	0
chr10	58439355	64827747	0
chr10	64827747	67346421	0
chr10	67346421	68859782	0
chr10	68859782	69330237	0
chr10	69330237	69549718	0
chr10	69549718	70429661	0
chr10	70429661	70608989	0
chr10	70608989	72489644	5
chr10	72489644	72595385	0
chr10	72595385	77159203	5
chr10	77159203	77516329	24
chr10	77516329	78847565	5
chr10	78847565	79315148	0
chr10	79315148	79531768	0
chr10	79531768	79804416	0
chr10	79804416	82715757	5
chr10	82715757	82830098	0
chr10	82830098	83535452	5
chr10	83535452	83666804	0
chr10	83666804	88574761	5
chr10	88574761	88781663	0
chr10	88781663	89089991	5
chr10	89089991	89630717	19
chr10	89630717	89704633	18
chr10	89704633	90871563	19
chr10	90871563	93963917	14
chr10	93963917	94340573	6
chr10	94340573	96106356	14
chr10	96106356	96132136	6
chr10	96132136	96294842	15
chr10	96294842	103699189	23
chr10	103699189	103913920	19
chr10	103913920	104898159	0
chr10	104898159	105161422	0
chr10	105161422	105932397	0
chr10	105932397	106279421	19
chr10	106279421	106813802	38
chr10	106813802	107473560	34
chr10	107473560	110193919	34
chr10	110193919	119650463	22
chr10	119650463	120818841	21
chr10	120818841	120968473	13
chr10	120968473	122335468	21
chr10	122335468	124401122	0
chr10	124401122	126472400	0
chr10	126472400	126615661	0
chr10	126615661	127855140	0
chr10	127855140	130495808	0
chr10	130495808	130532803	4
chr10	130532803	130852552	0
chr10	130852552	131074613	4
chr10	131074613	131383036	0
chr10	131383036	134533771	0
chr10	134533771	134791496	0
chr10	134791496	135534747	0
chr11	0	825486	30
chr11	825486	3088532	11
chr11	3088532	4968348	0
chr11	4968348	4976872	0
chr11	4976872	5776609	0
chr11	5776609	5783082	0
chr11	5783082	5809239	0
chr11	5809239	5816215	0
chr11	5816215	6817036	0
chr11	6817036	9232332	11
chr11	9232332	9408254	3
chr11	9408254	10622035	11
chr11	10622035	10861454	0
chr11	10861454	11047791	0
chr11	11047791	11789168	6
chr11	11789168	13392236	3
chr11	13392236	13463218	0
chr11	13463218	14293061	0
chr11	14293061	19738771	0
chr11	19738771	21664971	0
chr11	21664971	22292216	0
chr11	22292216	22617791	0
chr11	22617791	25474843	0
chr11	25474843	26724495	0
chr11	26724495	27985280	0
chr11	27985280	30374835	0
chr11	30374835	30735242	0
chr11	30735242	32566032	0
chr11	32566032	37511495	0
chr11	37511495	38916142	0
chr11	38916142	39072759	0
chr11	39072759	45001628	0
chr11	45001628	45445520	0
chr11	45445520	47129905	0
chr11	47129905	48744745	0
chr11	48744745	48965768	0
chr11	48965768	50253153	0
chr11	50253153	50381127	0
chr11	50381127	50390319	0
chr11	50390319	51429291	0
chr11	51429291	51441936	0
chr11	51441936	51492588	0
chr11	51492588	53700000	0
chr11	53700000	54789042	0
chr11	54789042	54794667	0
chr11	54794667	55035374	0
chr11	55035374	55838118	0
chr11	55838118	57303833	0
chr11	57303833	57311306	0
chr11	57311306	57438937	0
chr11	57438937	57563341	0
chr11	57563341	61710609	0
chr11	61710609	61858659	0
chr11	61858659	62009420	0
chr11	62009420	62157517	0
chr11	62157517	63494720	0
chr11	63494720	64754509	0
chr11	64754509	65089118	0
chr11	65089118	65118346	0
chr11	65118346	65168758	0
chr11	65168758	67455722	0
chr11	67455722	68682197	0
chr11	68682197	69150911	0
chr11	69150911	69940093	0
chr11	69940093	71339209	0
chr11	71339209	71353309	0
chr11	71353309	71472668	0
chr11	71472668	71627538	0
chr11	71627538	73584218	0
chr11	73584218	73757590	0
chr11	73757590	79417551	0
chr11	79417551	81191761	0
chr11	81191761	81195479	0
chr11	81195479	81378118	0
chr11	81378118	81585934	0
chr11	81585934	84533097	0
chr11	84533097	92611792	0
chr11	92611792	92706930	0
chr11	92706930	93442151	0
chr11	93442151	94992715	0
chr11	94992715	96977142	0
chr11	96977142	98574736	0
chr11	98574736	98950579	0
chr11	98950579	99076780	0
chr11	99076780	102854993	0
chr11	102854993	104919381	0
chr11	104919381	104978805	0
chr11	104978805	107046162	0
chr11	107046162	108944168	0
chr11	108944168	114450685	0
chr11	114450685	115429737	0
chr11	115429737	115469343	0
chr11	115469343	121285676	0
chr11	121285676	124916154	0
chr11	124916154	124986223	0
chr11	124986223	126191367	0
chr11	126191367	126401789	0
chr11	126401789	128346820	0
chr11	128346820	128389574	2
chr11	128389574	134298991	0
chr11	134298991	135006516	0
chr12	0	185876	0
chr12	185876	265322	0
chr12	265322	2211552	0
chr12	2211552	2276891	0
chr12	2276891	2673219	0
chr12	2673219	3631366	0
chr12	3631366	4368743	0
chr12	4368743	4397717	0
chr12	4397717	5336413	0
chr12	5336413	7819732	0
chr12	7819732	8146812	0
chr12	8146812	8369457	0
chr12	8369457	8595219	0
chr12	8595219	10926574	0
chr12	10926574	11298976	0
chr12	11298976	12475253	0
chr12	12475253	12548137	0
chr12	12548137	13105449	0
chr12	13105449	13554988	0
chr12	13554988	13574632	0
chr12	13574632	15601437	0
chr12	15601437	21614447	0
chr12	21614447	21750832	0
chr12	21750832	22290210	0
chr12	22290210	22985840	0
chr12	22985840	23124411	0
chr12	23124411	30092800	0
chr12	30092800	31475097	0
chr12	31475097	31656852	0
chr12	31656852	32244446	0
chr12	32244446	34588813	0
chr12	34588813	34756673	0
chr12	34756673	35800000	0
chr12	35800000	37857751	0
chr12	37857751	37959632	0
chr12	37959632	38184619	0
chr12	38184619	38393485	0
chr12	38393485	40009651	0
chr12	40009651	41945971	0
chr12	41945971	42378726	0
chr12	42378726	46039963	0
chr12	46039963	46937589	0
chr12	46937589	47112503	0
chr12	47112503	49555858	0
chr12	49555858	50533515	0
chr12	50533515	50949884	0
chr12	50949884	51349855	0
chr12	51349855	55482081	0
chr12	55482081	55656723	0
chr12	55656723	57320785	0
chr12	57320785	57698654	0
chr12	57698654	57840896	0
chr12	57840896	58771104	0
chr12	58771104	62717511	0
chr12	62717511	64627510	0
chr12	64627510	65024470	0
chr12	65024470	68811699	0
chr12	68811699	70094590	0
chr12	70094590	70253990	0
chr12	70253990	77082401	0
chr12	77082401	77997441	0
chr12	77997441	80178064	0
chr12	80178064	80429840	0
chr12	80429840	80445320	0
chr12	80445320	85569897	0
chr12	85569897	86594888	0
chr12	86594888	90901858	0
chr12	90901858	99297951	0
chr12	99297951	99877469	0
chr12	99877469	100325038	0
chr12	100325038	104818777	0
chr12	104818777	104930609	0
chr12	104930609	107255907	0
chr12	107255907	107417270	0
chr12	107417270	108486338	0
chr12	108486338	112869264	0
chr12	112869264	112894536	0
chr12	112894536	112926773	0
chr12	112926773	113470871	0
chr12	113470871	118471189	0
chr12	118471189	118585817	0
chr12	118585817	121855447	0
chr12	121855447	122407526	2
chr12	122407526	122803678	0
chr12	122803678	123041737	0
chr12	123041737	124127068	0
chr12	124127068	124180358	0
chr12	124180358	124913600	0
chr12	124913600	124956695	0
chr12	124956695	125140477	0
chr12	125140477	126282107	0
chr12	126282107	129229699	0
chr12	129229699	129234007	0
chr12	129234007	129960046	0
chr12	129960046	133851895	0
chr13	0	17900000	0
chr13	17900000	19123483	12
chr13	19123483	19368903	18
chr13	19368903	19409272	35
chr13	19409272	19954331	15
chr13	19954331	20067575	0
chr13	20067575	21244208	15
chr13	21244208	24233960	35
chr13	24233960	26773507	40
chr13	26773507	26835429	20
chr13	26835429	31211943	40
chr13	31211943	35860513	39
chr13	35860513	37658282	40
chr13	37658282	38070201	40
chr13	38070201	41038913	41
chr13	41038913	48956202	41
chr13	48956202	49048441	22
chr13	49048441	57569687	41
chr13	57569687	57713301	22
chr13	57713301	57754683	41
chr13	57754683	57784047	32
chr13	57784047	64030209	41
chr13	64030209	64181326	22
chr13	64181326	65837136	41
chr13	65837136	66373819	41
chr13	66373819	67904046	21
chr13	67904046	68509523	41
chr13	68509523	68674087	7
chr13	68674087	71585437	41
chr13	71585437	71768962	24
chr13	71768962	72035814	41
chr13	72035814	72309434	24
chr13	72309434	73337470	41
chr13	73337470	74399875	21
chr13	74399875	75610946	20
chr13	75610946	76729560	40
chr13	76729560	77984331	39
chr13	77984331	79073995	20
chr13	79073995	80716307	39
chr13	80716307	82607302	20
chr13	82607302	84650736	0
chr13	84650736	86503160	20
chr13	86503160	86711516	3
chr13	86711516	87004700	0
chr13	87004700	87310172	3
chr13	87310172	87314529	20
chr13	87314529	87852052	0
chr13	87852052	92501549	20
chr13	92501549	92596428	3
chr13	92596428	93248858	20
chr13	93248858	93305384	0
chr13	93305384	97880384	20
chr13	97880384	98140019	0
chr13	98140019	100649537	20
chr13	100649537	100810750	12
chr13	100810750	101087717	20
chr13	101087717	101151977	39
chr13	101151977	101297888	20
chr13	101297888	101511110	0
chr13	101511110	102952887	20
chr13	102952887	103103515	0
chr13	103103515	103486597	20
chr13	103486597	103748967	0
chr13	103748967	103975621	20
chr13	103975621	104040218	0
chr13	104040218	108331334	20
chr13	108331334	108370966	0
chr13	108370966	108641774	20
chr13	108641774	108668868	0
chr13	108668868	110602467	20
chr13	110602467	114057013	8
chr13	114057013	114100878	0
chr13	114100878	114852542	8
chr13	114852542	114956355	0
chr13	114956355	115024734	8
chr13	115024734	115169878	27
chr14	0	17600000	0
chr14	17600000	19108176	2
chr14	19108176	19392293	0
chr14	19392293	21732418	0
chr14	21732418	21827466	0
chr14	21827466	22947592	0
chr14	22947592	23432148	15
chr14	23432148	23771091	49
chr14	23771091	25947675	53
chr14	25947675	26113867	20
chr14	26113867	27675721	20
chr14	27675721	28592070	20
chr14	28592070	28666706	0
chr14	28666706	29110113	20
chr14	29110113	29274679	0
chr14	29274679	29278028	20
chr14	29278028	30641259	53
chr14	30641259	32458866	48
chr14	32458866	34923507	48
chr14	34923507	35609930	40
chr14	35609930	36163736	48
chr14	36163736	38274237	48
chr14	38274237	41606899	54
chr14	41606899	41657299	33
chr14	41657299	41821629	54
chr14	41821629	48509208	48
chr14	48509208	50034082	44
chr14	50034082	50403182	36
chr14	50403182	50562820	44
chr14	50562820	50940355	53
chr14	50940355	51054756	53
chr14	51054756	51096444	53
chr14	51096444	51167051	53
chr14	51167051	51243360	53
chr14	51243360	52351425	48
chr14	52351425	56112327	50
chr14	56112327	60802311	55
chr14	60802311	60871674	34
chr14	60871674	62577715	55
chr14	62577715	62717109	36
chr14	62717109	64011282	55
chr14	64011282	64332384	47
chr14	64332384	66231138	55
chr14	66231138	67519396	53
chr14	67519396	67648169	14
chr14	67648169	70173789	53
chr14	70173789	72787496	33
chr14	72787496	74683726	53
chr14	74683726	78061551	51
chr14	78061551	78319857	43
chr14	78319857	80411985	51
chr14	80411985	83411352	51
chr14	83411352	84012168	42
chr14	84012168	87563300	19
chr14	87563300	90442536	0
chr14	90442536	91234829	19
chr14	91234829	91522567	19
chr14	91522567	91669250	11
chr14	91669250	92627809	19
chr14	92627809	98187553	30
chr14	98187553	102777307	30
chr14	102777307	104875275	22
chr14	104875275	104963862	22
chr14	104963862	105085384	22
chr14	105085384	105264158	16
chr14	105264158	105404437	16
chr14	105404437	105914531	16
chr14	105914531	106001874	22
chr14	106001874	106049634	30
chr14	106049634	106880592	30
chr14	106880592	106918378	40
chr14	106918378	107349540	30
chr15	0	19000000	0
chr15	19000000	20071673	0
chr15	20071673	20101641	0
chr15	20101641	20154183	0
chr15	20154183	20560502	0
chr15	20560502	22753941	0
chr15	22753941	24426137	0
chr15	24426137	31633285	0
chr15	31633285	33518470	0
chr15	33518470	33791855	0
chr15	33791855	37470220	0
chr15	37470220	41310140	1
chr15	41310140	41777264	0
chr15	41777264	42645830	1
chr15	42645830	44535055	1
chr15	44535055	44939480	0
chr15	44939480	48086421	1
chr15	48086421	48442940	0
chr15	48442940	50610850	1
chr15	50610850	51115475	0
chr15	51115475	52153846	1
chr15	52153846	52575583	0
chr15	52575583	54663674	0
chr15	54663674	54805496	0
chr15	54805496	55373796	0
chr15	55373796	59755836	0
chr15	59755836	61912634	0
chr15	61912634	72033985	0
chr15	72033985	75693645	0
chr15	75693645	75928974	0
chr15	75928974	77914256	0
chr15	77914256	90429311	0
chr15	90429311	90804760	0
chr15	90804760	91485949	0
chr15	91485949	93478995	0
chr15	93478995	98804639	0
chr15	98804639	98925250	0
chr15	98925250	101105243	0
chr15	101105243	102531392	0
chr16	0	99112	20
chr16	99112	241092	1
chr16	241092	523295	0
chr16	523295	651562	1
chr16	651562	1338722	0
chr16	1338722	1707922	1
chr16	1707922	2486782	0
chr16	2486782	3523583	0
chr16	3523583	4068440	7
chr16	4068440	4546279	0
chr16	4546279	4860558	0
chr16	4860558	5928015	0
chr16	5928015	8442565	5
chr16	8442565	10188136	0
chr16	10188136	10434862	0
chr16	10434862	11873937	0
chr16	11873937	12081943	0
chr16	12081943	12729834	0
chr16	12729834	14779141	5
chr16	14779141	20004398	13
chr16	20004398	20873198	0
chr16	20873198	23532703	0
chr16	23532703	25647441	12
chr16	25647441	26323569	33
chr16	26323569	29698939	12
chr16	29698939	29927296	0
chr16	29927296	30628695	0
chr16	30628695	31938260	6
chr16	31938260	32026195	0
chr16	32026195	33674456	0
chr16	33674456	34197476	6
chr16	34197476	34565979	26
chr16	34565979	34620350	6
chr16	34620350	35183806	26
chr16	35183806	35205717	19
chr16	35205717	36600000	0
chr16	36600000	46491374	1
chr16	46491374	48145112	33
chr16	48145112	48583917	63
chr16	48583917	49206354	58
chr16	49206354	49670385	37
chr16	49670385	53860933	58
chr16	53860933	56102822	63
chr16	56102822	70840723	67
chr16	70840723	70848239	49
chr16	70848239	70854785	48
chr16	70854785	71143395	32
chr16	71143395	71170120	40
chr16	71170120	71201787	56
chr16	71201787	74967019	65
chr16	74967019	75037619	57
chr16	75037619	78532338	65
chr16	78532338	78798792	86
chr16	78798792	79080306	65
chr16	79080306	88364132	66
chr16	88364132	88490963	59
chr16	88490963	89480820	39
chr16	89480820	90354753	59
chr17	0	229100	51
chr17	229100	623681	45
chr17	623681	838177	25
chr17	838177	1307919	4
chr17	1307919	1363939	4
chr17	1363939	1842412	11
chr17	1842412	5085472	30
chr17	5085472	5246039	22
chr17	5246039	7111701	30
chr17	7111701	7887302	11
chr17	7887302	8889328	18
chr17	8889328	9470636	24
chr17	9470636	10386445	24
chr17	10386445	11236274	35
chr17	11236274	11432380	55
chr17	11432380	11554401	35
chr17	11554401	17126929	55
chr17	17126929	17236293	47
chr17	17236293	17627399	55
chr17	17627399	18337627	55
chr17	18337627	18357169	34
chr17	18357169	18464904	20
chr17	18464904	18531159	34
chr17	18531159	18711552	55
chr17	18711552	21953994	59
chr17	21953994	22062395	43
chr17	22062395	22145506	59
chr17	22145506	22235650	55
chr17	22235650	24000000	6
chr17	24000000	25313690	10
chr17	25313690	25313829	18
chr17	25313829	25363386	23
chr17	25363386	25749729	42
chr17	25749729	27236784	3
chr17	27236784	27363344	10
chr17	27363344	27660329	31
chr17	27660329	27801069	23
chr17	27801069	28149734	31
chr17	28149734	28323031	70
chr17	28323031	29326925	81
chr17	29326925	29710888	81
chr17	29710888	29779926	81
chr17	29779926	30519363	80
chr17	30519363	36733028	80
chr17	36733028	38268626	61
chr17	38268626	38505909	61
chr17	38505909	39422361	80
chr17	39422361	39431628	38
chr17	39431628	39753846	80
chr17	39753846	41010638	59
chr17	41010638	41269618	54
chr17	41269618	43077500	59
chr17	43077500	43659384	54
chr17	43659384	44490960	59
chr17	44490960	44752292	59
chr17	44752292	45537022	53
chr17	45537022	45986435	46
chr17	45986435	46631354	25
chr17	46631354	46863607	16
chr17	46863607	46972547	37
chr17	46972547	52425580	25
chr17	52425580	52487555	4
chr17	52487555	54159979	25
chr17	54159979	54173305	4
chr17	54173305	54275259	25
chr17	54275259	54655136	25
chr17	54655136	57158657	19
chr17	57158657	57403647	11
chr17	57403647	63444401	19
chr17	63444401	63519517	0
chr17	63519517	69755305	19
chr17	69755305	73829153	17
chr17	73829153	74024836	9
chr17	74024836	74028803	17
chr17	74028803	74302165	33
chr17	74302165	74592106	17
chr17	74592106	76848716	14
chr17	76848716	76963184	6
chr17	76963184	77402903	14
chr17	77402903	77470416	19
chr17	77470416	78811150	14
chr17	78811150	80045044	0
chr17	80045044	80477687	14
chr17	80477687	80716397	0
chr17	80716397	81195210	14
chr18	0	3510812	0
chr18	3510812	3679827	0
chr18	3679827	10032112	0
chr18	10032112	10115432	10
chr18	10115432	15183047	0
chr18	15183047	15307817	0
chr18	15307817	17200000	0
chr18	17200000	18560354	0
chr18	18560354	18603222	0
chr18	18603222	18609580	0
chr18	18609580	18611243	3
chr18	18611243	19312150	0
chr18	19312150	20212199	0
chr18	20212199	24407564	0
chr18	24407564	25027467	0
chr18	25027467	25786897	0
chr18	25786897	27142937	0
chr18	27142937	27378389	0
chr18	27378389	29297211	0
chr18	29297211	29486722	0
chr18	29486722	29629294	0
chr18	29629294	31149381	0
chr18	31149381	31268490	0
chr18	31268490	38258076	0
chr18	38258076	40171009	0
chr18	40171009	43515280	0
chr18	43515280	45341275	1
chr18	45341275	47598379	18
chr18	47598379	50597787	31
chr18	50597787	52004601	48
chr18	52004601	52861671	28
chr18	52861671	55698521	48
chr18	55698521	55967166	28
chr18	55967166	59151143	48
chr18	59151143	60119358	28
chr18	60119358	60195681	28
chr18	60195681	60289808	28
chr18	60289808	60604728	28
chr18	60604728	60717881	28
chr18	60717881	60805028	28
chr18	60805028	60853773	28
chr18	60853773	60899132	28
chr18	60899132	61055767	28
chr18	61055767	61460487	28
chr18	61460487	62352511	28
chr18	62352511	63782303	48
chr18	63782303	63874533	28
chr18	63874533	64813936	48
chr18	64813936	65034178	28
chr18	65034178	71471555	48
chr18	71471555	71511231	28
chr18	71511231	75070962	48
chr18	75070962	75271028	28
chr18	75271028	78077248	48
chr19	0	463132	71
chr19	463132	755391	63
chr19	755391	1130890	56
chr19	1130890	1219608	77
chr19	1219608	2032086	84
chr19	2032086	4010306	63
chr19	4010306	4996946	43
chr19	4996946	5690395	51
chr19	5690395	5873927	43
chr19	5873927	6317358	51
chr19	6317358	6658098	43
chr19	6658098	7295879	51
chr19	7295879	7838479	42
chr19	7838479	8771372	34
chr19	8771372	9013524	42
chr19	9013524	9077093	21
chr19	9077093	9102391	3
chr19	9102391	9104935	0
chr19	9104935	10219024	0
chr19	10219024	10411458	0
chr19	10411458	10753749	0
chr19	10753749	11585157	0
chr19	11585157	12970934	0
chr19	12970934	14306166	0
chr19	14306166	14715823	0
chr19	14715823	15270586	0
chr19	15270586	15338839	0
chr19	15338839	16549374	0
chr19	16549374	16636904	0
chr19	16636904	17939118	0
chr19	17939118	17962727	0
chr19	17962727	17968162	0
chr19	17968162	18311633	0
chr19	18311633	19073581	0
chr19	19073581	19239358	0
chr19	19239358	19492078	0
chr19	19492078	19669214	0
chr19	19669214	19812942	0
chr19	19812942	20134126	0
chr19	20134126	20318099	0
chr19	20318099	20805926	0
chr19	20805926	20892702	0
chr19	20892702	21038378	0
chr19	21038378	22315792	0
chr19	22315792	23225561	0
chr19	23225561	23922620	0
chr19	23922620	24324036	0
chr19	24324036	24340714	0
chr19	24340714	24424033	0
chr19	24424033	24521623	0
chr19	24521623	26500000	0
chr19	26500000	27828664	0
chr19	27828664	27838898	0
chr19	27838898	28055416	0
chr19	28055416	28072426	0
chr19	28072426	28156224	0
chr19	28156224	29202629	0
chr19	29202629	31107049	0
chr19	31107049	31889275	0
chr19	31889275	33020427	0
chr19	33020427	33408940	0
chr19	33408940	34038169	0
chr19	34038169	34111989	0
chr19	34111989	34529922	0
chr19	34529922	36186981	0
chr19	36186981	36853389	0
chr19	36853389	36945010	0
chr19	36945010	37024083	0
chr19	37024083	39755196	0
chr19	39755196	40169310	0
chr19	40169310	40259131	0
chr19	40259131	40357535	0
chr19	40357535	40605358	0
chr19	40605358	41608293	10
chr19	41608293	41654905	2
chr19	41654905	41730569	0
chr19	41730569	42063676	0
chr19	42063676	42274146	11
chr19	42274146	42308024	0
chr19	42308024	43784815	1
chr19	43784815	44255588	0
chr19	44255588	45097141	0
chr19	45097141	45175097	6
chr19	45175097	46435784	0
chr19	46435784	47130412	6
chr19	47130412	47405876	0
chr19	47405876	47470941	6
chr19	47470941	47486682	25
chr19	47486682	48392316	17
chr19	48392316	48468969	38
chr19	48468969	48491736	46
chr19	48491736	48739580	25
chr19	48739580	49455443	17
chr19	49455443	49814924	25
chr19	49814924	50376326	20
chr19	50376326	51886424	1
chr19	51886424	54937348	20
chr19	54937348	57735948	1
chr19	57735948	59128983	20
chr20	0	138064	0
chr20	138064	178928	0
chr20	178928	1558928	0
chr20	1558928	1582150	0
chr20	1582150	4985889	0
chr20	4985889	5077814	0
chr20	5077814	7612284	0
chr20	7612284	7806394	0
chr20	7806394	7868710	0
chr20	7868710	8225024	0
chr20	8225024	10539539	0
chr20	10539539	12239519	0
chr20	12239519	12611320	0
chr20	12611320	14866925	0
chr20	14866925	14974268	0
chr20	14974268	16043439	0
chr20	16043439	17474314	0
chr20	17474314	17568298	0
chr20	17568298	17953481	0
chr20	17953481	18071199	0
chr20	18071199	21074996	0
chr20	21074996	26125431	0
chr20	26125431	26232228	0
chr20	26232228	26239964	0
chr20	26239964	27500000	0
chr20	27500000	29471217	0
chr20	29471217	29471235	0
chr20	29471235	29505893	0
chr20	29505893	29529915	0
chr20	29529915	31337448	0
chr20	31337448	31402888	0
chr20	31402888	32224228	0
chr20	32224228	33230641	0
chr20	33230641	35597214	0
chr20	35597214	36562852	0
chr20	36562852	37195174	0
chr20	37195174	37379394	0
chr20	37379394	39230595	0
chr20	39230595	40739012	0
chr20	40739012	40999505	0
chr20	40999505	41063323	0
chr20	41063323	43408660	0
chr20	43408660	43440196	0
chr20	43440196	43493171	0
chr20	43493171	43932286	0
chr20	43932286	44042410	0
chr20	44042410	44093689	0
chr20	44093689	44220084	0
chr20	44220084	44311049	0
chr20	44311049	45626615	0
chr20	45626615	46010405	0
chr20	46010405	46241846	0
chr20	46241846	47428600	0
chr20	47428600	50001298	0
chr20	50001298	50286702	0
chr20	50286702	50290088	0
chr20	50290088	50384371	0
chr20	50384371	50564330	0
chr20	50564330	50612550	0
chr20	50612550	50659047	0
chr20	50659047	50720346	0
chr20	50720346	50865936	0
chr20	50865936	52086054	0
chr20	52086054	52091814	0
chr20	52091814	52239081	0
chr20	52239081	52363300	0
chr20	52363300	53262428	0
chr20	53262428	53389461	0
chr20	53389461	53998119	0
chr20	53998119	54326092	0
chr20	54326092	56108044	0
chr20	56108044	56823460	0
chr20	56823460	61831854	0
chr20	61831854	62030873	0
chr20	62030873	62530136	0
chr20	62530136	62644069	0
chr20	62644069	63025520	0
chr21	0	9764385	0
chr21	9764385	11018120	0
chr21	11018120	11039570	19
chr21	11039570	13200000	0
chr21	13200000	14446700	0
chr21	14446700	16573424	0
chr21	16573424	20665455	0
chr21	20665455	21162894	0
chr21	21162894	23047601	0
chr21	23047601	23247171	0
chr21	23247171	28497593	0
chr21	28497593	28808053	0
chr21	28808053	29051535	0
chr21	29051535	29093988	0
chr21	29093988	35089691	0
chr21	35089691	35253014	0
chr21	35253014	37063642	0
chr21	37063642	37707059	0
chr21	37707059	38729577	0
chr21	38729577	42048454	0
chr21	42048454	45133776	0
chr21	45133776	45307653	0
chr21	45307653	45870170	0
chr21	45870170	48064649	0
chr21	48064649	48129895	0
chr22	0	14700000	0
chr22	14700000	16055171	0
chr22	16055171	16151161	0
chr22	16151161	16683415	0
chr22	16683415	16774157	5
chr22	16774157	16875979	28
chr22	16875979	17315480	9
chr22	17315480	17342636	26
chr22	17342636	17732219	30
chr22	17732219	18505933	42
chr22	18505933	18638635	21
chr22	18638635	19006554	42
chr22	19006554	19315626	26
chr22	19315626	20019103	42
chr22	20019103	20306072	26
chr22	20306072	21934399	42
chr22	21934399	22114520	34
chr22	22114520	22493709	42
chr22	22493709	24206588	43
chr22	24206588	24347476	24
chr22	24347476	24399172	15
chr22	24399172	24510482	24
chr22	24510482	25719035	43
chr22	25719035	25784601	27
chr22	25784601	28149283	43
chr22	28149283	28568073	27
chr22	28568073	28682712	7
chr22	28682712	28733499	0
chr22	28733499	29189494	15
chr22	29189494	29480907	32
chr22	29480907	30350689	43
chr22	30350689	31432843	24
chr22	31432843	31574576	7
chr22	31574576	31657683	24
chr22	31657683	31812545	7
chr22	31812545	32111070	24
chr22	32111070	32144376	43
chr22	32144376	32199783	27
chr22	32199783	32451500	7
chr22	32451500	33208374	24
chr22	33208374	33261830	7
chr22	33261830	33319902	27
chr22	33319902	35739517	27
chr22	35739517	36119231	44
chr22	36119231	36762860	27
chr22	36762860	36772004	44
chr22	36772004	36840678	28
chr22	36840678	38065429	44
chr22	38065429	38117784	25
chr22	38117784	38832615	8
chr22	38832615	39350137	25
chr22	39350137	39405008	18
chr22	39405008	39915487	25
chr22	39915487	40874840	27
chr22	40874840	41239363	10
chr22	41239363	41395785	27
chr22	41395785	41477811	19
chr22	41477811	41605107	27
chr22	41605107	41619679	10
chr22	41619679	41993333	0
chr22	41993333	42073308	10
chr22	42073308	42579065	30
chr22	42579065	42928972	46
chr22	42928972	43209053	67
chr22	43209053	44878506	51
chr22	44878506	45895551	67
chr22	45895551	46044783	51
chr22	46044783	48804406	67
chr22	48804406	49177359	51
chr22	49177359	49761909	67
chr22	49761909	49820682	51
chr22	49820682	50535370	67
chr22	50535370	50691584	51
chr22	50691584	51133399	67
chr22	51133399	51141572	51
chr22	51141572	51188404	49
chr22	51188404	51193712	47
chr22	51193712	51304566	5
chrX	0	1477511	44
chrX	1477511	1837799	0
chrX	1837799	2311498	44
chrX	2311498	2316083	50
chrX	2316083	2684878	63
chrX	2684878	8130969	65
chrX	8130969	8269344	59
chrX	8269344	10172747	65
chrX	10172747	10559526	60
chrX	10559526	12474232	65
chrX	12474232	14230708	45
chrX	14230708	22800705	65
chrX	22800705	22901279	45
chrX	22901279	23565815	65
chrX	23565815	23578191	65
chrX	23578191	23919969	45
chrX	23919969	27709549	65
chrX	27709549	27864598	45
chrX	27864598	29842127	65
chrX	29842127	29914094	45
chrX	29914094	31794862	65
chrX	31794862	32205254	84
chrX	32205254	32485694	65
chrX	32485694	32608452	45
chrX	32608452	33387856	65
chrX	33387856	34194987	64
chrX	34194987	34247678	45
chrX	34247678	37704505	64
chrX	37704505	38574751	45
chrX	38574751	41984517	64
chrX	41984517	44325530	45
chrX	44325530	47111748	64
chrX	47111748	47124220	56
chrX	47124220	47300603	55
chrX	47300603	48368450	63
chrX	48368450	48532989	55
chrX	48532989	50353298	63
chrX	50353298	55218890	55
chrX	55218890	58321723	49
chrX	58321723	59140942	41
chrX	59140942	59178820	41
chrX	59178820	59331578	25
chrX	59331578	60600000	11
chrX	60600000	61818199	16
chrX	61818199	62057076	26
chrX	62057076	62110034	34
chrX	62110034	62161697	34
chrX	62161697	63123463	53
chrX	63123463	64601570	34
chrX	64601570	67536903	53
chrX	67536903	67764172	45
chrX	67764172	71526505	53
chrX	71526505	71953717	34
chrX	71953717	73569883	53
chrX	73569883	73752683	34
chrX	73752683	74845030	53
chrX	74845030	77714160	55
chrX	77714160	77976176	75
chrX	77976176	95391027	55
chrX	95391027	95443409	36
chrX	95443409	97439794	55
chrX	97439794	97531937	36
chrX	97531937	98286726	55
chrX	98286726	98626686	55
chrX	98626686	99731789	35
chrX	99731789	100006663	55
chrX	100006663	100741263	35
chrX	100741263	108442628	55
chrX	108442628	110126646	35
chrX	110126646	115601013	55
chrX	115601013	115775964	47
chrX	115775964	118840435	55
chrX	118840435	119072704	47
chrX	119072704	120811647	55
chrX	120811647	120935309	35
chrX	120935309	122914078	55
chrX	122914078	123103981	47
chrX	123103981	135896045	55
chrX	135896045	136032846	47
chrX	136032846	139434936	55
chrX	139434936	139545927	35
chrX	139545927	142312643	55
chrX	142312643	142545633	35
chrX	142545633	144490304	55
chrX	144490304	144551419	35
chrX	144551419	147971275	55
chrX	147971275	155270560	50
chrY	0	12500000	0
chrY	12500000	59373566	0