Chromosome Region	Start	End	gain
chr1	0	709822	81
chr1	709822	811403	83
chr1	811403	7656581	93
chr1	7656581	8060881	76
chr1	8060881	16770597	93
chr1	16770597	16772920	87
chr1	16772920	17088320	85
chr1	17088320	19646378	90
chr1	19646378	20672828	90
chr1	20672828	21534624	90
chr1	21534624	22707072	82
chr1	22707072	23386862	82
chr1	23386862	24667178	90
chr1	24667178	24755956	90
chr1	24755956	28453334	69
chr1	28453334	35097164	71
chr1	35097164	35102662	55
chr1	35102662	35109386	55
chr1	35109386	35690830	71
chr1	35690830	35900283	71
chr1	35900283	38286796	71
chr1	38286796	38525377	76
chr1	38525377	40558652	76
chr1	40558652	41200272	76
chr1	41200272	41495608	76
chr1	41495608	41506362	76
chr1	41506362	42001372	76
chr1	42001372	42563757	76
chr1	42563757	43876822	97
chr1	43876822	44424216	97
chr1	44424216	44984657	95
chr1	44984657	49086652	79
chr1	49086652	49135948	70
chr1	49135948	51418694	79
chr1	51418694	51750966	79
chr1	51750966	55115309	79
chr1	55115309	56702776	70
chr1	56702776	58484370	62
chr1	58484370	60269846	62
chr1	60269846	60439855	62
chr1	60439855	60535396	62
chr1	60535396	61117521	62
chr1	61117521	61409376	62
chr1	61409376	61949249	62
chr1	61949249	62253328	62
chr1	62253328	62666111	62
chr1	62666111	62907302	62
chr1	62907302	62944861	62
chr1	62944861	62983254	62
chr1	62983254	63552801	61
chr1	63552801	63743427	61
chr1	63743427	63858911	61
chr1	63858911	64654624	61
chr1	64654624	64813004	61
chr1	64813004	65215360	61
chr1	65215360	65340900	61
chr1	65340900	65659212	61
chr1	65659212	66239776	61
chr1	66239776	66272729	61
chr1	66272729	66281108	61
chr1	66281108	66586994	61
chr1	66586994	66731534	61
chr1	66731534	66775665	61
chr1	66775665	67003335	61
chr1	67003335	67047906	61
chr1	67047906	67926509	61
chr1	67926509	68085652	49
chr1	68085652	68644748	49
chr1	68644748	69307931	49
chr1	69307931	69744419	49
chr1	69744419	70000332	49
chr1	70000332	70106485	49
chr1	70106485	70131700	49
chr1	70131700	72447481	49
chr1	72447481	72756128	52
chr1	72756128	72811532	60
chr1	72811532	72812172	52
chr1	72812172	80501758	60
chr1	80501758	86636982	58
chr1	86636982	89232159	72
chr1	89232159	89383778	80
chr1	89383778	96516714	72
chr1	96516714	97123244	73
chr1	97123244	97277836	73
chr1	97277836	99445439	73
chr1	99445439	99548939	81
chr1	99548939	100327536	73
chr1	100327536	100519297	73
chr1	100519297	104144001	73
chr1	104144001	104157327	73
chr1	104157327	104288851	65
chr1	104288851	105144284	73
chr1	105144284	105423457	73
chr1	105423457	105547774	73
chr1	105547774	105606107	73
chr1	105606107	105998605	73
chr1	105998605	106058454	73
chr1	106058454	108879120	73
chr1	108879120	111025557	75
chr1	111025557	111031650	75
chr1	111031650	111176126	86
chr1	111176126	111620285	86
chr1	111620285	112246931	62
chr1	112246931	112259718	62
chr1	112259718	112289343	62
chr1	112289343	112506185	62
chr1	112506185	112634918	62
chr1	112634918	113094656	62
chr1	113094656	113810313	62
chr1	113810313	114374012	62
chr1	114374012	117914536	62
chr1	117914536	118056497	62
chr1	118056497	119652879	62
chr1	119652879	120476169	70
chr1	120476169	120685338	70
chr1	120685338	120741258	70
chr1	120741258	121185034	70
chr1	121185034	121230790	54
chr1	121230790	121291080	40
chr1	121291080	125000000	11
chr1	125000000	143458436	21
chr1	143458436	145116735	81
chr1	145116735	145181807	81
chr1	145181807	149251888	81
chr1	149251888	149820496	81
chr1	149820496	152767560	81
chr1	152767560	152825796	81
chr1	152825796	152944546	81
chr1	152944546	153132934	81
chr1	153132934	153602557	81
chr1	153602557	157260320	81
chr1	157260320	157453823	81
chr1	157453823	158815560	81
chr1	158815560	158894856	81
chr1	158894856	160493309	81
chr1	160493309	160713394	81
chr1	160713394	165218170	81
chr1	165218170	165297089	81
chr1	165297089	170086918	81
chr1	170086918	174128788	75
chr1	174128788	174400051	58
chr1	174400051	175320518	75
chr1	175320518	175658433	75
chr1	175658433	175797965	75
chr1	175797965	175866809	75
chr1	175866809	176294530	75
chr1	176294530	176825314	75
chr1	176825314	176910683	75
chr1	176910683	181036677	75
chr1	181036677	181131420	75
chr1	181131420	181618556	75
chr1	181618556	181841725	75
chr1	181841725	186526866	75
chr1	186526866	187233370	75
chr1	187233370	200960718	75
chr1	200960718	201038098	75
chr1	201038098	203010579	75
chr1	203010579	203370417	75
chr1	203370417	203491077	75
chr1	203491077	204425854	75
chr1	204425854	204529763	75
chr1	204529763	204591611	75
chr1	204591611	204889909	75
chr1	204889909	205016844	75
chr1	205016844	206884057	75
chr1	206884057	206988664	75
chr1	206988664	208513622	75
chr1	208513622	208571718	75
chr1	208571718	213989064	75
chr1	213989064	214072449	75
chr1	214072449	218463217	75
chr1	218463217	220350714	94
chr1	220350714	221959433	94
chr1	221959433	222725943	86
chr1	222725943	223636386	94
chr1	223636386	223693364	94
chr1	223693364	225127748	94
chr1	225127748	226686688	93
chr1	226686688	226981691	93
chr1	226981691	227677648	93
chr1	227677648	227772950	93
chr1	227772950	227888819	93
chr1	227888819	228277714	93
chr1	228277714	228801908	93
chr1	228801908	229291279	93
chr1	229291279	229918243	93
chr1	229918243	230548371	93
chr1	230548371	231221377	93
chr1	231221377	231324370	93
chr1	231324370	232274174	93
chr1	232274174	232352169	93
chr1	232352169	232442249	93
chr1	232442249	232557217	93
chr1	232557217	233041761	93
chr1	233041761	233073554	93
chr1	233073554	245562567	93
chr1	245562567	245580191	93
chr1	245580191	245893867	93
chr1	245893867	245989315	85
chr1	245989315	246113249	85
chr1	246113249	246278221	85
chr1	246278221	246389275	69
chr1	246389275	246404967	85
chr1	246404967	249250621	93
chr2	0	139608	84
chr2	139608	416444	84
chr2	416444	680214	84
chr2	680214	812656	84
chr2	812656	2032027	84
chr2	2032027	2448026	84
chr2	2448026	2935843	84
chr2	2935843	3016119	84
chr2	3016119	3724747	84
chr2	3724747	3764790	84
chr2	3764790	3831960	84
chr2	3831960	6010641	84
chr2	6010641	6118135	84
chr2	6118135	6296405	84
chr2	6296405	6319295	84
chr2	6319295	6399402	84
chr2	6399402	6520077	84
chr2	6520077	6623036	84
chr2	6623036	6805001	84
chr2	6805001	7080321	84
chr2	7080321	7248095	84
chr2	7248095	8128633	84
chr2	8128633	9009180	84
chr2	9009180	9277534	84
chr2	9277534	9448242	84
chr2	9448242	10341419	84
chr2	10341419	10614305	84
chr2	10614305	10938243	84
chr2	10938243	10979624	92
chr2	10979624	11178640	92
chr2	11178640	11921907	92
chr2	11921907	12287964	92
chr2	12287964	12450942	92
chr2	12450942	12546365	92
chr2	12546365	12829096	92
chr2	12829096	12892701	92
chr2	12892701	16095194	92
chr2	16095194	16156269	84
chr2	16156269	16197965	84
chr2	16197965	16415062	84
chr2	16415062	16588183	84
chr2	16588183	18222964	84
chr2	18222964	18393941	84
chr2	18393941	19070350	84
chr2	19070350	19661539	92
chr2	19661539	19701954	92
chr2	19701954	19841195	92
chr2	19841195	20041801	92
chr2	20041801	20756359	92
chr2	20756359	20955403	92
chr2	20955403	21056843	92
chr2	21056843	21141845	92
chr2	21141845	23185456	92
chr2	23185456	23875409	92
chr2	23875409	26757931	92
chr2	26757931	26986564	92
chr2	26986564	29428309	92
chr2	29428309	30197012	92
chr2	30197012	30888753	92
chr2	30888753	30974785	92
chr2	30974785	31067305	92
chr2	31067305	31538953	92
chr2	31538953	37831357	92
chr2	37831357	37886558	92
chr2	37886558	37960807	92
chr2	37960807	38021165	92
chr2	38021165	38407627	92
chr2	38407627	38470995	92
chr2	38470995	45248930	92
chr2	45248930	45608397	92
chr2	45608397	45999369	92
chr2	45999369	46056078	92
chr2	46056078	46211796	92
chr2	46211796	46402699	92
chr2	46402699	46479134	92
chr2	46479134	46662940	92
chr2	46662940	46687163	92
chr2	46687163	46776234	92
chr2	46776234	47028919	92
chr2	47028919	47293013	92
chr2	47293013	47833734	92
chr2	47833734	47938950	92
chr2	47938950	49196794	92
chr2	49196794	49219223	92
chr2	49219223	50366013	92
chr2	50366013	51153212	98
chr2	51153212	52739199	98
chr2	52739199	52747747	98
chr2	52747747	52784752	78
chr2	52784752	53902075	98
chr2	53902075	54275010	98
chr2	54275010	56748206	98
chr2	56748206	60388786	98
chr2	60388786	60950208	98
chr2	60950208	62453489	98
chr2	62453489	65966769	97
chr2	65966769	66027724	97
chr2	66027724	67165822	97
chr2	67165822	67653060	97
chr2	67653060	69396695	97
chr2	69396695	69591158	97
chr2	69591158	70675081	97
chr2	70675081	70714979	87
chr2	70714979	70957082	97
chr2	70957082	71208374	95
chr2	71208374	71346590	95
chr2	71346590	71671008	95
chr2	71671008	72455197	95
chr2	72455197	75381959	95
chr2	75381959	76294587	95
chr2	76294587	79568631	72
chr2	79568631	79633662	49
chr2	79633662	80603712	72
chr2	80603712	82215728	74
chr2	82215728	84873482	66
chr2	84873482	84916206	66
chr2	84916206	86032635	66
chr2	86032635	86307376	66
chr2	86307376	87474050	66
chr2	87474050	87882066	66
chr2	87882066	90301276	66
chr2	90301276	91627978	14
chr2	91627978	91704724	25
chr2	91704724	92193296	74
chr2	92193296	92275027	35
chr2	92275027	92285930	23
chr2	92285930	93300000	14
chr2	93300000	95341388	26
chr2	95341388	95358799	37
chr2	95358799	95421697	47
chr2	95421697	95439958	64
chr2	95439958	95920175	78
chr2	95920175	98305734	78
chr2	98305734	98909730	78
chr2	98909730	99520005	78
chr2	99520005	100349622	78
chr2	100349622	100867335	78
chr2	100867335	101235999	78
chr2	101235999	101842201	78
chr2	101842201	102079906	78
chr2	102079906	102252210	78
chr2	102252210	102550499	78
chr2	102550499	102991654	78
chr2	102991654	103614465	78
chr2	103614465	105109043	78
chr2	105109043	105324049	78
chr2	105324049	105372855	78
chr2	105372855	105426724	76
chr2	105426724	105527757	76
chr2	105527757	106157826	76
chr2	106157826	106356344	76
chr2	106356344	106859901	77
chr2	106859901	106886312	69
chr2	106886312	107089018	77
chr2	107089018	107182011	77
chr2	107182011	108874238	77
chr2	108874238	108913516	60
chr2	108913516	109512517	77
chr2	109512517	109736521	77
chr2	109736521	109866177	77
chr2	109866177	110040863	77
chr2	110040863	111588958	77
chr2	111588958	112474959	77
chr2	112474959	113570126	77
chr2	113570126	114479794	77
chr2	114479794	117347511	77
chr2	117347511	118918629	65
chr2	118918629	119436512	65
chr2	119436512	120319316	73
chr2	120319316	120888893	73
chr2	120888893	122290978	73
chr2	122290978	122786465	73
chr2	122786465	122856015	73
chr2	122856015	122944311	65
chr2	122944311	125197642	65
chr2	125197642	125345646	65
chr2	125345646	127019032	65
chr2	127019032	127116900	44
chr2	127116900	127863988	44
chr2	127863988	128283323	44
chr2	128283323	128677924	44
chr2	128677924	128904505	44
chr2	128904505	129283345	44
chr2	129283345	129944840	44
chr2	129944840	130111871	44
chr2	130111871	130378268	44
chr2	130378268	130402270	44
chr2	130402270	131509121	44
chr2	131509121	131756615	44
chr2	131756615	133570051	44
chr2	133570051	134433001	44
chr2	134433001	135500342	44
chr2	135500342	136922233	44
chr2	136922233	137396354	44
chr2	137396354	141798906	44
chr2	141798906	142010576	27
chr2	142010576	142356287	44
chr2	142356287	142756371	52
chr2	142756371	143285126	52
chr2	143285126	143458923	52
chr2	143458923	145647295	44
chr2	145647295	146863238	58
chr2	146863238	146872376	50
chr2	146872376	146879621	58
chr2	146879621	148762831	78
chr2	148762831	149232433	78
chr2	149232433	150090938	78
chr2	150090938	151637508	78
chr2	151637508	151779970	78
chr2	151779970	154427387	78
chr2	154427387	156483389	78
chr2	156483389	158777548	86
chr2	158777548	158872425	86
chr2	158872425	162216215	86
chr2	162216215	162342078	86
chr2	162342078	162488083	86
chr2	162488083	163318590	86
chr2	163318590	164132991	86
chr2	164132991	164232215	86
chr2	164232215	164506910	86
chr2	164506910	167608465	86
chr2	167608465	169012380	85
chr2	169012380	169072192	85
chr2	169072192	170300351	85
chr2	170300351	171094887	69
chr2	171094887	176993768	85
chr2	176993768	180413367	85
chr2	180413367	180423890	85
chr2	180423890	180613936	85
chr2	180613936	180808090	85
chr2	180808090	180920862	85
chr2	180920862	181133576	85
chr2	181133576	181379907	85
chr2	181379907	182072411	85
chr2	182072411	182077020	85
chr2	182077020	182499009	85
chr2	182499009	182587758	85
chr2	182587758	183318615	85
chr2	183318615	183332749	85
chr2	183332749	183501673	85
chr2	183501673	183910188	85
chr2	183910188	196179851	76
chr2	196179851	196279460	59
chr2	196279460	202646461	59
chr2	202646461	205826226	58
chr2	205826226	208355067	58
chr2	208355067	208359406	42
chr2	208359406	209075969	58
chr2	209075969	212552290	38
chr2	212552290	212988956	39
chr2	212988956	213219224	59
chr2	213219224	213680975	57
chr2	213680975	213722875	24
chr2	213722875	213797073	4
chr2	213797073	215716194	37
chr2	215716194	223066308	57
chr2	223066308	223372126	57
chr2	223372126	225392578	57
chr2	225392578	226277725	57
chr2	226277725	226738953	59
chr2	226738953	232205555	59
chr2	232205555	233054065	42
chr2	233054065	236241968	59
chr2	236241968	243007375	57
chr2	243007375	243199373	56
chr3	0	85716	53
chr3	85716	289061	53
chr3	289061	345286	53
chr3	345286	355530	53
chr3	355530	394599	53
chr3	394599	413138	53
chr3	413138	419804	53
chr3	419804	1421844	53
chr3	1421844	2118775	53
chr3	2118775	5043753	53
chr3	5043753	5099606	53
chr3	5099606	6011770	53
chr3	6011770	6575094	68
chr3	6575094	6652467	68
chr3	6652467	7269189	68
chr3	7269189	7298208	68
chr3	7298208	9365508	68
chr3	9365508	9571656	68
chr3	9571656	12463596	68
chr3	12463596	13529794	77
chr3	13529794	15025152	68
chr3	15025152	16297735	68
chr3	16297735	16476299	68
chr3	16476299	17309375	68
chr3	17309375	17386801	68
chr3	17386801	17814612	68
chr3	17814612	19924228	68
chr3	19924228	20657235	87
chr3	20657235	21868864	68
chr3	21868864	21923646	68
chr3	21923646	22241802	68
chr3	22241802	22272172	68
chr3	22272172	22296555	68
chr3	22296555	22362536	68
chr3	22362536	22485435	68
chr3	22485435	22573323	68
chr3	22573323	23071672	68
chr3	23071672	23147319	77
chr3	23147319	23167336	78
chr3	23167336	24652625	88
chr3	24652625	24766455	88
chr3	24766455	26696232	88
chr3	26696232	26704572	78
chr3	26704572	27781369	88
chr3	27781369	28142576	88
chr3	28142576	28684951	88
chr3	28684951	31734467	78
chr3	31734467	31902580	67
chr3	31902580	33456501	78
chr3	33456501	33476584	78
chr3	33476584	35737142	78
chr3	35737142	36297666	59
chr3	36297666	37112791	59
chr3	37112791	42373738	59
chr3	42373738	47977590	68
chr3	47977590	48168893	69
chr3	48168893	52763057	59
chr3	52763057	52794012	43
chr3	52794012	55100590	59
chr3	55100590	55903119	59
chr3	55903119	55995774	51
chr3	55995774	59104416	59
chr3	59104416	59598769	69
chr3	59598769	60373316	59
chr3	60373316	60511167	51
chr3	60511167	61749237	59
chr3	61749237	62003940	60
chr3	62003940	62054272	52
chr3	62054272	62875902	60
chr3	62875902	63047012	52
chr3	63047012	63603320	60
chr3	63603320	63653799	52
chr3	63653799	64362682	60
chr3	64362682	64417227	60
chr3	64417227	66984060	60
chr3	66984060	67136440	60
chr3	67136440	68728890	60
chr3	68728890	68748086	51
chr3	68748086	70816384	60
chr3	70816384	73198696	59
chr3	73198696	75428045	51
chr3	75428045	75574555	51
chr3	75574555	76419081	51
chr3	76419081	76424633	51
chr3	76424633	76530659	51
chr3	76530659	76653080	51
chr3	76653080	76742330	51
chr3	76742330	76949926	51
chr3	76949926	77075624	51
chr3	77075624	77258090	51
chr3	77258090	77508413	51
chr3	77508413	77602286	51
chr3	77602286	77995922	51
chr3	77995922	78005200	51
chr3	78005200	78184971	51
chr3	78184971	78209289	51
chr3	78209289	78456166	51
chr3	78456166	78473028	51
chr3	78473028	78504223	51
chr3	78504223	78686140	51
chr3	78686140	78792259	51
chr3	78792259	78825084	51
chr3	78825084	79055787	51
chr3	79055787	79750711	51
chr3	79750711	80045130	51
chr3	80045130	80054154	51
chr3	80054154	80263025	51
chr3	80263025	80473819	51
chr3	80473819	80639664	51
chr3	80639664	80854108	51
chr3	80854108	81230654	51
chr3	81230654	81322575	51
chr3	81322575	82647255	51
chr3	82647255	82693539	51
chr3	82693539	82722632	51
chr3	82722632	83023350	61
chr3	83023350	83218150	61
chr3	83218150	84055159	61
chr3	84055159	84101266	61
chr3	84101266	84253299	61
chr3	84253299	84567829	61
chr3	84567829	84647730	51
chr3	84647730	84680263	51
chr3	84680263	84777448	69
chr3	84777448	85124747	69
chr3	85124747	85502017	69
chr3	85502017	85629664	69
chr3	85629664	85661094	69
chr3	85661094	85889099	69
chr3	85889099	85964393	69
chr3	85964393	86020427	69
chr3	86020427	86378042	79
chr3	86378042	86437153	79
chr3	86437153	86865343	69
chr3	86865343	86888129	69
chr3	86888129	87235624	69
chr3	87235624	87608862	69
chr3	87608862	88081728	69
chr3	88081728	88297882	69
chr3	88297882	88675096	69
chr3	88675096	89050411	79
chr3	89050411	89260160	79
chr3	89260160	89267440	79
chr3	89267440	89338185	79
chr3	89338185	89386954	79
chr3	89386954	89409835	79
chr3	89409835	89423151	79
chr3	89423151	89523340	79
chr3	89523340	89641283	87
chr3	89641283	89671340	87
chr3	89671340	89718061	87
chr3	89718061	90025004	87
chr3	90025004	90026637	87
chr3	90026637	91000000	87
chr3	91000000	93543006	1
chr3	93543006	93548479	12
chr3	93548479	93605126	43
chr3	93605126	94003849	87
chr3	94003849	94770456	87
chr3	94770456	95310868	87
chr3	95310868	95473818	87
chr3	95473818	96322466	87
chr3	96322466	96353435	87
chr3	96353435	96469837	87
chr3	96469837	98532775	87
chr3	98532775	98729852	87
chr3	98729852	99385692	87
chr3	99385692	100195909	70
chr3	100195909	100456631	70
chr3	100456631	103071494	70
chr3	103071494	103162424	70
chr3	103162424	103663732	70
chr3	103663732	103851022	70
chr3	103851022	104488229	70
chr3	104488229	104621500	70
chr3	104621500	104630428	70
chr3	104630428	104676872	70
chr3	104676872	104986165	70
chr3	104986165	105172967	70
chr3	105172967	105284086	70
chr3	105284086	105744932	70
chr3	105744932	105807129	70
chr3	105807129	106158985	70
chr3	106158985	106226330	70
chr3	106226330	106401049	70
chr3	106401049	106494344	70
chr3	106494344	108442107	70
chr3	108442107	109199781	80
chr3	109199781	110918304	70
chr3	110918304	110961986	70
chr3	110961986	112921700	70
chr3	112921700	113061875	70
chr3	113061875	114967632	70
chr3	114967632	115042345	70
chr3	115042345	115324881	70
chr3	115324881	115441388	70
chr3	115441388	116330562	70
chr3	116330562	116714895	59
chr3	116714895	117154307	59
chr3	117154307	117339148	59
chr3	117339148	117826728	59
chr3	117826728	118550397	59
chr3	118550397	118775186	59
chr3	118775186	118799103	59
chr3	118799103	119361450	59
chr3	119361450	121109374	59
chr3	121109374	121179828	59
chr3	121179828	122032811	59
chr3	122032811	122636315	56
chr3	122636315	124927699	56
chr3	124927699	125533994	56
chr3	125533994	128244003	56
chr3	128244003	128573453	56
chr3	128573453	128810670	56
chr3	128810670	129152187	65
chr3	129152187	129398012	56
chr3	129398012	129673207	56
chr3	129673207	129806961	56
chr3	129806961	129808416	56
chr3	129808416	129815485	66
chr3	129815485	129916897	73
chr3	129916897	129986646	66
chr3	129986646	130126422	66
chr3	130126422	133080609	66
chr3	133080609	133220927	66
chr3	133220927	133468103	66
chr3	133468103	133784853	66
chr3	133784853	133853811	66
chr3	133853811	134024609	66
chr3	134024609	134352583	66
chr3	134352583	135293230	66
chr3	135293230	135716855	66
chr3	135716855	137740862	73
chr3	137740862	137819182	73
chr3	137819182	138995053	73
chr3	138995053	139449100	73
chr3	139449100	139543611	73
chr3	139543611	140457749	73
chr3	140457749	140779064	73
chr3	140779064	141005094	73
chr3	141005094	142502601	73
chr3	142502601	142544048	73
chr3	142544048	142966987	73
chr3	142966987	143116884	73
chr3	143116884	143402555	73
chr3	143402555	143499915	73
chr3	143499915	144829517	73
chr3	144829517	145458383	73
chr3	145458383	145743081	83
chr3	145743081	145946986	83
chr3	145946986	146015402	83
chr3	146015402	146167035	83
chr3	146167035	146218309	83
chr3	146218309	146271069	83
chr3	146271069	146753909	83
chr3	146753909	146957216	83
chr3	146957216	147013400	73
chr3	147013400	147015291	73
chr3	147015291	147750285	73
chr3	147750285	147754675	73
chr3	147754675	147924527	73
chr3	147924527	148346376	73
chr3	148346376	148384699	73
chr3	148384699	148403221	73
chr3	148403221	148432769	73
chr3	148432769	148785640	73
chr3	148785640	149569888	73
chr3	149569888	149614177	73
chr3	149614177	151070000	73
chr3	151070000	151110544	73
chr3	151110544	151427441	73
chr3	151427441	151464615	73
chr3	151464615	151577153	73
chr3	151577153	151590850	73
chr3	151590850	151799855	73
chr3	151799855	152110185	73
chr3	152110185	152165024	73
chr3	152165024	153217074	73
chr3	153217074	153541486	73
chr3	153541486	153622453	73
chr3	153622453	154112565	73
chr3	154112565	154965603	73
chr3	154965603	155099501	73
chr3	155099501	156017254	73
chr3	156017254	156088055	73
chr3	156088055	156836876	73
chr3	156836876	156867467	73
chr3	156867467	157013562	73
chr3	157013562	157015664	73
chr3	157015664	157431699	73
chr3	157431699	157533771	73
chr3	157533771	157729977	73
chr3	157729977	158020730	73
chr3	158020730	159004538	73
chr3	159004538	159138824	73
chr3	159138824	159239851	73
chr3	159239851	159252891	73
chr3	159252891	159279362	73
chr3	159279362	159320121	89
chr3	159320121	159506361	89
chr3	159506361	160208849	89
chr3	160208849	160355423	89
chr3	160355423	160575661	89
chr3	160575661	160589427	89
chr3	160589427	161225529	89
chr3	161225529	161381339	89
chr3	161381339	161448725	89
chr3	161448725	161515606	89
chr3	161515606	161667482	89
chr3	161667482	161803938	89
chr3	161803938	162084649	89
chr3	162084649	162108723	89
chr3	162108723	162158932	89
chr3	162158932	162269705	89
chr3	162269705	162383991	89
chr3	162383991	162413792	89
chr3	162413792	162505592	89
chr3	162505592	162526744	89
chr3	162526744	162625988	89
chr3	162625988	162626284	89
chr3	162626284	162655246	89
chr3	162655246	162690384	89
chr3	162690384	163699016	89
chr3	163699016	164358892	89
chr3	164358892	164921877	89
chr3	164921877	165054760	89
chr3	165054760	165081761	89
chr3	165081761	165230759	89
chr3	165230759	165278968	99
chr3	165278968	165318227	99
chr3	165318227	165360912	99
chr3	165360912	165599994	99
chr3	165599994	165736631	99
chr3	165736631	165960368	99
chr3	165960368	165989862	99
chr3	165989862	166100673	99
chr3	166100673	166161956	99
chr3	166161956	166356603	99
chr3	166356603	166419581	99
chr3	166419581	166546966	99
chr3	166546966	166709633	99
chr3	166709633	166742098	99
chr3	166742098	167033179	99
chr3	167033179	167213596	99
chr3	167213596	167549612	99
chr3	167549612	167563634	99
chr3	167563634	167597264	99
chr3	167597264	167635326	99
chr3	167635326	167656321	99
chr3	167656321	167806932	99
chr3	167806932	167907313	99
chr3	167907313	167909436	99
chr3	167909436	168763015	99
chr3	168763015	169159265	99
chr3	169159265	169190474	99
chr3	169190474	169321151	99
chr3	169321151	169407001	99
chr3	169407001	169535643	99
chr3	169535643	169558883	99
chr3	169558883	169833812	99
chr3	169833812	170544492	99
chr3	170544492	170732950	99
chr3	170732950	171244647	99
chr3	171244647	171263363	89
chr3	171263363	171313294	89
chr3	171313294	172192935	89
chr3	172192935	172196625	89
chr3	172196625	172377107	89
chr3	172377107	172377856	89
chr3	172377856	172442572	89
chr3	172442572	172528005	89
chr3	172528005	172529571	89
chr3	172529571	172732414	89
chr3	172732414	172837064	89
chr3	172837064	172943298	89
chr3	172943298	172976794	89
chr3	172976794	173335514	89
chr3	173335514	173400829	89
chr3	173400829	173424139	89
chr3	173424139	173502875	89
chr3	173502875	173565183	89
chr3	173565183	173656402	89
chr3	173656402	173779846	89
chr3	173779846	173808494	89
chr3	173808494	173881191	89
chr3	173881191	173902167	89
chr3	173902167	173953905	89
chr3	173953905	174218017	89
chr3	174218017	174349559	89
chr3	174349559	174383373	89
chr3	174383373	174455191	89
chr3	174455191	174629526	89
chr3	174629526	174757522	89
chr3	174757522	174867225	89
chr3	174867225	174871610	89
chr3	174871610	174944649	89
chr3	174944649	174945305	89
chr3	174945305	175017242	89
chr3	175017242	175064868	89
chr3	175064868	175087251	89
chr3	175087251	175165940	89
chr3	175165940	175207017	89
chr3	175207017	175246061	89
chr3	175246061	175907146	89
chr3	175907146	176175584	89
chr3	176175584	176262600	89
chr3	176262600	176315484	89
chr3	176315484	176710735	89
chr3	176710735	176778061	89
chr3	176778061	176792463	89
chr3	176792463	176800647	89
chr3	176800647	176845629	89
chr3	176845629	177314806	89
chr3	177314806	177428437	89
chr3	177428437	178045520	89
chr3	178045520	178238775	89
chr3	178238775	178695322	89
chr3	178695322	178872201	89
chr3	178872201	178886233	89
chr3	178886233	179076665	89
chr3	179076665	179214465	75
chr3	179214465	179715009	75
chr3	179715009	179731733	75
chr3	179731733	179832909	75
chr3	179832909	180006558	75
chr3	180006558	180301790	85
chr3	180301790	180767016	85
chr3	180767016	180930671	75
chr3	180930671	181051334	75
chr3	181051334	181120894	75
chr3	181120894	181425102	55
chr3	181425102	181769828	55
chr3	181769828	182025435	55
chr3	182025435	182049506	55
chr3	182049506	182268333	55
chr3	182268333	182415171	55
chr3	182415171	182468474	55
chr3	182468474	182891418	55
chr3	182891418	183319198	65
chr3	183319198	183415778	65
chr3	183415778	183739070	65
chr3	183739070	183996074	65
chr3	183996074	187259379	58
chr3	187259379	187596364	48
chr3	187596364	187611471	48
chr3	187611471	189439194	48
chr3	189439194	189504491	48
chr3	189504491	189909417	48
chr3	189909417	190898409	48
chr3	190898409	192296786	48
chr3	192296786	192872091	76
chr3	192872091	192886513	76
chr3	192886513	193318910	76
chr3	193318910	193418531	76
chr3	193418531	198022430	76
chr4	0	66349	26
chr4	66349	71493	37
chr4	71493	242373	45
chr4	242373	545382	62
chr4	545382	672840	66
chr4	672840	780017	66
chr4	780017	2408284	70
chr4	2408284	2912101	70
chr4	2912101	3050908	53
chr4	3050908	3104695	51
chr4	3104695	9454450	68
chr4	9454450	9715603	82
chr4	9715603	10209955	68
chr4	10209955	10210168	54
chr4	10210168	10212275	55
chr4	10212275	10235225	52
chr4	10235225	10239986	49
chr4	10239986	10312920	51
chr4	10312920	11663260	65
chr4	11663260	11887812	48
chr4	11887812	16203659	65
chr4	16203659	19156450	59
chr4	19156450	19242160	51
chr4	19242160	22823247	59
chr4	22823247	23767431	42
chr4	23767431	24461877	34
chr4	24461877	24955984	17
chr4	24955984	28804753	34
chr4	28804753	29032123	17
chr4	29032123	29821730	34
chr4	29821730	31255390	42
chr4	31255390	33297694	64
chr4	33297694	33549502	47
chr4	33549502	34033110	64
chr4	34033110	34314132	47
chr4	34314132	34782777	64
chr4	34782777	34824454	29
chr4	34824454	34829893	29
chr4	34829893	34829938	43
chr4	34829938	34841414	45
chr4	34841414	35668499	37
chr4	35668499	35913824	45
chr4	35913824	41157209	37
chr4	41157209	42987038	37
chr4	42987038	43333984	38
chr4	43333984	44688123	38
chr4	44688123	45929981	47
chr4	45929981	49073497	65
chr4	49073497	49309867	79
chr4	49309867	50400000	62
chr4	50400000	52696792	0
chr4	52696792	52700771	28
chr4	52700771	52706713	36
chr4	52706713	52762136	66
chr4	52762136	52891008	80
chr4	52891008	54714759	66
chr4	54714759	56208391	68
chr4	56208391	58697211	69
chr4	58697211	58776940	69
chr4	58776940	58823172	69
chr4	58823172	58839858	69
chr4	58839858	59509498	69
chr4	59509498	59515290	57
chr4	59515290	60167227	69
chr4	60167227	60336948	69
chr4	60336948	60747899	69
chr4	60747899	60981745	69
chr4	60981745	60985583	69
chr4	60985583	61254958	66
chr4	61254958	64294475	66
chr4	64294475	64693460	55
chr4	64693460	64716729	69
chr4	64716729	66199364	55
chr4	66199364	68871610	55
chr4	68871610	69075771	34
chr4	69075771	69152286	20
chr4	69152286	69223609	34
chr4	69223609	69375058	48
chr4	69375058	69487657	20
chr4	69487657	74252906	34
chr4	74252906	74981250	34
chr4	74981250	77991161	34
chr4	77991161	78462768	34
chr4	78462768	79715031	31
chr4	79715031	79836386	19
chr4	79836386	83525934	31
chr4	83525934	88925951	29
chr4	88925951	90714280	21
chr4	90714280	91202657	33
chr4	91202657	91724191	21
chr4	91724191	92405337	5
chr4	92405337	92490331	21
chr4	92490331	93507258	29
chr4	93507258	95520883	21
chr4	95520883	115173678	20
chr4	115173678	115174512	12
chr4	115174512	115183202	0
chr4	115183202	115185107	12
chr4	115185107	115189919	0
chr4	115189919	119915498	20
chr4	119915498	128297336	30
chr4	128297336	138961519	42
chr4	138961519	139128333	50
chr4	139128333	140280664	50
chr4	140280664	142927200	42
chr4	142927200	143029656	25
chr4	143029656	149690512	42
chr4	149690512	149744947	50
chr4	149744947	156878221	42
chr4	156878221	156886630	56
chr4	156886630	159510437	42
chr4	159510437	161027932	50
chr4	161027932	169663852	42
chr4	169663852	169701104	25
chr4	169701104	169957800	42
chr4	169957800	172361236	42
chr4	172361236	172368480	56
chr4	172368480	172379152	33
chr4	172379152	172381180	56
chr4	172381180	172548327	42
chr4	172548327	172705400	25
chr4	172705400	174656977	42
chr4	174656977	178876945	22
chr4	178876945	178890277	30
chr4	178890277	180356850	22
chr4	180356850	182887104	8
chr4	182887104	182980439	0
chr4	182980439	183404528	0
chr4	183404528	184057870	8
chr4	184057870	185076902	29
chr4	185076902	186243377	15
chr4	186243377	187621859	29
chr4	187621859	191154276	15
chr5	0	98925	92
chr5	98925	355133	83
chr5	355133	646530	75
chr5	646530	822855	75
chr5	822855	1017438	75
chr5	1017438	1506188	83
chr5	1506188	1657576	83
chr5	1657576	1827157	83
chr5	1827157	2921973	83
chr5	2921973	2956909	83
chr5	2956909	3109107	83
chr5	3109107	3207893	83
chr5	3207893	3334704	83
chr5	3334704	3940424	83
chr5	3940424	5364522	75
chr5	5364522	5436756	75
chr5	5436756	6873118	75
chr5	6873118	6960146	75
chr5	6960146	9998043	75
chr5	9998043	11149751	83
chr5	11149751	13649781	75
chr5	13649781	17095309	83
chr5	17095309	17694426	74
chr5	17694426	19159042	74
chr5	19159042	21917601	74
chr5	21917601	22012797	74
chr5	22012797	22684339	74
chr5	22684339	23340962	74
chr5	23340962	23575577	74
chr5	23575577	34217382	74
chr5	34217382	40129314	74
chr5	40129314	43534838	66
chr5	43534838	44396347	74
chr5	44396347	46328445	66
chr5	46328445	46383335	54
chr5	46383335	48400000	24
chr5	48400000	49520000	3
chr5	49520000	49980324	30
chr5	49980324	57323830	16
chr5	57323830	57335951	40
chr5	57335951	58527932	16
chr5	58527932	58975212	8
chr5	58975212	59844364	0
chr5	59844364	61989140	0
chr5	61989140	62069557	0
chr5	62069557	62366602	0
chr5	62366602	62475599	0
chr5	62475599	64461856	0
chr5	64461856	68431582	0
chr5	68431582	75309096	0
chr5	75309096	83928534	0
chr5	83928534	92860978	3
chr5	92860978	92993684	0
chr5	92993684	96719795	3
chr5	96719795	109264118	11
chr5	109264118	112073907	25
chr5	112073907	112112923	39
chr5	112112923	113144842	25
chr5	113144842	113227558	25
chr5	113227558	113396373	25
chr5	113396373	117943726	26
chr5	117943726	120113084	30
chr5	120113084	120174860	27
chr5	120174860	121277342	28
chr5	121277342	122679337	30
chr5	122679337	127224030	29
chr5	127224030	144808969	43
chr5	144808969	148550784	44
chr5	148550784	151514772	64
chr5	151514772	151520347	48
chr5	151520347	155475939	64
chr5	155475939	155488990	48
chr5	155488990	162491248	64
chr5	162491248	162723996	55
chr5	162723996	165732366	64
chr5	165732366	177619751	61
chr5	177619751	177797223	73
chr5	177797223	180915260	61
chr6	0	240782	87
chr6	240782	255812	87
chr6	255812	2008262	87
chr6	2008262	2611372	87
chr6	2611372	2680424	87
chr6	2680424	2739691	87
chr6	2739691	2740636	87
chr6	2740636	2908006	87
chr6	2908006	2914147	87
chr6	2914147	3264294	87
chr6	3264294	3311977	87
chr6	3311977	3923012	87
chr6	3923012	4067618	87
chr6	4067618	4816938	87
chr6	4816938	4864382	87
chr6	4864382	4920148	87
chr6	4920148	5030914	87
chr6	5030914	5205254	87
chr6	5205254	5280769	87
chr6	5280769	5390673	87
chr6	5390673	5445949	87
chr6	5445949	6201965	87
chr6	6201965	6340894	87
chr6	6340894	6394251	87
chr6	6394251	6418251	87
chr6	6418251	6489263	87
chr6	6489263	6862323	87
chr6	6862323	7503658	87
chr6	7503658	7613170	87
chr6	7613170	7762019	87
chr6	7762019	7938314	87
chr6	7938314	8064951	87
chr6	8064951	8200331	87
chr6	8200331	8376056	87
chr6	8376056	8377879	87
chr6	8377879	8534440	87
chr6	8534440	8572469	87
chr6	8572469	8811299	87
chr6	8811299	8914186	87
chr6	8914186	8944074	87
chr6	8944074	8989885	87
chr6	8989885	9024899	87
chr6	9024899	9102378	87
chr6	9102378	9784035	87
chr6	9784035	10047693	87
chr6	10047693	10071168	87
chr6	10071168	10518163	87
chr6	10518163	10824388	87
chr6	10824388	12123149	87
chr6	12123149	12359509	87
chr6	12359509	12503231	87
chr6	12503231	12516941	87
chr6	12516941	13064861	87
chr6	13064861	13158269	87
chr6	13158269	13197526	87
chr6	13197526	13305879	87
chr6	13305879	13429998	87
chr6	13429998	15892107	87
chr6	15892107	16425337	67
chr6	16425337	16540436	67
chr6	16540436	16659146	67
chr6	16659146	16962658	67
chr6	16962658	17350988	67
chr6	17350988	17504687	67
chr6	17504687	17799819	67
chr6	17799819	17856201	67
chr6	17856201	18253481	67
chr6	18253481	18426556	67
chr6	18426556	18475637	67
chr6	18475637	18836340	67
chr6	18836340	19053446	67
chr6	19053446	19093880	67
chr6	19093880	19503129	67
chr6	19503129	19703010	67
chr6	19703010	20400486	67
chr6	20400486	20664356	67
chr6	20664356	21071759	67
chr6	21071759	21252299	67
chr6	21252299	21351059	67
chr6	21351059	21592762	67
chr6	21592762	22029610	67
chr6	22029610	22104950	67
chr6	22104950	22137740	67
chr6	22137740	22238386	67
chr6	22238386	22487048	67
chr6	22487048	22492760	67
chr6	22492760	22755694	67
chr6	22755694	22937761	67
chr6	22937761	23469431	67
chr6	23469431	23549033	67
chr6	23549033	26711853	67
chr6	26711853	26798218	67
chr6	26798218	30535737	67
chr6	30535737	30901279	67
chr6	30901279	31136079	67
chr6	31136079	31656243	67
chr6	31656243	32448841	67
chr6	32448841	32578526	77
chr6	32578526	33847261	67
chr6	33847261	33975116	67
chr6	33975116	38681360	67
chr6	38681360	40080270	67
chr6	40080270	40158176	67
chr6	40158176	42701368	67
chr6	42701368	43797565	81
chr6	43797565	43918910	81
chr6	43918910	50002203	81
chr6	50002203	51565383	90
chr6	51565383	51568000	81
chr6	51568000	58353957	90
chr6	58353957	58674833	90
chr6	58674833	58741497	74
chr6	58741497	58774716	45
chr6	58774716	61000000	31
chr6	61000000	62020284	54
chr6	62020284	62113008	84
chr6	62113008	63188909	84
chr6	63188909	65521904	76
chr6	65521904	65955217	76
chr6	65955217	66950992	55
chr6	66950992	67597584	55
chr6	67597584	68199872	55
chr6	68199872	72054880	63
chr6	72054880	75230991	71
chr6	75230991	75921562	60
chr6	75921562	76439353	60
chr6	76439353	78226910	60
chr6	78226910	78519875	60
chr6	78519875	78890072	60
chr6	78890072	79026545	60
chr6	79026545	80522799	60
chr6	80522799	80563202	60
chr6	80563202	86786250	60
chr6	86786250	95463184	53
chr6	95463184	95480551	43
chr6	95480551	95563570	43
chr6	95563570	95842217	53
chr6	95842217	95933750	53
chr6	95933750	98012094	65
chr6	98012094	98160615	65
chr6	98160615	100799996	57
chr6	100799996	101203159	57
chr6	101203159	101305321	57
chr6	101305321	101480799	57
chr6	101480799	101495057	65
chr6	101495057	101728868	65
chr6	101728868	101817143	57
chr6	101817143	102021273	57
chr6	102021273	103736403	57
chr6	103736403	103763766	57
chr6	103763766	107439019	57
chr6	107439019	114945417	57
chr6	114945417	118518354	75
chr6	118518354	119086186	83
chr6	119086186	119548063	75
chr6	119548063	127134933	74
chr6	127134933	127251431	74
chr6	127251431	133375663	74
chr6	133375663	134406078	82
chr6	134406078	139069240	70
chr6	139069240	139141460	70
chr6	139141460	139146222	71
chr6	139146222	152276767	71
chr6	152276767	155784329	52
chr6	155784329	158642594	46
chr6	158642594	158738576	67
chr6	158738576	160184117	46
chr6	160184117	160480801	46
chr6	160480801	168234279	38
chr6	168234279	171115067	38
chr7	0	9626851	71
chr7	9626851	11974492	71
chr7	11974492	11989835	63
chr7	11989835	15703492	71
chr7	15703492	16561719	71
chr7	16561719	16684141	71
chr7	16684141	35300172	71
chr7	35300172	35389150	71
chr7	35389150	36085796	71
chr7	36085796	36804980	71
chr7	36804980	47171206	71
chr7	47171206	47240223	71
chr7	47240223	47298971	73
chr7	47298971	57950944	73
chr7	57950944	59900000	23
chr7	59900000	61628365	11
chr7	61628365	61987209	61
chr7	61987209	61987276	62
chr7	61987276	62977579	72
chr7	62977579	63048901	71
chr7	63048901	66799592	67
chr7	66799592	66867548	59
chr7	66867548	67406683	67
chr7	67406683	68997211	67
chr7	68997211	69601610	50
chr7	69601610	75369448	67
chr7	75369448	75649166	67
chr7	75649166	76143697	67
chr7	76143697	76364543	68
chr7	76364543	82114292	67
chr7	82114292	85300046	69
chr7	85300046	85640285	69
chr7	85640285	89457786	69
chr7	89457786	98987052	67
chr7	98987052	101547547	70
chr7	101547547	101549306	62
chr7	101549306	102513114	70
chr7	102513114	102695495	70
chr7	102695495	102935874	70
chr7	102935874	103514458	70
chr7	103514458	103570529	72
chr7	103570529	106011437	72
chr7	106011437	110007393	74
chr7	110007393	110129467	64
chr7	110129467	110298431	74
chr7	110298431	110402498	53
chr7	110402498	115935038	51
chr7	115935038	116171169	51
chr7	116171169	116290500	51
chr7	116290500	116434961	51
chr7	116434961	116896700	51
chr7	116896700	117303797	51
chr7	117303797	117545306	51
chr7	117545306	117668086	51
chr7	117668086	117727829	51
chr7	117727829	119156646	51
chr7	119156646	119170616	51
chr7	119170616	119287801	51
chr7	119287801	119570101	51
chr7	119570101	120091495	51
chr7	120091495	120610659	51
chr7	120610659	120791168	51
chr7	120791168	121424575	51
chr7	121424575	121958663	51
chr7	121958663	122209962	51
chr7	122209962	122448559	51
chr7	122448559	122991313	51
chr7	122991313	123295162	51
chr7	123295162	123598845	51
chr7	123598845	124533952	51
chr7	124533952	124785238	51
chr7	124785238	125137013	51
chr7	125137013	125575817	51
chr7	125575817	125586497	51
chr7	125586497	125799990	51
chr7	125799990	126172661	51
chr7	126172661	126586780	51
chr7	126586780	127366880	51
chr7	127366880	133781915	90
chr7	133781915	133807518	70
chr7	133807518	138442068	79
chr7	138442068	138912582	80
chr7	138912582	142475488	79
chr7	142475488	142486230	79
chr7	142486230	143732364	79
chr7	143732364	155997819	59
chr7	155997819	157695051	59
chr7	157695051	159138663	59
chr8	0	680442	0
chr8	680442	3179293	0
chr8	3179293	3226317	0
chr8	3226317	3554921	0
chr8	3554921	3584129	0
chr8	3584129	3894405	0
chr8	3894405	3920715	0
chr8	3920715	4004672	0
chr8	4004672	4023336	0
chr8	4023336	4046598	0
chr8	4046598	4053804	0
chr8	4053804	4190879	0
chr8	4190879	4215513	0
chr8	4215513	4254298	0
chr8	4254298	4370901	0
chr8	4370901	5194097	0
chr8	5194097	5255630	0
chr8	5255630	6129160	0
chr8	6129160	7269773	0
chr8	7269773	7818414	0
chr8	7818414	12185169	0
chr8	12185169	12241661	11
chr8	12241661	12415663	27
chr8	12415663	14803128	15
chr8	14803128	16743366	14
chr8	16743366	17392480	15
chr8	17392480	20950631	0
chr8	20950631	23549439	0
chr8	23549439	24974499	0
chr8	24974499	24987712	0
chr8	24987712	28323906	0
chr8	28323906	29489840	0
chr8	29489840	29625691	0
chr8	29625691	29989275	0
chr8	29989275	30364980	0
chr8	30364980	30968335	0
chr8	30968335	31769870	0
chr8	31769870	32563358	0
chr8	32563358	33518051	10
chr8	33518051	33605091	20
chr8	33605091	33928895	8
chr8	33928895	33960956	20
chr8	33960956	34044015	29
chr8	34044015	34065610	18
chr8	34065610	34413822	8
chr8	34413822	35370845	13
chr8	35370845	35906972	25
chr8	35906972	36024593	36
chr8	36024593	36250057	45
chr8	36250057	39233131	33
chr8	39233131	39387632	62
chr8	39387632	39389077	42
chr8	39389077	39723435	42
chr8	39723435	40035614	42
chr8	40035614	40343173	54
chr8	40343173	40433207	54
chr8	40433207	40456399	42
chr8	40456399	40663836	42
chr8	40663836	40732387	54
chr8	40732387	40883684	62
chr8	40883684	40973409	75
chr8	40973409	41376224	75
chr8	41376224	41439962	75
chr8	41439962	41480802	75
chr8	41480802	42750087	75
chr8	42750087	43625008	75
chr8	43625008	43736901	75
chr8	43736901	43778914	61
chr8	43778914	45600000	0
chr8	45600000	46924211	25
chr8	46924211	46924357	52
chr8	46924357	46936840	60
chr8	46936840	46940022	71
chr8	46940022	51468342	85
chr8	51468342	55606765	85
chr8	55606765	56335463	85
chr8	56335463	57417977	86
chr8	57417977	57813358	86
chr8	57813358	57845250	86
chr8	57845250	64044523	86
chr8	64044523	64207420	86
chr8	64207420	64407883	86
chr8	64407883	64633056	86
chr8	64633056	66027670	86
chr8	66027670	66393843	86
chr8	66393843	66608317	86
chr8	66608317	67541673	86
chr8	67541673	70628619	86
chr8	70628619	71268577	86
chr8	71268577	72806901	85
chr8	72806901	72936724	85
chr8	72936724	75372723	85
chr8	75372723	77928010	77
chr8	77928010	81790155	84
chr8	81790155	90093354	93
chr8	90093354	100585061	90
chr8	100585061	100829260	80
chr8	100829260	101068604	90
chr8	101068604	104717601	93
chr8	104717601	104829797	85
chr8	104829797	107154120	93
chr8	107154120	108807916	93
chr8	108807916	110887307	98
chr8	110887307	115634660	99
chr8	115634660	115650748	99
chr8	115650748	125978724	99
chr8	125978724	127412778	99
chr8	127412778	127942408	99
chr8	127942408	129309448	99
chr8	129309448	130720761	99
chr8	130720761	131846262	99
chr8	131846262	131945576	99
chr8	131945576	132220744	99
chr8	132220744	132343592	99
chr8	132343592	133220248	99
chr8	133220248	135194562	100
chr8	135194562	136978290	100
chr8	136978290	137025377	100
chr8	137025377	140289786	100
chr8	140289786	140436764	86
chr8	140436764	142274739	100
chr8	142274739	146364022	98
chr9	0	1265711	17
chr9	1265711	1339754	33
chr9	1339754	1529664	17
chr9	1529664	1591206	25
chr9	1591206	2892818	17
chr9	2892818	3078797	25
chr9	3078797	3124026	24
chr9	3124026	3413688	16
chr9	3413688	3593989	0
chr9	3593989	3675291	8
chr9	3675291	4050513	0
chr9	4050513	4573552	16
chr9	4573552	4774494	16
chr9	4774494	4846205	24
chr9	4846205	4945426	16
chr9	4945426	5001404	24
chr9	5001404	5038402	16
chr9	5038402	5444102	24
chr9	5444102	6334512	16
chr9	6334512	6999312	17
chr9	6999312	7095047	25
chr9	7095047	7568503	17
chr9	7568503	7710331	25
chr9	7710331	8090688	17
chr9	8090688	8233793	25
chr9	8233793	8456479	17
chr9	8456479	8625813	25
chr9	8625813	9649423	17
chr9	9649423	9889787	1
chr9	9889787	9974337	9
chr9	9974337	9994597	1
chr9	9994597	10401032	17
chr9	10401032	10523857	33
chr9	10523857	10574945	25
chr9	10574945	12054025	33
chr9	12054025	12160327	25
chr9	12160327	14559929	33
chr9	14559929	14757810	25
chr9	14757810	14758049	25
chr9	14758049	17398197	33
chr9	17398197	17605280	53
chr9	17605280	19646367	33
chr9	19646367	20666699	25
chr9	20666699	23602085	26
chr9	23602085	27295705	28
chr9	27295705	28096302	26
chr9	28096302	34337608	27
chr9	34337608	35337854	48
chr9	35337854	39253112	50
chr9	39253112	43009305	64
chr9	43009305	45736026	72
chr9	45736026	45977049	64
chr9	45977049	46906975	55
chr9	46906975	49000000	3
chr9	49000000	65630934	0
chr9	65630934	66563945	53
chr9	66563945	69808723	70
chr9	69808723	69978015	59
chr9	69978015	70899307	50
chr9	70899307	70944166	45
chr9	70944166	72185722	31
chr9	72185722	72232657	15
chr9	72232657	72923193	31
chr9	72923193	78848747	39
chr9	78848747	91734453	39
chr9	91734453	97776192	21
chr9	97776192	98228040	12
chr9	98228040	107381476	12
chr9	107381476	109412884	20
chr9	109412884	113969933	12
chr9	113969933	116340764	13
chr9	116340764	118675304	31
chr9	118675304	123684537	31
chr9	123684537	123739373	14
chr9	123739373	125068288	31
chr9	125068288	125478672	14
chr9	125478672	139055147	31
chr9	139055147	140224012	31
chr9	140224012	140371579	45
chr9	140371579	141004248	31
chr9	141004248	141213431	45
chr10	0	153897	42
chr10	153897	429978	42
chr10	429978	679124	42
chr10	679124	867281	42
chr10	867281	1170630	42
chr10	1170630	1643183	42
chr10	1643183	1754840	75
chr10	1754840	1824437	75
chr10	1824437	2579177	42
chr10	2579177	3306956	75
chr10	3306956	3710874	75
chr10	3710874	3818427	75
chr10	3818427	4032108	75
chr10	4032108	4331863	75
chr10	4331863	4441758	87
chr10	4441758	5164218	87
chr10	5164218	5384919	87
chr10	5384919	6340681	87
chr10	6340681	6430679	87
chr10	6430679	6643833	87
chr10	6643833	6916616	66
chr10	6916616	6924142	66
chr10	6924142	6948174	55
chr10	6948174	7041695	55
chr10	7041695	7157084	55
chr10	7157084	9086237	55
chr10	9086237	11120708	55
chr10	11120708	11494507	55
chr10	11494507	12017967	55
chr10	12017967	12443562	54
chr10	12443562	12601456	54
chr10	12601456	13010234	54
chr10	13010234	13080209	54
chr10	13080209	13668000	54
chr10	13668000	13706487	54
chr10	13706487	14573952	54
chr10	14573952	14680125	54
chr10	14680125	16348848	54
chr10	16348848	16389715	54
chr10	16389715	18485423	54
chr10	18485423	20022819	20
chr10	20022819	20213555	54
chr10	20213555	20352834	20
chr10	20352834	21251885	54
chr10	21251885	21296407	54
chr10	21296407	22365355	54
chr10	22365355	22392377	37
chr10	22392377	24377988	54
chr10	24377988	24516146	37
chr10	24516146	24558162	20
chr10	24558162	28631463	54
chr10	28631463	28855133	20
chr10	28855133	29535848	54
chr10	29535848	30593551	63
chr10	30593551	30689846	75
chr10	30689846	31033523	75
chr10	31033523	31125749	75
chr10	31125749	31356824	75
chr10	31356824	33312014	75
chr10	33312014	37724226	58
chr10	37724226	37932412	41
chr10	37932412	37990953	41
chr10	37990953	38598453	41
chr10	38598453	39000378	58
chr10	39000378	39050890	50
chr10	39050890	40200000	15
chr10	40200000	42433540	8
chr10	42433540	42522927	18
chr10	42522927	42668909	32
chr10	42668909	42826570	24
chr10	42826570	42853087	24
chr10	42853087	44960943	7
chr10	44960943	45093077	24
chr10	45093077	47051627	7
chr10	47051627	47067454	40
chr10	47067454	47132175	7
chr10	47132175	47477735	7
chr10	47477735	47587334	15
chr10	47587334	47608413	32
chr10	47608413	47652651	32
chr10	47652651	49384613	24
chr10	49384613	50836669	7
chr10	50836669	50983201	24
chr10	50983201	51545588	7
chr10	51545588	51638720	40
chr10	51638720	52783720	24
chr10	52783720	52792058	33
chr10	52792058	52806425	17
chr10	52806425	54117330	33
chr10	54117330	54191103	33
chr10	54191103	54427694	37
chr10	54427694	54551073	37
chr10	54551073	55353378	56
chr10	55353378	55886355	56
chr10	55886355	55971805	56
chr10	55971805	56322201	56
chr10	56322201	56429174	56
chr10	56429174	57076084	56
chr10	57076084	57223356	56
chr10	57223356	57439264	56
chr10	57439264	57979462	39
chr10	57979462	57996418	39
chr10	57996418	58504215	39
chr10	58504215	58511534	56
chr10	58511534	58644348	56
chr10	58644348	59252591	56
chr10	59252591	60437651	56
chr10	60437651	61265928	66
chr10	61265928	61560458	66
chr10	61560458	66539408	66
chr10	66539408	67255760	66
chr10	67255760	67289052	66
chr10	67289052	67307100	66
chr10	67307100	67322861	74
chr10	67322861	67343762	66
chr10	67343762	67380311	66
chr10	67380311	67773258	66
chr10	67773258	67906112	66
chr10	67906112	67929251	46
chr10	67929251	68024918	46
chr10	68024918	68789872	46
chr10	68789872	69515049	56
chr10	69515049	69805911	56
chr10	69805911	72317581	56
chr10	72317581	72779317	64
chr10	72779317	72791571	56
chr10	72791571	74720295	55
chr10	74720295	74832518	63
chr10	74832518	75057167	63
chr10	75057167	75955539	63
chr10	75955539	76088674	63
chr10	76088674	76254138	63
chr10	76254138	76380556	63
chr10	76380556	77120909	63
chr10	77120909	79191748	55
chr10	79191748	83052157	33
chr10	83052157	83152633	33
chr10	83152633	89657882	33
chr10	89657882	89726006	33
chr10	89726006	91950458	33
chr10	91950458	95790612	33
chr10	95790612	96132136	41
chr10	96132136	96424920	41
chr10	96424920	105233224	41
chr10	105233224	108180181	25
chr10	108180181	109815671	39
chr10	109815671	109820085	39
chr10	109820085	109958125	39
chr10	109958125	114912758	39
chr10	114912758	116874195	56
chr10	116874195	117378819	56
chr10	117378819	122422812	56
chr10	122422812	126663107	48
chr10	126663107	126708787	56
chr10	126708787	135534747	48
chr11	0	4967523	23
chr11	4967523	4976840	35
chr11	4976840	5783082	23
chr11	5783082	8141251	23
chr11	8141251	8181560	7
chr11	8181560	12050317	23
chr11	12050317	12166174	35
chr11	12166174	14230064	23
chr11	14230064	15980942	24
chr11	15980942	16047713	8
chr11	16047713	19654835	24
chr11	19654835	22036089	36
chr11	22036089	22232715	36
chr11	22232715	24510950	24
chr11	24510950	24518590	36
chr11	24518590	25339961	24
chr11	25339961	26680979	26
chr11	26680979	28812051	36
chr11	28812051	29124177	47
chr11	29124177	29726243	47
chr11	29726243	31267034	47
chr11	31267034	33206142	46
chr11	33206142	36430720	56
chr11	36430720	37900625	48
chr11	37900625	39513366	46
chr11	39513366	39665990	29
chr11	39665990	40642672	46
chr11	40642672	40651302	34
chr11	40651302	43886466	46
chr11	43886466	43925595	54
chr11	43925595	44025631	54
chr11	44025631	45910012	54
chr11	45910012	48381197	70
chr11	48381197	49150937	83
chr11	49150937	51183919	87
chr11	51183919	51193960	61
chr11	51193960	51441936	49
chr11	51441936	51518519	32
chr11	51518519	53700000	1
chr11	53700000	54789042	1
chr11	54789042	54794667	30
chr11	54794667	55376505	98
chr11	55376505	55457130	90
chr11	55457130	57801171	98
chr11	57801171	58086083	90
chr11	58086083	58312864	98
chr11	58312864	60572667	90
chr11	60572667	60831793	98
chr11	60831793	63122750	90
chr11	63122750	63209560	98
chr11	63209560	72353669	90
chr11	72353669	72655691	98
chr11	72655691	77725463	90
chr11	77725463	80902855	98
chr11	80902855	81201286	98
chr11	81201286	81205042	90
chr11	81205042	81420307	98
chr11	81420307	83767051	90
chr11	83767051	83952330	73
chr11	83952330	85974232	90
chr11	85974232	86198069	73
chr11	86198069	87345057	90
chr11	87345057	87489204	98
chr11	87489204	89396507	90
chr11	89396507	92951378	82
chr11	92951378	95727449	82
chr11	95727449	95805535	90
chr11	95805535	100912656	82
chr11	100912656	104451028	82
chr11	104451028	104573716	65
chr11	104573716	114703911	82
chr11	114703911	116372276	82
chr11	116372276	116854336	90
chr11	116854336	130523889	82
chr11	130523889	130650251	90
chr11	130650251	135006516	82
chr12	0	275047	98
chr12	275047	418939	98
chr12	418939	844402	98
chr12	844402	1207273	98
chr12	1207273	1486695	98
chr12	1486695	1813961	98
chr12	1813961	2055980	98
chr12	2055980	2129227	98
chr12	2129227	2462868	98
chr12	2462868	2613522	98
chr12	2613522	2831777	98
chr12	2831777	4368743	98
chr12	4368743	4395762	98
chr12	4395762	5100424	98
chr12	5100424	5197631	98
chr12	5197631	5358779	98
chr12	5358779	5538004	98
chr12	5538004	5636607	98
chr12	5636607	5710410	98
chr12	5710410	5780761	98
chr12	5780761	5825951	98
chr12	5825951	6182790	98
chr12	6182790	6239858	98
chr12	6239858	6365695	98
chr12	6365695	6521337	98
chr12	6521337	8332840	98
chr12	8332840	8557591	98
chr12	8557591	8589669	98
chr12	8589669	8594768	98
chr12	8594768	9346873	98
chr12	9346873	9530815	94
chr12	9530815	9735334	94
chr12	9735334	11159961	94
chr12	11159961	11294945	94
chr12	11294945	11787362	94
chr12	11787362	11944220	94
chr12	11944220	12084112	94
chr12	12084112	12267300	94
chr12	12267300	14561187	77
chr12	14561187	14933162	77
chr12	14933162	15174767	97
chr12	15174767	15240300	97
chr12	15240300	22132286	87
chr12	22132286	22573057	87
chr12	22573057	27463072	87
chr12	27463072	27559922	87
chr12	27559922	27643329	87
chr12	27643329	27650132	87
chr12	27650132	27815955	87
chr12	27815955	28238395	87
chr12	28238395	28535276	87
chr12	28535276	29424149	87
chr12	29424149	29579693	87
chr12	29579693	29666981	87
chr12	29666981	29771987	87
chr12	29771987	29919687	87
chr12	29919687	30236539	87
chr12	30236539	30240093	87
chr12	30240093	30258702	87
chr12	30258702	30339710	87
chr12	30339710	30469106	87
chr12	30469106	30629517	87
chr12	30629517	30753606	87
chr12	30753606	30968031	87
chr12	30968031	31636612	87
chr12	31636612	31866929	87
chr12	31866929	32297416	87
chr12	32297416	32337386	87
chr12	32337386	32530094	87
chr12	32530094	32750452	87
chr12	32750452	33118052	87
chr12	33118052	33244118	87
chr12	33244118	33353296	87
chr12	33353296	33495221	87
chr12	33495221	33702688	87
chr12	33702688	33856389	87
chr12	33856389	33932612	87
chr12	33932612	34008648	87
chr12	34008648	34461441	87
chr12	34461441	34697627	87
chr12	34697627	34756673	87
chr12	34756673	34758033	74
chr12	34758033	34758266	57
chr12	34758266	35800000	45
chr12	35800000	37857751	0
chr12	37857751	37880478	45
chr12	37880478	37959632	61
chr12	37959632	38134752	87
chr12	38134752	39045956	87
chr12	39045956	40129067	87
chr12	40129067	40255239	87
chr12	40255239	40310531	87
chr12	40310531	40352460	87
chr12	40352460	40578051	87
chr12	40578051	40974115	87
chr12	40974115	41764496	87
chr12	41764496	41993943	87
chr12	41993943	42116488	87
chr12	42116488	42118626	87
chr12	42118626	44810763	68
chr12	44810763	46079540	68
chr12	46079540	46081193	68
chr12	46081193	46673983	68
chr12	46673983	47112503	68
chr12	47112503	47548470	68
chr12	47548470	47612548	68
chr12	47612548	47688482	68
chr12	47688482	47910504	68
chr12	47910504	48086846	68
chr12	48086846	57422788	68
chr12	57422788	57504339	78
chr12	57504339	58770325	68
chr12	58770325	58873038	68
chr12	58873038	59513055	68
chr12	59513055	59916705	68
chr12	59916705	60243534	68
chr12	60243534	61115392	68
chr12	61115392	61761955	68
chr12	61761955	61894494	68
chr12	61894494	62276487	68
chr12	62276487	62279623	68
chr12	62279623	62378154	68
chr12	62378154	62436850	68
chr12	62436850	62539003	68
chr12	62539003	62669684	68
chr12	62669684	62787019	68
chr12	62787019	63011773	68
chr12	63011773	63185953	68
chr12	63185953	63611063	68
chr12	63611063	63705108	68
chr12	63705108	63790198	68
chr12	63790198	64403321	68
chr12	64403321	64972284	68
chr12	64972284	65119516	68
chr12	65119516	65235814	68
chr12	65235814	65326883	68
chr12	65326883	65378107	68
chr12	65378107	65593069	68
chr12	65593069	65679393	68
chr12	65679393	65848342	68
chr12	65848342	66176963	68
chr12	66176963	66294884	68
chr12	66294884	67136971	68
chr12	67136971	67288789	68
chr12	67288789	67370886	68
chr12	67370886	67472181	68
chr12	67472181	67877761	68
chr12	67877761	68054050	68
chr12	68054050	68196838	68
chr12	68196838	68333722	68
chr12	68333722	68557087	68
chr12	68557087	68796774	68
chr12	68796774	69346396	68
chr12	69346396	69579714	68
chr12	69579714	69715961	68
chr12	69715961	70056514	68
chr12	70056514	70506001	68
chr12	70506001	70601304	68
chr12	70601304	70734537	68
chr12	70734537	70934166	68
chr12	70934166	71037378	68
chr12	71037378	82772440	68
chr12	82772440	82968137	60
chr12	82968137	85819232	48
chr12	85819232	86115606	56
chr12	86115606	86172883	48
chr12	86172883	101505996	48
chr12	101505996	117652744	56
chr12	117652744	117726085	56
chr12	117726085	128858058	56
chr12	128858058	128922570	44
chr12	128922570	129132098	45
chr12	129132098	133851895	65
chr13	0	17900000	0
chr13	17900000	19123483	0
chr13	19123483	19266447	16
chr13	19266447	20348133	20
chr13	20348133	21720797	9
chr13	21720797	22579377	0
chr13	22579377	22651586	0
chr13	22651586	23168301	0
chr13	23168301	23762063	1
chr13	23762063	26401917	0
chr13	26401917	27067080	0
chr13	27067080	32248480	0
chr13	32248480	32656561	11
chr13	32656561	33484983	12
chr13	33484983	36342654	10
chr13	36342654	36458692	0
chr13	36458692	40688213	10
chr13	40688213	41973384	0
chr13	41973384	42048050	5
chr13	42048050	42193732	0
chr13	42193732	43753586	5
chr13	43753586	44249974	17
chr13	44249974	44568443	5
chr13	44568443	44712470	17
chr13	44712470	45309841	5
chr13	45309841	47014621	0
chr13	47014621	49022535	0
chr13	49022535	53214786	0
chr13	53214786	56004650	0
chr13	56004650	59538517	0
chr13	59538517	62434874	8
chr13	62434874	63100976	8
chr13	63100976	69161092	0
chr13	69161092	71888711	2
chr13	71888711	71997819	10
chr13	71997819	73850175	2
chr13	73850175	74313282	18
chr13	74313282	74386891	26
chr13	74386891	76124908	18
chr13	76124908	78288944	26
chr13	78288944	78604732	18
chr13	78604732	78660180	2
chr13	78660180	80331924	18
chr13	80331924	87512374	17
chr13	87512374	88164571	39
chr13	88164571	90770998	42
chr13	90770998	93512783	58
chr13	93512783	102552953	66
chr13	102552953	103065381	66
chr13	103065381	103162934	66
chr13	103162934	103699297	66
chr13	103699297	103745553	66
chr13	103745553	103791917	66
chr13	103791917	103943202	66
chr13	103943202	105452731	66
chr13	105452731	105514997	66
chr13	105514997	108132532	66
chr13	108132532	108158662	66
chr13	108158662	110264168	66
chr13	110264168	110337827	66
chr13	110337827	110469651	66
chr13	110469651	110542888	66
chr13	110542888	111062553	66
chr13	111062553	111382161	66
chr13	111382161	114776272	46
chr13	114776272	115169878	13
chr14	0	17600000	0
chr14	17600000	19108176	4
chr14	19108176	20600311	78
chr14	20600311	22828172	77
chr14	22828172	23701149	69
chr14	23701149	26200047	51
chr14	26200047	30251057	53
chr14	30251057	31382195	53
chr14	31382195	34736324	53
chr14	34736324	36632564	61
chr14	36632564	36796376	44
chr14	36796376	40170222	61
chr14	40170222	42268927	59
chr14	42268927	42421779	26
chr14	42421779	51655044	59
chr14	51655044	51753421	43
chr14	51753421	52653100	59
chr14	52653100	55348235	61
chr14	55348235	55382291	47
chr14	55382291	57160836	44
chr14	57160836	57786311	36
chr14	57786311	59236262	50
chr14	59236262	60752391	49
chr14	60752391	60871674	57
chr14	60871674	62406761	49
chr14	62406761	68886129	41
chr14	68886129	68915435	49
chr14	68915435	69038380	32
chr14	69038380	69205044	49
chr14	69205044	69811759	41
chr14	69811759	69863959	49
chr14	69863959	70173789	41
chr14	70173789	70236368	57
chr14	70236368	70287519	41
chr14	70287519	70383228	24
chr14	70383228	72050462	41
chr14	72050462	77426632	49
chr14	77426632	77626428	57
chr14	77626428	79633583	49
chr14	79633583	81881654	56
chr14	81881654	86482178	64
chr14	86482178	86603121	47
chr14	86603121	94942328	64
chr14	94942328	94983348	47
chr14	94983348	103375152	64
chr14	103375152	103469657	47
chr14	103469657	103874697	64
chr14	103874697	104556454	47
chr14	104556454	105570768	64
chr14	105570768	105934714	64
chr14	105934714	106524803	64
chr14	106524803	106536679	62
chr14	106536679	106568282	62
chr14	106568282	107349540	62
chr15	0	19000000	0
chr15	19000000	20071673	4
chr15	20071673	20101641	40
chr15	20101641	20265132	54
chr15	20265132	20817522	44
chr15	20817522	21095458	39
chr15	21095458	22156594	62
chr15	22156594	22292126	40
chr15	22292126	22321146	50
chr15	22321146	23226361	53
chr15	23226361	24516602	71
chr15	24516602	24651038	67
chr15	24651038	24717179	58
chr15	24717179	25551437	67
chr15	25551437	26103608	46
chr15	26103608	32429779	46
chr15	32429779	32619833	29
chr15	32619833	34460808	46
chr15	34460808	34719879	53
chr15	34719879	34876130	39
chr15	34876130	39834211	53
chr15	39834211	39918543	37
chr15	39918543	40173999	53
chr15	40173999	41669742	45
chr15	41669742	44814471	44
chr15	44814471	44947813	11
chr15	44947813	45279197	44
chr15	45279197	46801193	36
chr15	46801193	47023436	27
chr15	47023436	47041140	23
chr15	47041140	49034844	33
chr15	49034844	51439630	49
chr15	51439630	53241025	71
chr15	53241025	53247053	55
chr15	53247053	53422905	39
chr15	53422905	53601540	55
chr15	53601540	54591635	71
chr15	54591635	55521655	73
chr15	55521655	56383366	59
chr15	56383366	62429098	51
chr15	62429098	62434154	34
chr15	62434154	63312175	51
chr15	63312175	63444041	59
chr15	63444041	67535628	51
chr15	67535628	67792504	34
chr15	67792504	69199766	51
chr15	69199766	69288563	34
chr15	69288563	70959565	51
chr15	70959565	72495934	34
chr15	72495934	73357636	51
chr15	73357636	73768472	50
chr15	73768472	75427239	32
chr15	75427239	76945004	40
chr15	76945004	77514621	32
chr15	77514621	79891023	51
chr15	79891023	79967030	35
chr15	79967030	80298262	51
chr15	80298262	83313327	65
chr15	83313327	84197723	67
chr15	84197723	84408552	51
chr15	84408552	86703599	67
chr15	86703599	92051342	64
chr15	92051342	92255559	47
chr15	92255559	97341999	64
chr15	97341999	100371638	68
chr15	100371638	100438718	40
chr15	100438718	100735935	68
chr15	100735935	101057527	54
chr15	101057527	101779175	68
chr15	101779175	102531392	76
chr16	0	2146211	40
chr16	2146211	2930605	30
chr16	2930605	3882986	18
chr16	3882986	10303152	28
chr16	10303152	10750670	51
chr16	10750670	16291900	53
chr16	16291900	16610388	36
chr16	16610388	16734927	36
chr16	16734927	17234816	36
chr16	17234816	18606531	20
chr16	18606531	19129582	20
chr16	19129582	19835263	8
chr16	19835263	19937792	0
chr16	19937792	19971057	0
chr16	19971057	20947999	0
chr16	20947999	21095757	8
chr16	21095757	21734800	0
chr16	21734800	29580329	17
chr16	29580329	30631421	26
chr16	30631421	31265232	17
chr16	31265232	31790526	28
chr16	31790526	35046160	36
chr16	35046160	35183806	36
chr16	35183806	36600000	0
chr16	36600000	46491374	0
chr16	46491374	49425967	48
chr16	49425967	51215359	48
chr16	51215359	51236952	32
chr16	51236952	51511358	48
chr16	51511358	52445207	40
chr16	52445207	52552485	23
chr16	52552485	53532752	40
chr16	53532752	56039894	30
chr16	56039894	56163273	14
chr16	56163273	56397459	30
chr16	56397459	57058339	26
chr16	57058339	57183494	27
chr16	57183494	57636256	15
chr16	57636256	58100606	27
chr16	58100606	60148589	23
chr16	60148589	60621186	6
chr16	60621186	62777209	23
chr16	62777209	63024323	6
chr16	63024323	63717762	23
chr16	63717762	64614138	6
chr16	64614138	66808941	23
chr16	66808941	69596627	11
chr16	69596627	69734572	3
chr16	69734572	70840723	11
chr16	70840723	70848239	29
chr16	70848239	70855347	37
chr16	70855347	71184109	65
chr16	71184109	71201787	57
chr16	71201787	71202637	24
chr16	71202637	71203996	8
chr16	71203996	71205551	0
chr16	71205551	71209063	0
chr16	71209063	72548377	0
chr16	72548377	73740360	0
chr16	73740360	75279878	2
chr16	75279878	75578064	0
chr16	75578064	77786096	2
chr16	77786096	80226743	0
chr16	80226743	82945964	2
chr16	82945964	83119602	0
chr16	83119602	83368051	2
chr16	83368051	83654881	0
chr16	83654881	89366137	2
chr16	89366137	89529148	0
chr16	89529148	90354753	13
chr17	0	469660	60
chr17	469660	483138	41
chr17	483138	861329	60
chr17	861329	1473767	60
chr17	1473767	1725188	41
chr17	1725188	2367081	29
chr17	2367081	5435755	41
chr17	5435755	6183435	50
chr17	6183435	7691307	60
chr17	7691307	7789324	60
chr17	7789324	7910401	60
chr17	7910401	8040336	60
chr17	8040336	8675508	58
chr17	8675508	9156195	58
chr17	9156195	9992322	46
chr17	9992322	14192724	27
chr17	14192724	14342584	27
chr17	14342584	18360318	27
chr17	18360318	18464904	15
chr17	18464904	19350154	27
chr17	19350154	21397784	11
chr17	21397784	21978184	21
chr17	21978184	22062395	21
chr17	22062395	22217883	12
chr17	22217883	24000000	0
chr17	24000000	25311244	0
chr17	25311244	25363386	28
chr17	25363386	25470867	33
chr17	25470867	25850683	33
chr17	25850683	26703737	32
chr17	26703737	27593463	12
chr17	27593463	29281748	2
chr17	29281748	29434756	0
chr17	29434756	31099374	2
chr17	31099374	31196977	2
chr17	31196977	31488698	2
chr17	31488698	31970638	2
chr17	31970638	33031371	2
chr17	33031371	34912006	2
chr17	34912006	37361135	2
chr17	37361135	37547975	25
chr17	37547975	37627261	25
chr17	37627261	37722157	25
chr17	37722157	37804840	34
chr17	37804840	39410689	35
chr17	39410689	39423020	40
chr17	39423020	39431628	28
chr17	39431628	39432782	29
chr17	39432782	39432998	40
chr17	39432998	41534161	37
chr17	41534161	42570327	47
chr17	42570327	42746177	55
chr17	42746177	43580338	47
chr17	43580338	43659928	26
chr17	43659928	43690936	27
chr17	43690936	44164457	47
chr17	44164457	44346447	37
chr17	44346447	44379313	47
chr17	44379313	45661626	48
chr17	45661626	46018143	49
chr17	46018143	48872881	64
chr17	48872881	49243513	72
chr17	49243513	60889237	64
chr17	60889237	61533386	47
chr17	61533386	63072114	64
chr17	63072114	64888304	75
chr17	64888304	64889366	61
chr17	64889366	70937716	75
chr17	70937716	71022265	83
chr17	71022265	71744878	75
chr17	71744878	71756214	42
chr17	71756214	80489307	75
chr17	80489307	80559739	64
chr17	80559739	80813319	75
chr17	80813319	81195210	52
chr18	0	1099898	76
chr18	1099898	1260476	76
chr18	1260476	2321484	76
chr18	2321484	2527138	76
chr18	2527138	8450663	76
chr18	8450663	14944897	78
chr18	14944897	15143714	78
chr18	15143714	15195264	78
chr18	15195264	15307817	78
chr18	15307817	17200000	28
chr18	17200000	18560354	12
chr18	18560354	18715334	62
chr18	18715334	18946505	72
chr18	18946505	19304875	72
chr18	19304875	19440031	62
chr18	19440031	19940645	82
chr18	19940645	20020420	72
chr18	20020420	21150928	61
chr18	21150928	21418106	61
chr18	21418106	21667758	61
chr18	21667758	21707575	61
chr18	21707575	21751481	80
chr18	21751481	21878537	80
chr18	21878537	22898288	79
chr18	22898288	24130903	79
chr18	24130903	25139588	71
chr18	25139588	25380441	62
chr18	25380441	25592147	45
chr18	25592147	27692213	35
chr18	27692213	28037727	55
chr18	28037727	30036223	56
chr18	30036223	32905862	54
chr18	32905862	33155608	62
chr18	33155608	33474744	54
chr18	33474744	34225806	35
chr18	34225806	34749914	16
chr18	34749914	34989861	24
chr18	34989861	35092168	16
chr18	35092168	36332684	16
chr18	36332684	37633620	0
chr18	37633620	38176298	7
chr18	38176298	38258089	0
chr18	38258089	38259574	12
chr18	38259574	38289416	20
chr18	38289416	39115119	12
chr18	39115119	39530517	22
chr18	39530517	42105622	12
chr18	42105622	45393389	8
chr18	45393389	45461810	6
chr18	45461810	46012407	0
chr18	46012407	46017080	0
chr18	46017080	50469024	0
chr18	50469024	53366754	0
chr18	53366754	54588813	0
chr18	54588813	54621305	0
chr18	54621305	62027002	0
chr18	62027002	62320488	0
chr18	62320488	64086964	0
chr18	64086964	64936904	0
chr18	64936904	64966426	0
chr18	64966426	67762969	0
chr18	67762969	72934490	0
chr18	72934490	75868012	0
chr18	75868012	75914822	0
chr18	75914822	76056093	0
chr18	76056093	77935398	8
chr18	77935398	78077248	0
chr19	0	5689936	10
chr19	5689936	7431249	27
chr19	7431249	7534872	32
chr19	7534872	8365055	41
chr19	8365055	9372815	61
chr19	9372815	9538539	61
chr19	9538539	9563394	61
chr19	9563394	10619429	69
chr19	10619429	11129090	69
chr19	11129090	11228318	70
chr19	11228318	11301977	70
chr19	11301977	11652329	70
chr19	11652329	12359484	70
chr19	12359484	12407976	70
chr19	12407976	12584274	70
chr19	12584274	14231148	70
chr19	14231148	14926554	70
chr19	14926554	15824500	70
chr19	15824500	16290855	68
chr19	16290855	16563144	68
chr19	16563144	17032804	68
chr19	17032804	17043117	68
chr19	17043117	17162206	68
chr19	17162206	17249269	68
chr19	17249269	17257162	52
chr19	17257162	17748546	68
chr19	17748546	18704273	68
chr19	18704273	18864240	68
chr19	18864240	20037564	68
chr19	20037564	20308616	68
chr19	20308616	20325330	68
chr19	20325330	20347306	52
chr19	20347306	20468482	54
chr19	20468482	20826834	70
chr19	20826834	21173339	54
chr19	21173339	21247056	55
chr19	21247056	22062345	51
chr19	22062345	22789793	68
chr19	22789793	22896194	68
chr19	22896194	24521623	68
chr19	24521623	26500000	8
chr19	26500000	27828664	10
chr19	27828664	27838898	24
chr19	27838898	28195024	70
chr19	28195024	28374197	70
chr19	28374197	28480014	70
chr19	28480014	28663612	70
chr19	28663612	29214805	54
chr19	29214805	29842823	54
chr19	29842823	31028724	54
chr19	31028724	32060197	54
chr19	32060197	32230505	37
chr19	32230505	32358808	37
chr19	32358808	32508327	54
chr19	32508327	32970842	34
chr19	32970842	33485483	56
chr19	33485483	33567576	56
chr19	33567576	33839762	44
chr19	33839762	34705453	61
chr19	34705453	35099808	80
chr19	35099808	35139422	61
chr19	35139422	35435612	73
chr19	35435612	36096098	92
chr19	36096098	36615818	73
chr19	36615818	37241338	82
chr19	37241338	37274608	82
chr19	37274608	37353477	71
chr19	37353477	37679484	61
chr19	37679484	37815600	71
chr19	37815600	37976697	82
chr19	37976697	38081411	73
chr19	38081411	38317281	73
chr19	38317281	38323140	82
chr19	38323140	38390975	82
chr19	38390975	38400423	82
chr19	38400423	38541691	66
chr19	38541691	40578434	82
chr19	40578434	40873388	82
chr19	40873388	41277115	71
chr19	41277115	41839701	45
chr19	41839701	42374031	28
chr19	42374031	43289527	40
chr19	43289527	45609490	39
chr19	45609490	45645724	39
chr19	45645724	47381187	28
chr19	47381187	47468672	20
chr19	47468672	48464495	25
chr19	48464495	48565562	34
chr19	48565562	49079096	42
chr19	49079096	50848857	34
chr19	50848857	52137083	51
chr19	52137083	52151557	32
chr19	52151557	52252016	51
chr19	52252016	52587143	34
chr19	52587143	53030016	51
chr19	53030016	55397683	34
chr19	55397683	55509782	42
chr19	55509782	56497584	34
chr19	56497584	56552083	18
chr19	56552083	56701281	34
chr19	56701281	58485284	18
chr19	58485284	58557933	51
chr19	58557933	58636502	32
chr19	58636502	59128983	51
chr20	0	822853	59
chr20	822853	935194	59
chr20	935194	1135832	59
chr20	1135832	1557228	59
chr20	1557228	1560674	59
chr20	1560674	1587677	67
chr20	1587677	1598221	67
chr20	1598221	2188026	59
chr20	2188026	2396902	59
chr20	2396902	3572798	59
chr20	3572798	3612025	59
chr20	3612025	3795064	59
chr20	3795064	3843819	59
chr20	3843819	5917070	59
chr20	5917070	5969479	59
chr20	5969479	7640877	59
chr20	7640877	7681600	59
chr20	7681600	8386370	59
chr20	8386370	8440396	67
chr20	8440396	8517922	67
chr20	8517922	9105928	67
chr20	9105928	9162652	67
chr20	9162652	9912218	67
chr20	9912218	10064534	67
chr20	10064534	11073946	67
chr20	11073946	11428730	67
chr20	11428730	14454325	67
chr20	14454325	14549226	67
chr20	14549226	15237131	67
chr20	15237131	15351765	67
chr20	15351765	15873189	67
chr20	15873189	15957261	67
chr20	15957261	16964809	67
chr20	16964809	17026267	67
chr20	17026267	17075789	67
chr20	17075789	17139117	67
chr20	17139117	17343615	67
chr20	17343615	17368461	67
chr20	17368461	18683929	67
chr20	18683929	18710352	67
chr20	18710352	18768900	67
chr20	18768900	18976324	67
chr20	18976324	19210122	67
chr20	19210122	19354641	67
chr20	19354641	19505632	67
chr20	19505632	19571046	67
chr20	19571046	22068367	67
chr20	22068367	22156426	67
chr20	22156426	22167481	75
chr20	22167481	22656862	75
chr20	22656862	22825618	75
chr20	22825618	22988951	75
chr20	22988951	23814025	75
chr20	23814025	23867861	75
chr20	23867861	25046292	75
chr20	25046292	26210632	75
chr20	26210632	26222699	66
chr20	26222699	26253682	52
chr20	26253682	26266313	40
chr20	26266313	26289925	32
chr20	26289925	27500000	15
chr20	27500000	29471217	0
chr20	29471217	29471235	35
chr20	29471235	29529915	45
chr20	29529915	30096644	59
chr20	30096644	31459628	59
chr20	31459628	31622660	59
chr20	31622660	31739142	59
chr20	31739142	31958081	59
chr20	31958081	32485111	59
chr20	32485111	35023735	98
chr20	35023735	37541422	98
chr20	37541422	37618815	98
chr20	37618815	49012022	98
chr20	49012022	49150929	98
chr20	49150929	51007473	98
chr20	51007473	51190846	98
chr20	51190846	51264877	98
chr20	51264877	51317137	98
chr20	51317137	57254416	98
chr20	57254416	57634301	98
chr20	57634301	63025520	98
chr21	0	9764385	2
chr21	9764385	11018120	52
chr21	11018120	11039570	27
chr21	11039570	11083847	18
chr21	11083847	13200000	2
chr21	13200000	14446700	6
chr21	14446700	14566587	76
chr21	14566587	14582405	86
chr21	14582405	15679443	84
chr21	15679443	18769539	65
chr21	18769539	20384431	63
chr21	20384431	26035969	52
chr21	26035969	29612849	63
chr21	29612849	31217389	55
chr21	31217389	33556034	58
chr21	33556034	36579803	61
chr21	36579803	37471743	58
chr21	37471743	48129895	62
chr22	0	14700000	0
chr22	14700000	16058758	0
chr22	16058758	16151161	0
chr22	16151161	16252327	41
chr22	16252327	16634441	41
chr22	16634441	16646114	24
chr22	16646114	18613967	12
chr22	18613967	18631528	0
chr22	18631528	18885883	10
chr22	18885883	21129382	22
chr22	21129382	21172159	14
chr22	21172159	21460465	22
chr22	21460465	21461405	5
chr22	21461405	21840523	0
chr22	21840523	22154214	10
chr22	22154214	23091939	9
chr22	23091939	24337628	21
chr22	24337628	24342599	4
chr22	24342599	24399172	0
chr22	24399172	24402452	10
chr22	24402452	24402599	3
chr22	24402599	25649730	20
chr22	25649730	25748756	3
chr22	25748756	25925132	0
chr22	25925132	28638054	8
chr22	28638054	28644750	9
chr22	28644750	28784002	0
chr22	28784002	29077320	9
chr22	29077320	31236881	10
chr22	31236881	31700640	2
chr22	31700640	32401954	0
chr22	32401954	37999038	12
chr22	37999038	39805541	31
chr22	39805541	40439090	11
chr22	40439090	41530061	0
chr22	41530061	41744587	0
chr22	41744587	42561538	0
chr22	42561538	45210189	0
chr22	45210189	46488059	0
chr22	46488059	46628097	0
chr22	46628097	47784280	0
chr22	47784280	47943645	0
chr22	47943645	48526833	0
chr22	48526833	48611899	0
chr22	48611899	51304566	0
chrX	0	870650	0
chrX	870650	892488	0
chrX	892488	1612530	0
chrX	1612530	1837799	0
chrX	1837799	3364931	0
chrX	3364931	6455386	0
chrX	6455386	8264534	0
chrX	8264534	8313345	0
chrX	8313345	9410946	0
chrX	9410946	10452805	0
chrX	10452805	11991857	0
chrX	11991857	25233759	0
chrX	25233759	25389986	0
chrX	25389986	26010015	0
chrX	26010015	27239895	0
chrX	27239895	32011800	0
chrX	32011800	32799132	0
chrX	32799132	32814495	0
chrX	32814495	33003497	0
chrX	33003497	33087411	0
chrX	33087411	34007906	0
chrX	34007906	36386784	0
chrX	36386784	41286891	0
chrX	41286891	41395721	0
chrX	41395721	42302391	0
chrX	42302391	44401193	0
chrX	44401193	45565996	0
chrX	45565996	46379786	0
chrX	46379786	48514073	0
chrX	48514073	48737064	0
chrX	48737064	49432217	0
chrX	49432217	50825614	0
chrX	50825614	51251839	0
chrX	51251839	53788459	0
chrX	53788459	54014040	0
chrX	54014040	55127871	0
chrX	55127871	55929147	0
chrX	55929147	56980919	0
chrX	56980919	58227092	0
chrX	58227092	58344892	0
chrX	58344892	58366170	9
chrX	58366170	58480569	37
chrX	58480569	59118992	29
chrX	59118992	59298906	39
chrX	59298906	59336852	13
chrX	59336852	60600000	0
chrX	60600000	61818199	0
chrX	61818199	62269023	0
chrX	62269023	65262175	0
chrX	65262175	66398629	0
chrX	66398629	66516961	0
chrX	66516961	70325463	0
chrX	70325463	71117023	0
chrX	71117023	73185515	0
chrX	73185515	74749775	0
chrX	74749775	76474790	0
chrX	76474790	79547283	0
chrX	79547283	79905446	0
chrX	79905446	80725052	0
chrX	80725052	80936716	0
chrX	80936716	98288661	0
chrX	98288661	98495659	0
chrX	98495659	101204182	0
chrX	101204182	101335322	0
chrX	101335322	102295558	0
chrX	102295558	102393190	0
chrX	102393190	103255888	0
chrX	103255888	103316430	0
chrX	103316430	109049476	0
chrX	109049476	109261398	0
chrX	109261398	109363204	0
chrX	109363204	110033009	0
chrX	110033009	115307167	0
chrX	115307167	115661326	0
chrX	115661326	118882999	0
chrX	118882999	119569619	0
chrX	119569619	119885309	0
chrX	119885309	124992438	0
chrX	124992438	125289779	0
chrX	125289779	125606313	0
chrX	125606313	125673405	0
chrX	125673405	125751379	0
chrX	125751379	127145780	0
chrX	127145780	127372277	0
chrX	127372277	127690000	0
chrX	127690000	128634652	0
chrX	128634652	128973683	0
chrX	128973683	129110774	0
chrX	129110774	129747769	0
chrX	129747769	134840824	0
chrX	134840824	134887205	0
chrX	134887205	134895017	0
chrX	134895017	135862842	0
chrX	135862842	136957131	0
chrX	136957131	138868571	0
chrX	138868571	139598460	0
chrX	139598460	139621328	0
chrX	139621328	143181293	0
chrX	143181293	143273300	2
chrX	143273300	143656715	0
chrX	143656715	144129747	0
chrX	144129747	144151250	0
chrX	144151250	151031147	0
chrX	151031147	153576814	8
chrX	153576814	155270560	8
chrY	0	12500000	0
chrY	12500000	59373566	0