Chromosome Region	Start	End	loss
chr1	0	566105	0
chr1	566105	734739	0
chr1	734739	811403	0
chr1	811403	1890419	0
chr1	1890419	8066167	0
chr1	8066167	9327442	0
chr1	9327442	14482687	0
chr1	14482687	16755866	0
chr1	16755866	16814464	0
chr1	16814464	16848768	0
chr1	16848768	16870321	0
chr1	16870321	17016876	0
chr1	17016876	17082652	0
chr1	17082652	17152358	0
chr1	17152358	17236245	0
chr1	17236245	17917506	0
chr1	17917506	18061479	0
chr1	18061479	18171586	0
chr1	18171586	18421558	0
chr1	18421558	18654589	0
chr1	18654589	20185948	0
chr1	20185948	21307389	0
chr1	21307389	23215310	0
chr1	23215310	24755956	0
chr1	24755956	26132903	0
chr1	26132903	26157839	0
chr1	26157839	26253274	0
chr1	26253274	26934019	0
chr1	26934019	27880007	0
chr1	27880007	28629153	0
chr1	28629153	28880951	0
chr1	28880951	29007705	0
chr1	29007705	29447743	0
chr1	29447743	30590363	0
chr1	30590363	30711544	0
chr1	30711544	30720535	0
chr1	30720535	31983047	0
chr1	31983047	32175163	0
chr1	32175163	33244047	0
chr1	33244047	34001386	0
chr1	34001386	35051963	0
chr1	35051963	35087951	0
chr1	35087951	35109386	0
chr1	35109386	35133004	0
chr1	35133004	36313237	0
chr1	36313237	36679946	0
chr1	36679946	37197385	0
chr1	37197385	37324799	0
chr1	37324799	42563757	0
chr1	42563757	45080613	0
chr1	45080613	50290156	0
chr1	50290156	54794374	0
chr1	54794374	55772823	0
chr1	55772823	59105706	0
chr1	59105706	60544184	0
chr1	60544184	72208306	0
chr1	72208306	72753227	0
chr1	72753227	72765894	0
chr1	72765894	72768926	0
chr1	72768926	72811532	0
chr1	72811532	72892440	0
chr1	72892440	73497010	0
chr1	73497010	74536605	0
chr1	74536605	74540304	0
chr1	74540304	75387692	0
chr1	75387692	77593002	0
chr1	77593002	80559482	0
chr1	80559482	85227871	0
chr1	85227871	86636982	0
chr1	86636982	94134852	0
chr1	94134852	94483541	0
chr1	94483541	109888745	0
chr1	109888745	110225035	0
chr1	110225035	110251470	0
chr1	110251470	110768986	0
chr1	110768986	111620285	0
chr1	111620285	112329908	0
chr1	112329908	112693006	0
chr1	112693006	112706196	0
chr1	112706196	112839921	0
chr1	112839921	114930771	0
chr1	114930771	114959714	0
chr1	114959714	118013274	0
chr1	118013274	120523828	0
chr1	120523828	120551476	0
chr1	120551476	120621451	0
chr1	120621451	120685338	0
chr1	120685338	121185034	0
chr1	121185034	121230790	0
chr1	121230790	121291080	0
chr1	121291080	125000000	0
chr1	125000000	143458436	0
chr1	143458436	148648869	0
chr1	148648869	149425912	0
chr1	149425912	149692722	0
chr1	149692722	151529156	0
chr1	151529156	152555617	0
chr1	152555617	152586585	0
chr1	152586585	152761982	0
chr1	152761982	152768465	0
chr1	152768465	154924828	0
chr1	154924828	155194365	0
chr1	155194365	155247949	0
chr1	155247949	155567329	0
chr1	155567329	155665165	0
chr1	155665165	157891045	0
chr1	157891045	160278300	0
chr1	160278300	176153843	0
chr1	176153843	180514472	0
chr1	180514472	180619295	0
chr1	180619295	183237145	0
chr1	183237145	183523095	0
chr1	183523095	196698279	0
chr1	196698279	196705860	0
chr1	196705860	196816261	0
chr1	196816261	196828843	0
chr1	196828843	196843835	0
chr1	196843835	208941208	0
chr1	208941208	211939113	0
chr1	211939113	212830606	0
chr1	212830606	214291423	0
chr1	214291423	217754871	0
chr1	217754871	219885140	0
chr1	219885140	219930397	0
chr1	219930397	232948623	0
chr1	232948623	247534274	0
chr1	247534274	247787459	0
chr1	247787459	247864435	0
chr1	247864435	249250621	0
chr2	0	224331	0
chr2	224331	342200	0
chr2	342200	2469416	0
chr2	2469416	4216461	0
chr2	4216461	4219941	0
chr2	4219941	4515603	0
chr2	4515603	6420338	0
chr2	6420338	9877183	0
chr2	9877183	14702922	0
chr2	14702922	23974161	0
chr2	23974161	25502741	0
chr2	25502741	26916131	0
chr2	26916131	29365571	0
chr2	29365571	34695192	0
chr2	34695192	35972005	0
chr2	35972005	35992716	0
chr2	35992716	41809180	0
chr2	41809180	43383294	0
chr2	43383294	45820839	0
chr2	45820839	45907574	0
chr2	45907574	52747747	0
chr2	52747747	54249116	0
chr2	54249116	61661516	0
chr2	61661516	61752602	0
chr2	61752602	67164049	0
chr2	67164049	68351869	0
chr2	68351869	70362959	0
chr2	70362959	77088778	0
chr2	77088778	80280695	0
chr2	80280695	87413976	0
chr2	87413976	87555780	0
chr2	87555780	90082301	0
chr2	90082301	90301276	0
chr2	90301276	91627978	0
chr2	91627978	91794849	0
chr2	91794849	92285930	0
chr2	92285930	93300000	0
chr2	93300000	95341388	0
chr2	95341388	95421697	0
chr2	95421697	95439958	0
chr2	95439958	96656411	0
chr2	96656411	97903520	0
chr2	97903520	98524556	0
chr2	98524556	98675483	0
chr2	98675483	98879626	0
chr2	98879626	101162043	0
chr2	101162043	104028502	0
chr2	104028502	104262587	0
chr2	104262587	106880404	0
chr2	106880404	106886312	0
chr2	106886312	109202757	0
chr2	109202757	109357887	0
chr2	109357887	109604227	0
chr2	109604227	110012398	0
chr2	110012398	111403986	0
chr2	111403986	111613220	0
chr2	111613220	111660454	0
chr2	111660454	111885594	0
chr2	111885594	112372597	0
chr2	112372597	112423341	0
chr2	112423341	112615695	0
chr2	112615695	112882741	0
chr2	112882741	113314191	0
chr2	113314191	113319062	0
chr2	113319062	113461268	0
chr2	113461268	113488995	0
chr2	113488995	113546791	0
chr2	113546791	113636636	0
chr2	113636636	113871943	0
chr2	113871943	114429392	0
chr2	114429392	114502515	0
chr2	114502515	115119952	0
chr2	115119952	117347511	0
chr2	117347511	117820835	0
chr2	117820835	119398482	0
chr2	119398482	127019032	0
chr2	127019032	135204020	0
chr2	135204020	135907759	0
chr2	135907759	140122834	0
chr2	140122834	146879621	0
chr2	146879621	148839600	0
chr2	148839600	149014382	0
chr2	149014382	150468518	0
chr2	150468518	168826452	0
chr2	168826452	177020211	0
chr2	177020211	177189497	0
chr2	177189497	177696595	0
chr2	177696595	178032138	0
chr2	178032138	178455531	0
chr2	178455531	180790636	0
chr2	180790636	181212537	0
chr2	181212537	181944771	0
chr2	181944771	182624737	0
chr2	182624737	183910188	0
chr2	183910188	186458661	0
chr2	186458661	186517407	0
chr2	186517407	187629616	0
chr2	187629616	190641833	0
chr2	190641833	194236536	0
chr2	194236536	194989723	0
chr2	194989723	196179851	0
chr2	196179851	199858614	0
chr2	199858614	208431266	0
chr2	208431266	209075969	0
chr2	209075969	209418706	0
chr2	209418706	211318885	0
chr2	211318885	212988956	0
chr2	212988956	213158275	0
chr2	213158275	213219224	0
chr2	213219224	213722875	0
chr2	213722875	215716194	0
chr2	215716194	223497680	0
chr2	223497680	230762347	0
chr2	230762347	235411461	0
chr2	235411461	236119520	0
chr2	236119520	236943609	0
chr2	236943609	237490615	0
chr2	237490615	239496487	0
chr2	239496487	243199373	0
chr3	0	4662738	0
chr3	4662738	6648836	0
chr3	6648836	6660012	7
chr3	6660012	6881077	0
chr3	6881077	8479062	0
chr3	8479062	8587823	0
chr3	8587823	10243615	0
chr3	10243615	10565606	0
chr3	10565606	12356103	0
chr3	12356103	12463596	0
chr3	12463596	13529794	0
chr3	13529794	19435087	0
chr3	19435087	19846712	0
chr3	19846712	19924228	0
chr3	19924228	20031256	0
chr3	20031256	23071672	0
chr3	23071672	26148988	0
chr3	26148988	26304146	0
chr3	26304146	28684951	0
chr3	28684951	37949994	0
chr3	37949994	39197746	0
chr3	39197746	42373738	0
chr3	42373738	44728822	0
chr3	44728822	48152949	0
chr3	48152949	48168893	0
chr3	48168893	48275962	0
chr3	48275962	52152004	0
chr3	52152004	52385602	0
chr3	52385602	59104416	0
chr3	59104416	59316164	0
chr3	59316164	59598769	0
chr3	59598769	60707095	0
chr3	60707095	60726223	0
chr3	60726223	60775421	3
chr3	60775421	60836843	0
chr3	60836843	62623534	0
chr3	62623534	65187151	0
chr3	65187151	65216425	0
chr3	65216425	65873060	0
chr3	65873060	65924069	0
chr3	65924069	67492844	0
chr3	67492844	68728890	0
chr3	68728890	68748772	0
chr3	68748772	70928733	0
chr3	70928733	73023777	0
chr3	73023777	73095750	0
chr3	73095750	75411137	0
chr3	75411137	82722632	0
chr3	82722632	90145243	0
chr3	90145243	91000000	0
chr3	91000000	93543006	0
chr3	93543006	93548479	0
chr3	93548479	93588564	0
chr3	93588564	93605126	0
chr3	93605126	93787311	0
chr3	93787311	94984795	0
chr3	94984795	98008026	0
chr3	98008026	98926953	0
chr3	98926953	99385692	0
chr3	99385692	104630428	0
chr3	104630428	113388127	0
chr3	113388127	114119459	0
chr3	114119459	116070536	0
chr3	116070536	116775294	2
chr3	116775294	117194841	0
chr3	117194841	117234124	0
chr3	117234124	117565534	0
chr3	117565534	117652723	0
chr3	117652723	122476167	0
chr3	122476167	129730715	0
chr3	129730715	129742245	0
chr3	129742245	129789723	0
chr3	129789723	129806580	0
chr3	129806580	129815485	0
chr3	129815485	129916897	0
chr3	129916897	130052349	0
chr3	130052349	130134861	0
chr3	130134861	132012661	0
chr3	132012661	135699095	0
chr3	135699095	157711332	0
chr3	157711332	159275522	0
chr3	159275522	159279362	0
chr3	159279362	165230759	0
chr3	165230759	168474381	0
chr3	168474381	170071992	0
chr3	170071992	170130840	0
chr3	170130840	170195933	0
chr3	170195933	171244647	0
chr3	171244647	172282254	0
chr3	172282254	172370631	0
chr3	172370631	175686148	0
chr3	175686148	175772816	0
chr3	175772816	175805950	0
chr3	175805950	181120894	0
chr3	181120894	182304131	0
chr3	182304131	187259379	0
chr3	187259379	187446005	0
chr3	187446005	187572259	0
chr3	187572259	189926478	0
chr3	189926478	190240978	0
chr3	190240978	190746006	0
chr3	190746006	190830509	0
chr3	190830509	191867751	0
chr3	191867751	191936757	0
chr3	191936757	191947828	0
chr3	191947828	192027472	0
chr3	192027472	192296786	0
chr3	192296786	194985080	0
chr3	194985080	195251971	0
chr3	195251971	195524446	0
chr3	195524446	195793995	0
chr3	195793995	196706702	0
chr3	196706702	196973515	0
chr3	196973515	198022430	0
chr4	0	66349	34
chr4	66349	68872	17
chr4	68872	156526	0
chr4	156526	1058774	0
chr4	1058774	1388479	0
chr4	1388479	2838021	0
chr4	2838021	3011672	0
chr4	3011672	3260110	0
chr4	3260110	3510450	0
chr4	3510450	3748666	0
chr4	3748666	3899298	0
chr4	3899298	4244957	0
chr4	4244957	4786805	0
chr4	4786805	6525584	0
chr4	6525584	7067862	0
chr4	7067862	7938932	0
chr4	7938932	9854530	0
chr4	9854530	10210168	0
chr4	10210168	10212275	0
chr4	10212275	10231374	0
chr4	10231374	10391541	0
chr4	10391541	10401693	0
chr4	10401693	11896171	0
chr4	11896171	13392807	0
chr4	13392807	15593830	0
chr4	15593830	17367644	0
chr4	17367644	18928588	0
chr4	18928588	20186567	0
chr4	20186567	20457687	0
chr4	20457687	21172481	0
chr4	21172481	22394237	0
chr4	22394237	22651224	0
chr4	22651224	23348800	0
chr4	23348800	23634253	0
chr4	23634253	24558560	0
chr4	24558560	24807441	0
chr4	24807441	25730823	0
chr4	25730823	26084384	0
chr4	26084384	26418681	0
chr4	26418681	26587201	0
chr4	26587201	26888359	0
chr4	26888359	30144469	0
chr4	30144469	31459202	0
chr4	31459202	32201299	0
chr4	32201299	32539486	0
chr4	32539486	34795786	0
chr4	34795786	37509966	0
chr4	37509966	38374427	0
chr4	38374427	40767635	0
chr4	40767635	40965866	0
chr4	40965866	43297564	0
chr4	43297564	45142381	0
chr4	45142381	45304903	0
chr4	45304903	45929981	0
chr4	45929981	48006692	0
chr4	48006692	48260999	0
chr4	48260999	49309867	0
chr4	49309867	50400000	0
chr4	50400000	52696792	0
chr4	52696792	52706713	1
chr4	52706713	52762136	0
chr4	52762136	52853769	0
chr4	52853769	53060344	0
chr4	53060344	53286908	0
chr4	53286908	53778176	0
chr4	53778176	54827600	0
chr4	54827600	56616606	0
chr4	56616606	56776197	0
chr4	56776197	57383095	0
chr4	57383095	57974861	0
chr4	57974861	58138413	0
chr4	58138413	60985583	0
chr4	60985583	64693460	0
chr4	64693460	64717535	15
chr4	64717535	65249743	0
chr4	65249743	69330439	0
chr4	69330439	69373472	0
chr4	69373472	69375058	0
chr4	69375058	69487657	0
chr4	69487657	69536970	0
chr4	69536970	69538744	0
chr4	69538744	72548908	0
chr4	72548908	80475755	0
chr4	80475755	81780270	0
chr4	81780270	91919092	0
chr4	91919092	93941970	0
chr4	93941970	96922059	0
chr4	96922059	98560919	0
chr4	98560919	98705808	20
chr4	98705808	99703274	0
chr4	99703274	99719659	13
chr4	99719659	111185617	0
chr4	111185617	111289363	0
chr4	111289363	111523034	0
chr4	111523034	113968075	7
chr4	113968075	115173678	7
chr4	115173678	115179647	0
chr4	115179647	115184351	0
chr4	115184351	115189919	10
chr4	115189919	115268084	10
chr4	115268084	116158654	6
chr4	116158654	116169357	5
chr4	116169357	124908861	5
chr4	124908861	125173822	5
chr4	125173822	134796262	5
chr4	134796262	138101748	3
chr4	138101748	138182457	0
chr4	138182457	138192101	0
chr4	138192101	138196646	0
chr4	138196646	143536021	4
chr4	143536021	144707996	3
chr4	144707996	146930519	6
chr4	146930519	148835646	7
chr4	148835646	150392133	9
chr4	150392133	150484311	31
chr4	150484311	152799628	9
chr4	152799628	152859487	0
chr4	152859487	153769507	31
chr4	153769507	154549642	31
chr4	154549642	157246996	31
chr4	157246996	174656977	44
chr4	174656977	182232103	50
chr4	182232103	182333567	64
chr4	182333567	184057870	50
chr4	184057870	191154276	45
chr5	0	2340001	0
chr5	2340001	2377894	0
chr5	2377894	2408783	0
chr5	2408783	8218970	0
chr5	8218970	8323007	0
chr5	8323007	19639686	0
chr5	19639686	19799548	0
chr5	19799548	34101645	0
chr5	34101645	34294965	0
chr5	34294965	40192014	0
chr5	40192014	46209591	0
chr5	46209591	46278212	0
chr5	46278212	46383335	0
chr5	46383335	48400000	0
chr5	48400000	49520000	0
chr5	49520000	49762785	0
chr5	49762785	53214160	11
chr5	53214160	53951698	7
chr5	53951698	53991662	10
chr5	53991662	55709142	10
chr5	55709142	55857882	10
chr5	55857882	56206826	10
chr5	56206826	57323830	24
chr5	57323830	57333524	0
chr5	57333524	57335951	0
chr5	57335951	57339215	0
chr5	57339215	57728717	25
chr5	57728717	59234742	11
chr5	59234742	59473097	9
chr5	59473097	59594552	8
chr5	59594552	59600041	8
chr5	59600041	59656661	10
chr5	59656661	59844364	10
chr5	59844364	63412582	14
chr5	63412582	64089372	14
chr5	64089372	64365226	14
chr5	64365226	64495836	14
chr5	64495836	67254979	28
chr5	67254979	68421987	14
chr5	68421987	79482040	28
chr5	79482040	81801629	24
chr5	81801629	87993799	16
chr5	87993799	97032840	13
chr5	97032840	97096533	0
chr5	97096533	103508262	13
chr5	103508262	110998162	12
chr5	110998162	127068797	12
chr5	127068797	129009890	10
chr5	129009890	135002874	12
chr5	135002874	135046639	0
chr5	135046639	137605270	0
chr5	137605270	140714285	0
chr5	140714285	140759605	0
chr5	140759605	140807226	0
chr5	140807226	148550784	0
chr5	148550784	150055521	0
chr5	150055521	152975451	0
chr5	152975451	154609419	0
chr5	154609419	154753831	0
chr5	154753831	155475939	0
chr5	155475939	155476846	0
chr5	155476846	155495252	0
chr5	155495252	155498132	0
chr5	155498132	162167074	0
chr5	162167074	162531444	0
chr5	162531444	167670069	0
chr5	167670069	175027000	0
chr5	175027000	177040344	0
chr5	177040344	177360565	0
chr5	177360565	179984090	0
chr5	179984090	180290412	0
chr5	180290412	180376610	0
chr5	180376610	180432060	0
chr5	180432060	180915260	0
chr6	0	9701670	0
chr6	9701670	10173396	0
chr6	10173396	12800775	0
chr6	12800775	13183676	0
chr6	13183676	14956432	0
chr6	14956432	16064610	0
chr6	16064610	17799819	0
chr6	17799819	18206228	0
chr6	18206228	18253585	0
chr6	18253585	18401646	0
chr6	18401646	18531948	0
chr6	18531948	18600886	0
chr6	18600886	19962242	0
chr6	19962242	20036833	0
chr6	20036833	26154694	0
chr6	26154694	26250927	2
chr6	26250927	29837158	0
chr6	29837158	29849483	0
chr6	29849483	30850901	0
chr6	30850901	32454399	0
chr6	32454399	36630015	0
chr6	36630015	38967900	0
chr6	38967900	40875773	0
chr6	40875773	43246151	0
chr6	43246151	45346684	0
chr6	45346684	46045213	0
chr6	46045213	47212976	0
chr6	47212976	47229058	0
chr6	47229058	47455902	0
chr6	47455902	48703310	0
chr6	48703310	49525433	0
chr6	49525433	50002203	0
chr6	50002203	50397044	0
chr6	50397044	58348953	0
chr6	58348953	58674833	0
chr6	58674833	58741497	0
chr6	58741497	58774716	0
chr6	58774716	61000000	0
chr6	61000000	62011944	0
chr6	62011944	62020284	0
chr6	62020284	62033212	0
chr6	62033212	62324638	0
chr6	62324638	62357676	0
chr6	62357676	62847787	0
chr6	62847787	63166549	0
chr6	63166549	63601556	0
chr6	63601556	65332836	0
chr6	65332836	65955217	0
chr6	65955217	67227403	0
chr6	67227403	67866369	0
chr6	67866369	68164229	0
chr6	68164229	69705300	0
chr6	69705300	71967577	0
chr6	71967577	73007215	0
chr6	73007215	73485665	0
chr6	73485665	73617869	0
chr6	73617869	74591205	0
chr6	74591205	74633180	0
chr6	74633180	77072382	0
chr6	77072382	77436346	0
chr6	77436346	77473304	0
chr6	77473304	77577714	0
chr6	77577714	77996488	0
chr6	77996488	79052282	0
chr6	79052282	80295661	0
chr6	80295661	80317844	0
chr6	80317844	80973631	0
chr6	80973631	81693750	0
chr6	81693750	81781380	0
chr6	81781380	95463184	0
chr6	95463184	95497904	0
chr6	95497904	95563570	0
chr6	95563570	95604281	0
chr6	95604281	95879293	0
chr6	95879293	102096250	0
chr6	102096250	102293190	0
chr6	102293190	102406020	0
chr6	102406020	103715712	0
chr6	103715712	103763766	0
chr6	103763766	112411098	0
chr6	112411098	113399180	0
chr6	113399180	115126236	0
chr6	115126236	116628073	0
chr6	116628073	119144523	0
chr6	119144523	119224276	0
chr6	119224276	119229825	0
chr6	119229825	121580244	0
chr6	121580244	125254350	0
chr6	125254350	126025713	0
chr6	126025713	127798368	0
chr6	127798368	133516734	0
chr6	133516734	143005154	0
chr6	143005154	144786631	0
chr6	144786631	147549869	0
chr6	147549869	155271065	0
chr6	155271065	161270312	0
chr6	161270312	162173305	0
chr6	162173305	162290242	0
chr6	162290242	162687945	0
chr6	162687945	162900693	0
chr6	162900693	162913567	0
chr6	162913567	163369662	0
chr6	163369662	167663235	0
chr6	167663235	171115067	0
chr7	0	710480	0
chr7	710480	782933	0
chr7	782933	2628653	0
chr7	2628653	21999388	0
chr7	21999388	23104954	0
chr7	23104954	40983465	0
chr7	40983465	41229591	0
chr7	41229591	44493012	0
chr7	44493012	44536719	0
chr7	44536719	46883406	0
chr7	46883406	47134442	0
chr7	47134442	47240223	0
chr7	47240223	50241265	0
chr7	50241265	50600394	0
chr7	50600394	50674180	0
chr7	50674180	50814111	0
chr7	50814111	50903011	0
chr7	50903011	53556526	0
chr7	53556526	57950944	0
chr7	57950944	59900000	0
chr7	59900000	61074194	0
chr7	61074194	61628365	0
chr7	61628365	61937644	0
chr7	61937644	61987276	0
chr7	61987276	62161656	0
chr7	62161656	65063887	0
chr7	65063887	66240944	0
chr7	66240944	72355631	0
chr7	72355631	72857766	0
chr7	72857766	81774279	0
chr7	81774279	81941264	0
chr7	81941264	88221430	0
chr7	88221430	100237071	0
chr7	100237071	100520772	0
chr7	100520772	101350928	0
chr7	101350928	104629407	0
chr7	104629407	104887353	0
chr7	104887353	105009314	0
chr7	105009314	107504161	0
chr7	107504161	109429989	0
chr7	109429989	109458840	0
chr7	109458840	110298431	0
chr7	110298431	110607262	0
chr7	110607262	115040114	0
chr7	115040114	116589381	0
chr7	116589381	116814065	0
chr7	116814065	127366880	0
chr7	127366880	129473350	0
chr7	129473350	133221287	0
chr7	133221287	133781915	0
chr7	133781915	133807518	0
chr7	133807518	140993820	0
chr7	140993820	141425447	0
chr7	141425447	141712834	0
chr7	141712834	141872657	0
chr7	141872657	142569888	0
chr7	142569888	142627359	0
chr7	142627359	143266273	0
chr7	143266273	143446455	0
chr7	143446455	143497983	0
chr7	143497983	143732364	0
chr7	143732364	144431752	0
chr7	144431752	145193785	0
chr7	145193785	159138663	0
chr8	0	5576562	45
chr8	5576562	6083379	43
chr8	6083379	6145851	56
chr8	6145851	9878846	43
chr8	9878846	12268731	51
chr8	12268731	12529361	43
chr8	12529361	22897407	51
chr8	22897407	23549439	51
chr8	23549439	24973309	53
chr8	24973309	24975039	36
chr8	24975039	24984149	30
chr8	24984149	24984190	46
chr8	24984190	27411172	52
chr8	27411172	28785018	49
chr8	28785018	29890223	48
chr8	29890223	33405349	45
chr8	33405349	33518051	3
chr8	33518051	33960956	0
chr8	33960956	34065610	0
chr8	34065610	35731052	0
chr8	35731052	36374679	0
chr8	36374679	38272544	0
chr8	38272544	38313167	0
chr8	38313167	38796815	0
chr8	38796815	39233131	0
chr8	39233131	39299176	0
chr8	39299176	39384412	0
chr8	39384412	40045237	0
chr8	40045237	40146309	6
chr8	40146309	40193663	0
chr8	40193663	41107855	0
chr8	41107855	42257907	0
chr8	42257907	42728412	6
chr8	42728412	43430222	8
chr8	43430222	43736901	0
chr8	43736901	43778914	5
chr8	43778914	45600000	0
chr8	45600000	46936840	0
chr8	46936840	46940022	0
chr8	46940022	48758981	0
chr8	48758981	66470084	0
chr8	66470084	66642215	0
chr8	66642215	75731951	0
chr8	75731951	86339758	0
chr8	86339758	86511962	0
chr8	86511962	88200657	0
chr8	88200657	89285126	0
chr8	89285126	89397794	0
chr8	89397794	89695070	0
chr8	89695070	89842482	0
chr8	89842482	90014842	0
chr8	90014842	90589715	0
chr8	90589715	91378604	0
chr8	91378604	92072789	0
chr8	92072789	92218269	0
chr8	92218269	92635761	0
chr8	92635761	93005729	0
chr8	93005729	93466391	0
chr8	93466391	93664487	0
chr8	93664487	93788101	0
chr8	93788101	94034223	0
chr8	94034223	94508261	0
chr8	94508261	94905156	0
chr8	94905156	95237529	0
chr8	95237529	95556227	0
chr8	95556227	95696654	0
chr8	95696654	95757433	0
chr8	95757433	96330740	0
chr8	96330740	96401792	0
chr8	96401792	96639668	0
chr8	96639668	96864746	0
chr8	96864746	96947860	0
chr8	96947860	97114700	0
chr8	97114700	97919399	0
chr8	97919399	98154350	0
chr8	98154350	98265142	0
chr8	98265142	98364415	0
chr8	98364415	98465044	0
chr8	98465044	98764901	0
chr8	98764901	99261159	0
chr8	99261159	99353165	0
chr8	99353165	100293775	0
chr8	100293775	100487553	0
chr8	100487553	100829260	0
chr8	100829260	100852308	0
chr8	100852308	102706809	0
chr8	102706809	102771191	0
chr8	102771191	102869158	0
chr8	102869158	103058186	0
chr8	103058186	103638594	0
chr8	103638594	103971035	0
chr8	103971035	104143520	0
chr8	104143520	104581973	0
chr8	104581973	104690753	0
chr8	104690753	105114330	0
chr8	105114330	105740607	0
chr8	105740607	106101725	0
chr8	106101725	106154178	0
chr8	106154178	106363035	0
chr8	106363035	107297542	0
chr8	107297542	107398586	0
chr8	107398586	107789917	0
chr8	107789917	107873059	0
chr8	107873059	108518067	0
chr8	108518067	109437652	0
chr8	109437652	109637149	0
chr8	109637149	110074598	0
chr8	110074598	111181633	0
chr8	111181633	111644438	0
chr8	111644438	112459794	0
chr8	112459794	113038297	0
chr8	113038297	113316013	0
chr8	113316013	113417777	0
chr8	113417777	113807819	0
chr8	113807819	114027452	0
chr8	114027452	114362031	0
chr8	114362031	114594712	0
chr8	114594712	114704445	0
chr8	114704445	114789142	0
chr8	114789142	114922197	0
chr8	114922197	118795332	0
chr8	118795332	118970146	0
chr8	118970146	119347695	0
chr8	119347695	119647188	0
chr8	119647188	119972378	0
chr8	119972378	120701643	0
chr8	120701643	120812953	0
chr8	120812953	120944423	0
chr8	120944423	121096750	0
chr8	121096750	121367780	0
chr8	121367780	121442166	0
chr8	121442166	121644178	0
chr8	121644178	121976663	0
chr8	121976663	122241411	0
chr8	122241411	122570867	0
chr8	122570867	123056773	0
chr8	123056773	123149276	0
chr8	123149276	123410917	0
chr8	123410917	123451213	0
chr8	123451213	123777182	0
chr8	123777182	124047607	0
chr8	124047607	124151265	0
chr8	124151265	124332190	0
chr8	124332190	124449937	0
chr8	124449937	124789059	0
chr8	124789059	125268882	0
chr8	125268882	125485938	0
chr8	125485938	126333276	0
chr8	126333276	126547884	0
chr8	126547884	126758003	0
chr8	126758003	126801384	0
chr8	126801384	126828568	0
chr8	126828568	126867415	0
chr8	126867415	127274385	0
chr8	127274385	127368187	0
chr8	127368187	127605551	0
chr8	127605551	127683653	0
chr8	127683653	127938461	0
chr8	127938461	128162701	0
chr8	128162701	128546355	0
chr8	128546355	128712398	0
chr8	128712398	129192527	0
chr8	129192527	129709183	0
chr8	129709183	130182212	0
chr8	130182212	130426225	0
chr8	130426225	130556124	0
chr8	130556124	130644346	0
chr8	130644346	130829010	0
chr8	130829010	131409111	0
chr8	131409111	131753061	0
chr8	131753061	132020809	0
chr8	132020809	132457313	0
chr8	132457313	132935296	0
chr8	132935296	133072528	0
chr8	133072528	133268528	0
chr8	133268528	133984912	0
chr8	133984912	134031423	0
chr8	134031423	134170132	0
chr8	134170132	134469873	0
chr8	134469873	135063687	0
chr8	135063687	135210439	0
chr8	135210439	135800000	0
chr8	135800000	135866935	0
chr8	135866935	137586959	0
chr8	137586959	137689423	0
chr8	137689423	137977149	0
chr8	137977149	138138349	0
chr8	138138349	138861396	0
chr8	138861396	139041731	0
chr8	139041731	140395890	0
chr8	140395890	140610253	0
chr8	140610253	141515050	0
chr8	141515050	142004477	0
chr8	142004477	146364022	0
chr9	0	2029074	0
chr9	2029074	3185396	0
chr9	3185396	3249847	0
chr9	3249847	3466645	0
chr9	3466645	3683278	0
chr9	3683278	3758093	0
chr9	3758093	3861182	0
chr9	3861182	3971915	0
chr9	3971915	4017464	0
chr9	4017464	4038605	0
chr9	4038605	4603356	0
chr9	4603356	4732615	0
chr9	4732615	7804281	0
chr9	7804281	9496074	0
chr9	9496074	9564470	0
chr9	9564470	10258834	0
chr9	10258834	10330057	0
chr9	10330057	12586387	0
chr9	12586387	12676009	0
chr9	12676009	13244852	0
chr9	13244852	13304836	0
chr9	13304836	14764823	0
chr9	14764823	15205841	0
chr9	15205841	15296616	0
chr9	15296616	15432282	0
chr9	15432282	15508809	0
chr9	15508809	16837237	0
chr9	16837237	16887975	0
chr9	16887975	17462013	0
chr9	17462013	21625989	0
chr9	21625989	21958539	0
chr9	21958539	30211950	0
chr9	30211950	30930219	0
chr9	30930219	32470173	0
chr9	32470173	32810366	0
chr9	32810366	32812897	0
chr9	32812897	34337608	0
chr9	34337608	35656431	0
chr9	35656431	35856166	0
chr9	35856166	37349336	0
chr9	37349336	37857167	0
chr9	37857167	38919096	0
chr9	38919096	43654560	0
chr9	43654560	44203261	0
chr9	44203261	46038858	0
chr9	46038858	46906975	0
chr9	46906975	49000000	0
chr9	49000000	65630934	0
chr9	65630934	66630502	0
chr9	66630502	67899911	0
chr9	67899911	68683898	0
chr9	68683898	70553336	0
chr9	70553336	70944166	0
chr9	70944166	70947252	0
chr9	70947252	71050587	0
chr9	71050587	72120155	2
chr9	72120155	72272093	0
chr9	72272093	74923429	2
chr9	74923429	76918752	2
chr9	76918752	77072953	0
chr9	77072953	83073126	2
chr9	83073126	83219796	0
chr9	83219796	86438882	2
chr9	86438882	87463456	0
chr9	87463456	87586607	0
chr9	87586607	89289425	0
chr9	89289425	89424834	0
chr9	89424834	92017756	0
chr9	92017756	94194436	3
chr9	94194436	94197803	0
chr9	94197803	95429092	3
chr9	95429092	106047500	5
chr9	106047500	106802465	2
chr9	106802465	106953327	0
chr9	106953327	107707605	2
chr9	107707605	107993621	0
chr9	107993621	108229738	0
chr9	108229738	108248287	5
chr9	108248287	108488243	0
chr9	108488243	110099388	5
chr9	110099388	110237230	0
chr9	110237230	112032960	5
chr9	112032960	116340764	2
chr9	116340764	116776288	0
chr9	116776288	117054270	0
chr9	117054270	117659010	0
chr9	117659010	120139687	0
chr9	120139687	120192079	0
chr9	120192079	122760606	0
chr9	122760606	128495305	0
chr9	128495305	130663224	0
chr9	130663224	130854408	0
chr9	130854408	132650490	0
chr9	132650490	136009099	0
chr9	136009099	139101712	0
chr9	139101712	141213431	0
chr10	0	5332710	0
chr10	5332710	6138723	0
chr10	6138723	25071193	0
chr10	25071193	29535848	0
chr10	29535848	32668245	0
chr10	32668245	38834411	0
chr10	38834411	39000378	0
chr10	39000378	39050890	0
chr10	39050890	40200000	0
chr10	40200000	42433540	0
chr10	42433540	42522927	19
chr10	42522927	50080336	0
chr10	50080336	50297518	0
chr10	50297518	52783720	0
chr10	52783720	54551073	0
chr10	54551073	55300832	0
chr10	55300832	55470921	0
chr10	55470921	60437651	0
chr10	60437651	67906112	0
chr10	67906112	72907008	0
chr10	72907008	79191748	0
chr10	79191748	79315148	0
chr10	79315148	79531768	0
chr10	79531768	85289396	0
chr10	85289396	88574761	0
chr10	88574761	88781663	0
chr10	88781663	90871563	0
chr10	90871563	95266428	0
chr10	95266428	96132136	0
chr10	96132136	108180181	0
chr10	108180181	124401122	0
chr10	124401122	126851829	0
chr10	126851829	135534747	0
chr11	0	4968348	0
chr11	4968348	4976872	0
chr11	4976872	5776609	0
chr11	5776609	5783082	0
chr11	5783082	5809239	0
chr11	5809239	5816215	0
chr11	5816215	10861454	0
chr11	10861454	16582771	0
chr11	16582771	26680979	0
chr11	26680979	31258199	0
chr11	31258199	35271849	0
chr11	35271849	39471532	0
chr11	39471532	39542524	0
chr11	39542524	42221791	0
chr11	42221791	45001628	0
chr11	45001628	48233994	0
chr11	48233994	48417693	0
chr11	48417693	50381127	0
chr11	50381127	50390319	0
chr11	50390319	51183919	0
chr11	51183919	51221602	0
chr11	51221602	51429291	0
chr11	51429291	51518519	0
chr11	51518519	53700000	0
chr11	53700000	54789042	0
chr11	54789042	54794667	0
chr11	54794667	57303833	0
chr11	57303833	57563341	0
chr11	57563341	60834682	0
chr11	60834682	61328417	0
chr11	61328417	62009420	0
chr11	62009420	62157517	0
chr11	62157517	65089118	0
chr11	65089118	65168758	0
chr11	65168758	67455722	0
chr11	67455722	68682197	0
chr11	68682197	69150911	0
chr11	69150911	71339209	0
chr11	71339209	71472668	0
chr11	71472668	73757590	0
chr11	73757590	74609416	0
chr11	74609416	77803088	0
chr11	77803088	79417551	0
chr11	79417551	81191761	0
chr11	81191761	81195479	0
chr11	81195479	81378118	0
chr11	81378118	81585934	0
chr11	81585934	82579344	0
chr11	82579344	89396507	0
chr11	89396507	92611792	0
chr11	92611792	92706930	0
chr11	92706930	93442151	0
chr11	93442151	93928430	0
chr11	93928430	96977142	0
chr11	96977142	98950579	0
chr11	98950579	99076780	0
chr11	99076780	100908821	0
chr11	100908821	100956750	0
chr11	100956750	100996205	0
chr11	100996205	103167434	0
chr11	103167434	107046162	0
chr11	107046162	115429737	0
chr11	115429737	115469343	0
chr11	115469343	118935682	0
chr11	118935682	120264000	0
chr11	120264000	120406148	0
chr11	120406148	120934775	0
chr11	120934775	121285676	0
chr11	121285676	121710498	0
chr11	121710498	128313941	0
chr11	128313941	134298991	0
chr11	134298991	135006516	0
chr12	0	185876	0
chr12	185876	2211552	0
chr12	2211552	2276891	0
chr12	2276891	2673219	0
chr12	2673219	3383181	0
chr12	3383181	4368743	0
chr12	4368743	4397717	0
chr12	4397717	5588802	0
chr12	5588802	5618096	0
chr12	5618096	7066150	0
chr12	7066150	8369457	0
chr12	8369457	8595219	0
chr12	8595219	11298976	0
chr12	11298976	12267300	0
chr12	12267300	13554988	0
chr12	13554988	13574632	0
chr12	13574632	13873760	0
chr12	13873760	14933162	0
chr12	14933162	15174767	0
chr12	15174767	15240300	0
chr12	15240300	24667014	0
chr12	24667014	25298803	0
chr12	25298803	25386627	0
chr12	25386627	25737584	0
chr12	25737584	25819533	0
chr12	25819533	27971375	0
chr12	27971375	31218924	0
chr12	31218924	31267178	0
chr12	31267178	31583342	0
chr12	31583342	31656852	0
chr12	31656852	32289113	0
chr12	32289113	34756673	0
chr12	34756673	35800000	0
chr12	35800000	37857751	0
chr12	37857751	37959632	0
chr12	37959632	38134752	0
chr12	38134752	38184619	0
chr12	38184619	41757427	0
chr12	41757427	41815955	0
chr12	41815955	41890513	0
chr12	41890513	46039963	0
chr12	46039963	46937589	0
chr12	46937589	47112503	0
chr12	47112503	47380646	0
chr12	47380646	47774611	0
chr12	47774611	48605672	0
chr12	48605672	49568595	0
chr12	49568595	49925003	0
chr12	49925003	51349855	0
chr12	51349855	53483261	0
chr12	53483261	53974442	0
chr12	53974442	54379355	0
chr12	54379355	55168464	0
chr12	55168464	56319798	0
chr12	56319798	57004428	0
chr12	57004428	58771104	0
chr12	58771104	58901801	0
chr12	58901801	59531086	0
chr12	59531086	68644812	0
chr12	68644812	69163574	0
chr12	69163574	70094590	0
chr12	70094590	70253990	0
chr12	70253990	78653407	0
chr12	78653407	80429840	0
chr12	80429840	80445320	0
chr12	80445320	85111494	0
chr12	85111494	86060808	0
chr12	86060808	86097767	0
chr12	86097767	90640659	0
chr12	90640659	99297951	0
chr12	99297951	99877469	0
chr12	99877469	100325038	0
chr12	100325038	101684675	0
chr12	101684675	101934447	0
chr12	101934447	102013984	0
chr12	102013984	102054827	0
chr12	102054827	104818777	0
chr12	104818777	118471189	0
chr12	118471189	118585817	0
chr12	118585817	121576326	0
chr12	121576326	121855447	0
chr12	121855447	122339545	0
chr12	122339545	122407526	0
chr12	122407526	124730531	0
chr12	124730531	124783009	0
chr12	124783009	125113363	0
chr12	125113363	125396780	0
chr12	125396780	129229699	0
chr12	129229699	129234007	0
chr12	129234007	133851895	0
chr13	0	17900000	0
chr13	17900000	19123483	0
chr13	19123483	19368903	0
chr13	19368903	24233960	4
chr13	24233960	24970207	12
chr13	24970207	26401917	0
chr13	26401917	32531602	0
chr13	32531602	32539241	0
chr13	32539241	33549771	0
chr13	33549771	38070201	0
chr13	38070201	38088381	0
chr13	38088381	45309841	0
chr13	45309841	48188836	0
chr13	48188836	49022535	0
chr13	49022535	55298291	0
chr13	55298291	57754683	0
chr13	57754683	57784047	0
chr13	57784047	63801447	0
chr13	63801447	65837136	0
chr13	65837136	68509523	0
chr13	68509523	68674087	0
chr13	68674087	71585437	0
chr13	71585437	71768962	0
chr13	71768962	72035814	0
chr13	72035814	72309434	0
chr13	72309434	86321011	0
chr13	86321011	86503160	0
chr13	86503160	87310172	0
chr13	87310172	92501549	0
chr13	92501549	92596428	0
chr13	92596428	92956453	0
chr13	92956453	115169878	0
chr14	0	17600000	0
chr14	17600000	19108176	0
chr14	19108176	19392293	0
chr14	19392293	20464177	0
chr14	20464177	22182842	0
chr14	22182842	22658161	0
chr14	22658161	23029868	0
chr14	23029868	23149434	0
chr14	23149434	23432148	0
chr14	23432148	24499753	0
chr14	24499753	25947675	0
chr14	25947675	26113867	0
chr14	26113867	29278028	0
chr14	29278028	32596821	0
chr14	32596821	33946871	0
chr14	33946871	34888842	0
chr14	34888842	36761380	0
chr14	36761380	41606899	0
chr14	41606899	41657299	0
chr14	41657299	48509208	0
chr14	48509208	50562820	0
chr14	50562820	54627315	0
chr14	54627315	55954260	0
chr14	55954260	60802311	0
chr14	60802311	60871674	0
chr14	60871674	64423826	0
chr14	64423826	68522055	1
chr14	68522055	74138305	1
chr14	74138305	75067095	0
chr14	75067095	75339791	0
chr14	75339791	75572342	13
chr14	75572342	76458974	0
chr14	76458974	77169463	0
chr14	77169463	77527877	0
chr14	77527877	77691875	0
chr14	77691875	77894197	0
chr14	77894197	82111728	0
chr14	82111728	83411352	1
chr14	83411352	88755969	0
chr14	88755969	90821723	0
chr14	90821723	91234829	0
chr14	91234829	103526842	0
chr14	103526842	103900718	0
chr14	103900718	104875275	0
chr14	104875275	104963862	0
chr14	104963862	105264158	0
chr14	105264158	106049634	0
chr14	106049634	106248941	0
chr14	106248941	106880592	0
chr14	106880592	106918378	0
chr14	106918378	107349540	0
chr15	0	19000000	0
chr15	19000000	20071673	0
chr15	20071673	20101641	0
chr15	20101641	20154183	0
chr15	20154183	20265132	0
chr15	20265132	20394175	0
chr15	20394175	22292126	1
chr15	22292126	23226361	0
chr15	23226361	24651038	0
chr15	24651038	24717179	0
chr15	24717179	25551437	0
chr15	25551437	26399314	0
chr15	26399314	26540629	0
chr15	26540629	26558900	0
chr15	26558900	34800448	0
chr15	34800448	41144629	0
chr15	41144629	51107473	0
chr15	51107473	51224900	0
chr15	51224900	51439630	0
chr15	51439630	51820737	0
chr15	51820737	52238950	0
chr15	52238950	52533829	0
chr15	52533829	54805496	0
chr15	54805496	55145423	0
chr15	55145423	55785738	0
chr15	55785738	58196287	0
chr15	58196287	58893779	0
chr15	58893779	61567004	0
chr15	61567004	66115483	0
chr15	66115483	66358500	0
chr15	66358500	71533857	0
chr15	71533857	73768472	0
chr15	73768472	75468973	0
chr15	75468973	75732401	0
chr15	75732401	76884795	0
chr15	76884795	76895775	0
chr15	76895775	77144845	0
chr15	77144845	78233243	0
chr15	78233243	78297151	0
chr15	78297151	79845939	0
chr15	79845939	82492070	0
chr15	82492070	91330538	0
chr15	91330538	93478995	0
chr15	93478995	98804639	0
chr15	98804639	98925250	0
chr15	98925250	101105243	0
chr15	101105243	102531392	0
chr16	0	4590011	0
chr16	4590011	5097443	0
chr16	5097443	8473802	0
chr16	8473802	10188136	0
chr16	10188136	10434862	0
chr16	10434862	11717333	0
chr16	11717333	14861831	0
chr16	14861831	14897809	0
chr16	14897809	15048806	0
chr16	15048806	15112422	0
chr16	15112422	22841526	0
chr16	22841526	23734971	0
chr16	23734971	25647441	0
chr16	25647441	26270629	13
chr16	26270629	26323569	11
chr16	26323569	26604604	0
chr16	26604604	29580329	0
chr16	29580329	30330194	0
chr16	30330194	30631421	0
chr16	30631421	35183806	0
chr16	35183806	35205717	0
chr16	35205717	36600000	0
chr16	36600000	46491374	0
chr16	46491374	47550632	0
chr16	47550632	47939211	0
chr16	47939211	48583917	0
chr16	48583917	49206354	0
chr16	49206354	49670385	0
chr16	49670385	53473434	0
chr16	53473434	53860933	0
chr16	53860933	56102822	1
chr16	56102822	69854028	9
chr16	69854028	70006488	9
chr16	70006488	70833930	9
chr16	70833930	70840723	8
chr16	70840723	70854785	0
chr16	70854785	70869953	0
chr16	70869953	71170120	0
chr16	71170120	71198694	0
chr16	71198694	71203996	0
chr16	71203996	71209063	9
chr16	71209063	78532338	12
chr16	78532338	78798792	33
chr16	78798792	81878991	12
chr16	81878991	83590256	26
chr16	83590256	84541747	12
chr16	84541747	85789294	26
chr16	85789294	90354753	24
chr17	0	706115	0
chr17	706115	838177	0
chr17	838177	1473767	0
chr17	1473767	5435755	13
chr17	5435755	6183435	0
chr17	6183435	7887302	0
chr17	7887302	9992322	0
chr17	9992322	17627399	20
chr17	17627399	18011143	21
chr17	18011143	18283370	17
chr17	18283370	18337627	3
chr17	18337627	18471922	0
chr17	18471922	18531159	0
chr17	18531159	18711552	17
chr17	18711552	20767223	25
chr17	20767223	20918643	24
chr17	20918643	21397784	21
chr17	21397784	21953994	1
chr17	21953994	22062395	0
chr17	22062395	22145506	1
chr17	22145506	22170994	0
chr17	22170994	24000000	0
chr17	24000000	25313829	0
chr17	25313829	25401211	3
chr17	25401211	26968852	4
chr17	26968852	27363344	0
chr17	27363344	27593463	12
chr17	27593463	27698451	33
chr17	27698451	28141520	33
chr17	28141520	28572101	47
chr17	28572101	29360848	47
chr17	29360848	29628872	33
chr17	29628872	29737937	33
chr17	29737937	30235855	33
chr17	30235855	32112156	47
chr17	32112156	32148532	61
chr17	32148532	34404160	47
chr17	34404160	34476840	33
chr17	34476840	36244069	47
chr17	36244069	37062937	33
chr17	37062937	37297548	47
chr17	37297548	37361135	33
chr17	37361135	37543989	31
chr17	37543989	37629656	29
chr17	37629656	37722157	29
chr17	37722157	38085428	10
chr17	38085428	38285134	10
chr17	38285134	38735973	11
chr17	38735973	39410689	25
chr17	39410689	39421696	11
chr17	39421696	39422361	8
chr17	39422361	39431628	0
chr17	39431628	39433319	8
chr17	39433319	39435952	22
chr17	39435952	39753846	24
chr17	39753846	39785952	3
chr17	39785952	39926881	0
chr17	39926881	41010638	3
chr17	41010638	41269618	0
chr17	41269618	41387119	3
chr17	41387119	41534161	0
chr17	41534161	41942824	0
chr17	41942824	42257197	0
chr17	42257197	43077500	0
chr17	43077500	43580338	0
chr17	43580338	43659384	0
chr17	43659384	43690936	0
chr17	43690936	44130223	0
chr17	44130223	44164457	0
chr17	44164457	44191425	0
chr17	44191425	44202920	17
chr17	44202920	44240636	20
chr17	44240636	44346447	0
chr17	44346447	44379313	0
chr17	44379313	44404865	0
chr17	44404865	44514476	0
chr17	44514476	45191971	0
chr17	45191971	45775285	0
chr17	45775285	45986435	0
chr17	45986435	46260956	0
chr17	46260956	46631354	0
chr17	46631354	46863607	0
chr17	46863607	52425580	0
chr17	52425580	52487555	0
chr17	52487555	54159979	0
chr17	54159979	54173305	0
chr17	54173305	56941281	0
chr17	56941281	57368699	0
chr17	57368699	57462736	0
chr17	57462736	58327401	0
chr17	58327401	61931388	0
chr17	61931388	62145880	0
chr17	62145880	64856332	0
chr17	64856332	64903046	0
chr17	64903046	67972344	0
chr17	67972344	68036752	0
chr17	68036752	70298866	0
chr17	70298866	70532966	0
chr17	70532966	71848422	0
chr17	71848422	71944854	0
chr17	71944854	72243202	0
chr17	72243202	72373389	0
chr17	72373389	74028803	0
chr17	74028803	74302165	0
chr17	74302165	75372056	0
chr17	75372056	75504412	0
chr17	75504412	76591931	0
chr17	76591931	76649193	0
chr17	76649193	77402903	0
chr17	77402903	77470416	0
chr17	77470416	78516079	0
chr17	78516079	78612615	0
chr17	78612615	80535931	0
chr17	80535931	80555275	0
chr17	80555275	81195210	0
chr18	0	10032112	0
chr18	10032112	10115432	0
chr18	10115432	11871586	0
chr18	11871586	15183047	0
chr18	15183047	15307817	0
chr18	15307817	17200000	0
chr18	17200000	18609580	0
chr18	18609580	18611243	6
chr18	18611243	19234895	0
chr18	19234895	20212199	0
chr18	20212199	24407564	0
chr18	24407564	25027467	0
chr18	25027467	31149381	0
chr18	31149381	31268490	0
chr18	31268490	34225806	0
chr18	34225806	38258076	3
chr18	38258076	38670869	0
chr18	38670869	38689309	0
chr18	38689309	40469161	0
chr18	40469161	40531219	0
chr18	40531219	43033227	0
chr18	43033227	43050271	0
chr18	43050271	43515280	0
chr18	43515280	44482245	3
chr18	44482245	45341275	7
chr18	45341275	46290162	23
chr18	46290162	50469024	26
chr18	50469024	51214312	22
chr18	51214312	51325648	36
chr18	51325648	55513931	22
chr18	55513931	55655651	36
chr18	55655651	59866867	22
chr18	59866867	60091298	36
chr18	60091298	61305576	22
chr18	61305576	61389049	36
chr18	61389049	61549583	22
chr18	61549583	67998626	27
chr18	67998626	69957547	30
chr18	69957547	70159160	44
chr18	70159160	72934490	30
chr18	72934490	75702410	12
chr18	75702410	77059689	15
chr18	77059689	77535992	28
chr18	77535992	78077248	15
chr19	0	797096	18
chr19	797096	1130890	4
chr19	1130890	1228297	26
chr19	1228297	1515833	28
chr19	1515833	2023769	42
chr19	2023769	2032086	39
chr19	2032086	3501519	18
chr19	3501519	6702112	18
chr19	6702112	7222558	4
chr19	7222558	7295879	2
chr19	7295879	7534872	0
chr19	7534872	9013524	0
chr19	9013524	10609655	0
chr19	10609655	10819369	0
chr19	10819369	11585157	0
chr19	11585157	11770233	0
chr19	11770233	12694677	0
chr19	12694677	12970934	0
chr19	12970934	13965880	0
chr19	13965880	14715823	0
chr19	14715823	15270586	0
chr19	15270586	15326960	0
chr19	15326960	15338839	0
chr19	15338839	16229003	0
chr19	16229003	16232206	0
chr19	16232206	16549374	0
chr19	16549374	16636904	0
chr19	16636904	17547235	0
chr19	17547235	17862896	0
chr19	17862896	17939118	0
chr19	17939118	17968162	0
chr19	17968162	19073581	0
chr19	19073581	19239358	0
chr19	19239358	19370723	0
chr19	19370723	19669214	0
chr19	19669214	19812942	0
chr19	19812942	20134126	0
chr19	20134126	20591276	0
chr19	20591276	20805926	0
chr19	20805926	21038378	0
chr19	21038378	22315792	0
chr19	22315792	22559996	0
chr19	22559996	23225561	0
chr19	23225561	24340714	0
chr19	24340714	24424033	0
chr19	24424033	24521623	0
chr19	24521623	26500000	0
chr19	26500000	27828664	0
chr19	27828664	27838898	0
chr19	27838898	28072426	0
chr19	28072426	28156224	0
chr19	28156224	28818657	0
chr19	28818657	29758533	0
chr19	29758533	31052891	0
chr19	31052891	31139706	0
chr19	31139706	31165476	0
chr19	31165476	31889275	0
chr19	31889275	32281946	0
chr19	32281946	32508327	0
chr19	32508327	34111989	0
chr19	34111989	34362709	0
chr19	34362709	34687777	0
chr19	34687777	34705453	0
chr19	34705453	34929103	0
chr19	34929103	35502346	0
chr19	35502346	36096098	0
chr19	36096098	36186981	0
chr19	36186981	37024083	0
chr19	37024083	38317281	0
chr19	38317281	40169310	0
chr19	40169310	40357535	0
chr19	40357535	40605358	0
chr19	40605358	40996504	0
chr19	40996504	42063676	0
chr19	42063676	42274146	0
chr19	42274146	42652504	0
chr19	42652504	43784815	0
chr19	43784815	44255588	0
chr19	44255588	44789975	0
chr19	44789975	45097141	0
chr19	45097141	45585228	0
chr19	45585228	45868556	0
chr19	45868556	46853311	0
chr19	46853311	47303050	0
chr19	47303050	47692330	0
chr19	47692330	47925598	0
chr19	47925598	48392316	0
chr19	48392316	48464495	16
chr19	48464495	48491736	0
chr19	48491736	49780564	0
chr19	49780564	49814924	0
chr19	49814924	52151557	0
chr19	52151557	55621026	0
chr19	55621026	59128983	0
chr20	0	138064	0
chr20	138064	14739454	0
chr20	14739454	15448327	0
chr20	15448327	15476096	0
chr20	15476096	15601268	0
chr20	15601268	15788147	0
chr20	15788147	15834043	0
chr20	15834043	16043439	0
chr20	16043439	16064227	0
chr20	16064227	16785562	0
chr20	16785562	17037485	0
chr20	17037485	17156416	0
chr20	17156416	17474314	0
chr20	17474314	17568298	0
chr20	17568298	19335561	0
chr20	19335561	19439606	0
chr20	19439606	19797093	0
chr20	19797093	20146904	0
chr20	20146904	20329400	0
chr20	20329400	20569410	0
chr20	20569410	20772745	0
chr20	20772745	20906713	0
chr20	20906713	22055042	0
chr20	22055042	22167481	0
chr20	22167481	24398024	0
chr20	24398024	24770722	0
chr20	24770722	24984974	0
chr20	24984974	25420113	0
chr20	25420113	26125431	0
chr20	26125431	26210632	0
chr20	26210632	26232228	0
chr20	26232228	26239964	0
chr20	26239964	26266313	0
chr20	26266313	27500000	0
chr20	27500000	29471217	0
chr20	29471217	29471235	0
chr20	29471235	30882281	0
chr20	30882281	31295531	0
chr20	31295531	31365162	0
chr20	31365162	32224228	0
chr20	32224228	32485111	0
chr20	32485111	33230641	0
chr20	33230641	33537680	0
chr20	33537680	33649742	0
chr20	33649742	35124595	0
chr20	35124595	35866838	0
chr20	35866838	36562852	0
chr20	36562852	37195174	0
chr20	37195174	37379394	0
chr20	37379394	39230595	0
chr20	39230595	40832712	0
chr20	40832712	40947365	0
chr20	40947365	40999505	0
chr20	40999505	41063323	0
chr20	41063323	42895087	0
chr20	42895087	43017563	0
chr20	43017563	43440196	0
chr20	43440196	43493171	0
chr20	43493171	44042410	0
chr20	44042410	44093689	0
chr20	44093689	44144330	0
chr20	44144330	44194676	0
chr20	44194676	44220084	0
chr20	44220084	44311049	0
chr20	44311049	44660857	0
chr20	44660857	46766018	0
chr20	46766018	48826312	0
chr20	48826312	49094920	0
chr20	49094920	49146263	0
chr20	49146263	50001298	0
chr20	50001298	50290088	0
chr20	50290088	50384371	0
chr20	50384371	50564330	0
chr20	50564330	50659047	0
chr20	50659047	50854749	0
chr20	50854749	50905091	0
chr20	50905091	52091814	0
chr20	52091814	52192250	0
chr20	52192250	52384346	0
chr20	52384346	52652479	0
chr20	52652479	52676399	0
chr20	52676399	53262428	0
chr20	53262428	53389461	0
chr20	53389461	56044470	0
chr20	56044470	56205544	0
chr20	56205544	62246753	0
chr20	62246753	62315377	0
chr20	62315377	62415033	0
chr20	62415033	62424595	0
chr20	62424595	63025520	0
chr21	0	9764385	0
chr21	9764385	11018120	0
chr21	11018120	11039570	12
chr21	11039570	13200000	0
chr21	13200000	14446700	0
chr21	14446700	14878363	0
chr21	14878363	15968208	0
chr21	15968208	20719197	0
chr21	20719197	32522722	0
chr21	32522722	34609971	0
chr21	34609971	35089691	0
chr21	35089691	35253014	0
chr21	35253014	37063642	0
chr21	37063642	45133776	0
chr21	45133776	45307653	0
chr21	45307653	47284722	0
chr21	47284722	48129895	0
chr22	0	14700000	0
chr22	14700000	16151161	8
chr22	16151161	16774157	0
chr22	16774157	16883065	0
chr22	16883065	17140259	0
chr22	17140259	17315480	15
chr22	17315480	17342636	32
chr22	17342636	18505933	40
chr22	18505933	18624568	18
chr22	18624568	18638635	22
chr22	18638635	18997576	43
chr22	18997576	19006554	40
chr22	19006554	19315626	24
chr22	19315626	20019103	40
chr22	20019103	20306072	24
chr22	20306072	24342599	40
chr22	24342599	24347476	26
chr22	24347476	24394663	10
chr22	24394663	24399172	24
chr22	24399172	25719035	40
chr22	25719035	25784601	24
chr22	25784601	28149283	40
chr22	28149283	29026071	24
chr22	29026071	29189494	23
chr22	29189494	29319996	40
chr22	29319996	30149465	26
chr22	30149465	31044177	26
chr22	31044177	31105802	26
chr22	31105802	31432843	26
chr22	31432843	31574576	10
chr22	31574576	31657683	26
chr22	31657683	31812545	10
chr22	31812545	31880773	26
chr22	31880773	32144376	26
chr22	32144376	32451500	10
chr22	32451500	32861093	26
chr22	32861093	33208374	40
chr22	33208374	33542067	23
chr22	33542067	35739517	23
chr22	35739517	36119231	40
chr22	36119231	36762860	23
chr22	36762860	37573451	40
chr22	37573451	38117784	37
chr22	38117784	38832615	21
chr22	38832615	39915487	37
chr22	39915487	40420833	39
chr22	40420833	40439090	41
chr22	40439090	40874840	44
chr22	40874840	41239363	27
chr22	41239363	41520874	44
chr22	41520874	41561763	30
chr22	41561763	41605107	28
chr22	41605107	41619679	12
chr22	41619679	41644403	0
chr22	41644403	41901409	0
chr22	41901409	41993333	0
chr22	41993333	42444278	17
chr22	42444278	42579065	31
chr22	42579065	42928972	48
chr22	42928972	43209053	69
chr22	43209053	44878506	53
chr22	44878506	45895551	69
chr22	45895551	46044783	53
chr22	46044783	46785458	69
chr22	46785458	48804406	71
chr22	48804406	49177359	55
chr22	49177359	49761909	71
chr22	49761909	49820682	55
chr22	49820682	50535370	71
chr22	50535370	50691584	55
chr22	50691584	51133399	71
chr22	51133399	51188492	55
chr22	51188492	51193712	41
chr22	51193712	51304566	0
chrX	0	586088	33
chrX	586088	1477511	33
chrX	1477511	1837799	0
chrX	1837799	3364931	33
chrX	3364931	4019587	38
chrX	4019587	4501241	40
chrX	4501241	4773394	41
chrX	4773394	5494588	38
chrX	5494588	5676585	41
chrX	5676585	10172747	40
chrX	10172747	10346596	32
chrX	10346596	10394251	60
chrX	10394251	10559526	32
chrX	10559526	30449567	40
chrX	30449567	33087411	40
chrX	33087411	33454147	38
chrX	33454147	33715858	52
chrX	33715858	34521053	55
chrX	34521053	43528306	41
chrX	43528306	51830728	38
chrX	51830728	54917973	38
chrX	54917973	56437693	35
chrX	56437693	56955721	35
chrX	56955721	56980919	37
chrX	56980919	57037422	27
chrX	57037422	57852999	27
chrX	57852999	58162591	27
chrX	58162591	58298382	27
chrX	58298382	59178820	22
chrX	59178820	59331578	18
chrX	59331578	60600000	11
chrX	60600000	61818199	11
chrX	61818199	63863071	35
chrX	63863071	63933073	35
chrX	63933073	64076504	35
chrX	64076504	64259116	35
chrX	64259116	64332500	36
chrX	64332500	64711929	36
chrX	64711929	65545803	44
chrX	65545803	65761054	44
chrX	65761054	67965625	44
chrX	67965625	68281130	44
chrX	68281130	68316911	44
chrX	68316911	69545499	44
chrX	69545499	70101669	44
chrX	70101669	70787638	44
chrX	70787638	95307189	44
chrX	95307189	108193415	40
chrX	108193415	108291310	40
chrX	108291310	117107910	40
chrX	117107910	118085051	40
chrX	118085051	118347907	40
chrX	118347907	118591720	40
chrX	118591720	118937003	40
chrX	118937003	119496389	40
chrX	119496389	119582864	40
chrX	119582864	119872188	40
chrX	119872188	119979389	40
chrX	119979389	120521966	40
chrX	120521966	120554116	40
chrX	120554116	121283455	40
chrX	121283455	122123275	40
chrX	122123275	122189562	40
chrX	122189562	122500241	40
chrX	122500241	122723472	40
chrX	122723472	123101016	40
chrX	123101016	134575165	40
chrX	134575165	134658157	40
chrX	134658157	134843592	40
chrX	134843592	134895017	40
chrX	134895017	135027875	38
chrX	135027875	136082997	38
chrX	136082997	137398777	38
chrX	137398777	140554115	38
chrX	140554115	140866777	38
chrX	140866777	141964378	38
chrX	141964378	142063882	38
chrX	142063882	143188625	38
chrX	143188625	143373817	38
chrX	143373817	145873909	38
chrX	145873909	146053223	38
chrX	146053223	146388609	38
chrX	146388609	146524158	40
chrX	146524158	146585901	40
chrX	146585901	146811099	40
chrX	146811099	147971275	40
chrX	147971275	150099928	32
chrX	150099928	150843303	32
chrX	150843303	150977991	32
chrX	150977991	153564687	32
chrX	153564687	153964123	32
chrX	153964123	155270560	32
chrY	0	12500000	0
chrY	12500000	59373566	0