Chromosome Region	Start	End	gain
chr1	0	566105	44
chr1	566105	734739	44
chr1	734739	811403	44
chr1	811403	1890419	69
chr1	1890419	8066167	69
chr1	8066167	9327442	61
chr1	9327442	14482687	61
chr1	14482687	16755866	61
chr1	16755866	16814464	58
chr1	16814464	16848768	58
chr1	16848768	16870321	37
chr1	16870321	17016876	20
chr1	17016876	17082652	41
chr1	17082652	17152358	58
chr1	17152358	17236245	58
chr1	17236245	17917506	58
chr1	17917506	18061479	58
chr1	18061479	18171586	58
chr1	18171586	18421558	58
chr1	18421558	18654589	58
chr1	18654589	20185948	58
chr1	20185948	21307389	58
chr1	21307389	23215310	58
chr1	23215310	24755956	58
chr1	24755956	26132903	55
chr1	26132903	26157839	63
chr1	26157839	26253274	63
chr1	26253274	26934019	55
chr1	26934019	27880007	27
chr1	27880007	28629153	55
chr1	28629153	28880951	41
chr1	28880951	29007705	55
chr1	29007705	29447743	41
chr1	29447743	30590363	55
chr1	30590363	30711544	27
chr1	30711544	30720535	55
chr1	30720535	31983047	27
chr1	31983047	32175163	30
chr1	32175163	33244047	58
chr1	33244047	34001386	58
chr1	34001386	35051963	58
chr1	35051963	35087951	66
chr1	35087951	35109386	65
chr1	35109386	35133004	66
chr1	35133004	36313237	58
chr1	36313237	36679946	58
chr1	36679946	37197385	62
chr1	37197385	37324799	70
chr1	37324799	42563757	78
chr1	42563757	45080613	80
chr1	45080613	50290156	77
chr1	50290156	54794374	74
chr1	54794374	55772823	70
chr1	55772823	59105706	68
chr1	59105706	60544184	70
chr1	60544184	72208306	69
chr1	72208306	72753227	69
chr1	72753227	72765894	85
chr1	72765894	72768926	87
chr1	72768926	72811532	54
chr1	72811532	72892440	71
chr1	72892440	73497010	68
chr1	73497010	74536605	69
chr1	74536605	74540304	48
chr1	74540304	75387692	69
chr1	75387692	77593002	71
chr1	77593002	80559482	63
chr1	80559482	85227871	61
chr1	85227871	86636982	61
chr1	86636982	94134852	66
chr1	94134852	94483541	66
chr1	94483541	109888745	66
chr1	109888745	110225035	66
chr1	110225035	110251470	66
chr1	110251470	110768986	66
chr1	110768986	111620285	66
chr1	111620285	112329908	64
chr1	112329908	112693006	64
chr1	112693006	112706196	81
chr1	112706196	112839921	64
chr1	112839921	114930771	64
chr1	114930771	114959714	43
chr1	114959714	118013274	64
chr1	118013274	120523828	67
chr1	120523828	120551476	67
chr1	120551476	120621451	68
chr1	120621451	120685338	85
chr1	120685338	121185034	93
chr1	121185034	121230790	85
chr1	121230790	121291080	68
chr1	121291080	125000000	2
chr1	125000000	143458436	9
chr1	143458436	148648869	69
chr1	148648869	149425912	47
chr1	149425912	149692722	69
chr1	149692722	151529156	96
chr1	151529156	152555617	96
chr1	152555617	152586585	96
chr1	152586585	152761982	96
chr1	152761982	152768465	96
chr1	152768465	154924828	96
chr1	154924828	155194365	96
chr1	155194365	155247949	88
chr1	155247949	155567329	96
chr1	155567329	155665165	74
chr1	155665165	157891045	96
chr1	157891045	160278300	98
chr1	160278300	176153843	98
chr1	176153843	180514472	97
chr1	180514472	180619295	89
chr1	180619295	183237145	75
chr1	183237145	183523095	89
chr1	183523095	196698279	85
chr1	196698279	196705860	93
chr1	196705860	196816261	72
chr1	196816261	196828843	93
chr1	196828843	196843835	85
chr1	196843835	208941208	84
chr1	208941208	211939113	84
chr1	211939113	212830606	83
chr1	212830606	214291423	83
chr1	214291423	217754871	87
chr1	217754871	219885140	91
chr1	219885140	219930397	91
chr1	219930397	232948623	91
chr1	232948623	247534274	90
chr1	247534274	247787459	91
chr1	247787459	247864435	70
chr1	247864435	249250621	91
chr2	0	224331	50
chr2	224331	342200	48
chr2	342200	2469416	62
chr2	2469416	4216461	63
chr2	4216461	4219941	35
chr2	4219941	4515603	63
chr2	4515603	6420338	63
chr2	6420338	9877183	62
chr2	9877183	14702922	63
chr2	14702922	23974161	65
chr2	23974161	25502741	66
chr2	25502741	26916131	66
chr2	26916131	29365571	74
chr2	29365571	34695192	74
chr2	34695192	35972005	74
chr2	35972005	35992716	72
chr2	35992716	41809180	74
chr2	41809180	43383294	66
chr2	43383294	45820839	69
chr2	45820839	45907574	77
chr2	45907574	52747747	69
chr2	52747747	54249116	69
chr2	54249116	61661516	69
chr2	61661516	61752602	41
chr2	61752602	67164049	69
chr2	67164049	68351869	69
chr2	68351869	70362959	69
chr2	70362959	77088778	69
chr2	77088778	80280695	69
chr2	80280695	87413976	58
chr2	87413976	87555780	79
chr2	87555780	90082301	58
chr2	90082301	90301276	58
chr2	90301276	91627978	27
chr2	91627978	91794849	41
chr2	91794849	92285930	58
chr2	92285930	93300000	27
chr2	93300000	95341388	25
chr2	95341388	95421697	39
chr2	95421697	95439958	60
chr2	95439958	96656411	60
chr2	96656411	97903520	43
chr2	97903520	98524556	43
chr2	98524556	98675483	60
chr2	98675483	98879626	43
chr2	98879626	101162043	60
chr2	101162043	104028502	73
chr2	104028502	104262587	90
chr2	104262587	106880404	73
chr2	106880404	106886312	71
chr2	106886312	109202757	73
chr2	109202757	109357887	73
chr2	109357887	109604227	73
chr2	109604227	110012398	73
chr2	110012398	111403986	73
chr2	111403986	111613220	73
chr2	111613220	111660454	73
chr2	111660454	111885594	73
chr2	111885594	112372597	73
chr2	112372597	112423341	73
chr2	112423341	112615695	73
chr2	112615695	112882741	73
chr2	112882741	113314191	73
chr2	113314191	113319062	73
chr2	113319062	113461268	73
chr2	113461268	113488995	73
chr2	113488995	113546791	73
chr2	113546791	113636636	73
chr2	113636636	113871943	73
chr2	113871943	114429392	73
chr2	114429392	114502515	73
chr2	114502515	115119952	73
chr2	115119952	117347511	73
chr2	117347511	117820835	71
chr2	117820835	119398482	71
chr2	119398482	127019032	71
chr2	127019032	135204020	69
chr2	135204020	135907759	69
chr2	135907759	140122834	69
chr2	140122834	146879621	69
chr2	146879621	148839600	71
chr2	148839600	149014382	68
chr2	149014382	150468518	73
chr2	150468518	168826452	73
chr2	168826452	177020211	71
chr2	177020211	177189497	71
chr2	177189497	177696595	87
chr2	177696595	178032138	87
chr2	178032138	178455531	71
chr2	178455531	180790636	73
chr2	180790636	181212537	73
chr2	181212537	181944771	70
chr2	181944771	182624737	67
chr2	182624737	183910188	69
chr2	183910188	186458661	49
chr2	186458661	186517407	66
chr2	186517407	187629616	66
chr2	187629616	190641833	49
chr2	190641833	194236536	51
chr2	194236536	194989723	51
chr2	194989723	196179851	51
chr2	196179851	199858614	51
chr2	199858614	208431266	30
chr2	208431266	209075969	30
chr2	209075969	209418706	28
chr2	209418706	211318885	28
chr2	211318885	212988956	27
chr2	212988956	213158275	29
chr2	213158275	213219224	30
chr2	213219224	213722875	29
chr2	213722875	215716194	27
chr2	215716194	223497680	29
chr2	223497680	230762347	26
chr2	230762347	235411461	26
chr2	235411461	236119520	26
chr2	236119520	236943609	26
chr2	236943609	237490615	18
chr2	237490615	239496487	34
chr2	239496487	243199373	38
chr3	0	4662738	12
chr3	4662738	6648836	13
chr3	6648836	6660012	0
chr3	6660012	6881077	13
chr3	6881077	8479062	17
chr3	8479062	8587823	17
chr3	8587823	10243615	17
chr3	10243615	10565606	0
chr3	10565606	12356103	0
chr3	12356103	12463596	16
chr3	12463596	13529794	36
chr3	13529794	19435087	16
chr3	19435087	19846712	30
chr3	19846712	19924228	9
chr3	19924228	20031256	14
chr3	20031256	23071672	35
chr3	23071672	26148988	50
chr3	26148988	26304146	29
chr3	26304146	28684951	50
chr3	28684951	37949994	36
chr3	37949994	39197746	28
chr3	39197746	42373738	27
chr3	42373738	44728822	44
chr3	44728822	48152949	41
chr3	48152949	48168893	62
chr3	48168893	48275962	41
chr3	48275962	52152004	20
chr3	52152004	52385602	41
chr3	52385602	59104416	27
chr3	59104416	59316164	47
chr3	59316164	59598769	51
chr3	59598769	60707095	31
chr3	60707095	60726223	10
chr3	60726223	60775421	0
chr3	60775421	60836843	10
chr3	60836843	62623534	31
chr3	62623534	65187151	31
chr3	65187151	65216425	34
chr3	65216425	65873060	31
chr3	65873060	65924069	39
chr3	65924069	67492844	31
chr3	67492844	68728890	23
chr3	68728890	68748772	2
chr3	68748772	70928733	23
chr3	70928733	73023777	37
chr3	73023777	73095750	23
chr3	73095750	75411137	37
chr3	75411137	82722632	37
chr3	82722632	90145243	52
chr3	90145243	91000000	69
chr3	91000000	93543006	1
chr3	93543006	93548479	14
chr3	93548479	93588564	22
chr3	93588564	93605126	22
chr3	93605126	93787311	79
chr3	93787311	94984795	71
chr3	94984795	98008026	54
chr3	98008026	98926953	40
chr3	98926953	99385692	40
chr3	99385692	104630428	38
chr3	104630428	113388127	40
chr3	113388127	114119459	48
chr3	114119459	116070536	40
chr3	116070536	116775294	0
chr3	116775294	117194841	18
chr3	117194841	117234124	4
chr3	117234124	117565534	32
chr3	117565534	117652723	11
chr3	117652723	122476167	53
chr3	122476167	129730715	51
chr3	129730715	129742245	53
chr3	129742245	129789723	49
chr3	129789723	129806580	35
chr3	129806580	129815485	49
chr3	129815485	129916897	52
chr3	129916897	130052349	50
chr3	130052349	130134861	50
chr3	130134861	132012661	50
chr3	132012661	135699095	55
chr3	135699095	157711332	54
chr3	157711332	159275522	40
chr3	159275522	159279362	54
chr3	159279362	165230759	55
chr3	165230759	168474381	75
chr3	168474381	170071992	75
chr3	170071992	170130840	61
chr3	170130840	170195933	75
chr3	170195933	171244647	75
chr3	171244647	172282254	55
chr3	172282254	172370631	63
chr3	172370631	175686148	55
chr3	175686148	175772816	41
chr3	175772816	175805950	39
chr3	175805950	181120894	53
chr3	181120894	182304131	51
chr3	182304131	187259379	66
chr3	187259379	187446005	46
chr3	187446005	187572259	46
chr3	187572259	189926478	46
chr3	189926478	190240978	46
chr3	190240978	190746006	46
chr3	190746006	190830509	46
chr3	190830509	191867751	46
chr3	191867751	191936757	46
chr3	191936757	191947828	46
chr3	191947828	192027472	46
chr3	192027472	192296786	46
chr3	192296786	194985080	49
chr3	194985080	195251971	49
chr3	195251971	195524446	49
chr3	195524446	195793995	49
chr3	195793995	196706702	49
chr3	196706702	196973515	49
chr3	196973515	198022430	49
chr4	0	66349	0
chr4	66349	68872	0
chr4	68872	156526	10
chr4	156526	1058774	16
chr4	1058774	1388479	18
chr4	1388479	2838021	26
chr4	2838021	3011672	43
chr4	3011672	3260110	26
chr4	3260110	3510450	43
chr4	3510450	3748666	42
chr4	3748666	3899298	37
chr4	3899298	4244957	20
chr4	4244957	4786805	24
chr4	4786805	6525584	41
chr4	6525584	7067862	24
chr4	7067862	7938932	41
chr4	7938932	9854530	24
chr4	9854530	10210168	41
chr4	10210168	10212275	41
chr4	10212275	10231374	62
chr4	10231374	10391541	41
chr4	10391541	10401693	19
chr4	10401693	11896171	41
chr4	11896171	13392807	24
chr4	13392807	15593830	41
chr4	15593830	17367644	24
chr4	17367644	18928588	41
chr4	18928588	20186567	24
chr4	20186567	20457687	3
chr4	20457687	21172481	24
chr4	21172481	22394237	41
chr4	22394237	22651224	62
chr4	22651224	23348800	41
chr4	23348800	23634253	24
chr4	23634253	24558560	41
chr4	24558560	24807441	24
chr4	24807441	25730823	24
chr4	25730823	26084384	40
chr4	26084384	26418681	24
chr4	26418681	26587201	40
chr4	26587201	26888359	24
chr4	26888359	30144469	40
chr4	30144469	31459202	24
chr4	31459202	32201299	40
chr4	32201299	32539486	24
chr4	32539486	34795786	40
chr4	34795786	37509966	24
chr4	37509966	38374427	40
chr4	38374427	40767635	24
chr4	40767635	40965866	40
chr4	40965866	43297564	24
chr4	43297564	45142381	40
chr4	45142381	45304903	24
chr4	45304903	45929981	40
chr4	45929981	48006692	43
chr4	48006692	48260999	26
chr4	48260999	49309867	43
chr4	49309867	50400000	6
chr4	50400000	52696792	1
chr4	52696792	52706713	0
chr4	52706713	52762136	3
chr4	52762136	52853769	9
chr4	52853769	53060344	9
chr4	53060344	53286908	26
chr4	53286908	53778176	42
chr4	53778176	54827600	9
chr4	54827600	56616606	7
chr4	56616606	56776197	24
chr4	56776197	57383095	7
chr4	57383095	57974861	7
chr4	57974861	58138413	7
chr4	58138413	60985583	9
chr4	60985583	64693460	5
chr4	64693460	64717535	0
chr4	64717535	65249743	5
chr4	65249743	69330439	5
chr4	69330439	69373472	38
chr4	69373472	69375058	59
chr4	69375058	69487657	58
chr4	69487657	69536970	59
chr4	69536970	69538744	26
chr4	69538744	72548908	5
chr4	72548908	80475755	3
chr4	80475755	81780270	2
chr4	81780270	91919092	1
chr4	91919092	93941970	1
chr4	93941970	96922059	2
chr4	96922059	98560919	0
chr4	98560919	98705808	0
chr4	98705808	99703274	0
chr4	99703274	99719659	0
chr4	99719659	111185617	0
chr4	111185617	111289363	21
chr4	111289363	111523034	0
chr4	111523034	113968075	0
chr4	113968075	115173678	0
chr4	115173678	115179647	25
chr4	115179647	115184351	22
chr4	115184351	115189919	0
chr4	115189919	115268084	0
chr4	115268084	116158654	0
chr4	116158654	116169357	0
chr4	116169357	124908861	0
chr4	124908861	125173822	0
chr4	125173822	134796262	0
chr4	134796262	138101748	0
chr4	138101748	138182457	17
chr4	138182457	138192101	14
chr4	138192101	138196646	17
chr4	138196646	143536021	0
chr4	143536021	144707996	0
chr4	144707996	146930519	0
chr4	146930519	148835646	0
chr4	148835646	150392133	0
chr4	150392133	150484311	0
chr4	150484311	152799628	0
chr4	152799628	152859487	11
chr4	152859487	153769507	0
chr4	153769507	154549642	0
chr4	154549642	157246996	0
chr4	157246996	174656977	0
chr4	174656977	182232103	0
chr4	182232103	182333567	0
chr4	182333567	184057870	0
chr4	184057870	191154276	0
chr5	0	2340001	58
chr5	2340001	2377894	37
chr5	2377894	2408783	58
chr5	2408783	8218970	50
chr5	8218970	8323007	29
chr5	8323007	19639686	50
chr5	19639686	19799548	29
chr5	19799548	34101645	50
chr5	34101645	34294965	29
chr5	34294965	40192014	50
chr5	40192014	46209591	50
chr5	46209591	46278212	51
chr5	46278212	46383335	22
chr5	46383335	48400000	1
chr5	48400000	49520000	3
chr5	49520000	49762785	4
chr5	49762785	53214160	0
chr5	53214160	53951698	0
chr5	53951698	53991662	0
chr5	53991662	55709142	0
chr5	55709142	55857882	0
chr5	55857882	56206826	0
chr5	56206826	57323830	0
chr5	57323830	57333524	53
chr5	57333524	57335951	39
chr5	57335951	57339215	23
chr5	57339215	57728717	0
chr5	57728717	59234742	0
chr5	59234742	59473097	0
chr5	59473097	59594552	0
chr5	59594552	59600041	0
chr5	59600041	59656661	0
chr5	59656661	59844364	0
chr5	59844364	63412582	0
chr5	63412582	64089372	0
chr5	64089372	64365226	0
chr5	64365226	64495836	0
chr5	64495836	67254979	0
chr5	67254979	68421987	0
chr5	68421987	79482040	0
chr5	79482040	81801629	0
chr5	81801629	87993799	0
chr5	87993799	97032840	0
chr5	97032840	97096533	2
chr5	97096533	103508262	0
chr5	103508262	110998162	0
chr5	110998162	127068797	0
chr5	127068797	129009890	0
chr5	129009890	135002874	0
chr5	135002874	135046639	29
chr5	135046639	137605270	29
chr5	137605270	140714285	43
chr5	140714285	140759605	51
chr5	140759605	140807226	35
chr5	140807226	148550784	43
chr5	148550784	150055521	46
chr5	150055521	152975451	32
chr5	152975451	154609419	30
chr5	154609419	154753831	9
chr5	154753831	155475939	30
chr5	155475939	155476846	16
chr5	155476846	155495252	25
chr5	155495252	155498132	38
chr5	155498132	162167074	30
chr5	162167074	162531444	9
chr5	162531444	167670069	30
chr5	167670069	175027000	32
chr5	175027000	177040344	32
chr5	177040344	177360565	11
chr5	177360565	179984090	32
chr5	179984090	180290412	46
chr5	180290412	180376610	32
chr5	180376610	180432060	46
chr5	180432060	180915260	32
chr6	0	9701670	29
chr6	9701670	10173396	29
chr6	10173396	12800775	13
chr6	12800775	13183676	13
chr6	13183676	14956432	13
chr6	14956432	16064610	8
chr6	16064610	17799819	25
chr6	17799819	18206228	25
chr6	18206228	18253585	25
chr6	18253585	18401646	25
chr6	18401646	18531948	25
chr6	18531948	18600886	25
chr6	18600886	19962242	25
chr6	19962242	20036833	8
chr6	20036833	26154694	25
chr6	26154694	26250927	0
chr6	26250927	29837158	25
chr6	29837158	29849483	21
chr6	29849483	30850901	28
chr6	30850901	32454399	11
chr6	32454399	36630015	28
chr6	36630015	38967900	26
chr6	38967900	40875773	22
chr6	40875773	43246151	22
chr6	43246151	45346684	25
chr6	45346684	46045213	33
chr6	46045213	47212976	25
chr6	47212976	47229058	8
chr6	47229058	47455902	30
chr6	47455902	48703310	8
chr6	48703310	49525433	8
chr6	49525433	50002203	9
chr6	50002203	50397044	33
chr6	50397044	58348953	33
chr6	58348953	58674833	49
chr6	58674833	58741497	49
chr6	58741497	58774716	14
chr6	58774716	61000000	0
chr6	61000000	62011944	33
chr6	62011944	62020284	35
chr6	62020284	62033212	49
chr6	62033212	62324638	57
chr6	62324638	62357676	49
chr6	62357676	62847787	32
chr6	62847787	63166549	54
chr6	63166549	63601556	87
chr6	63601556	65332836	66
chr6	65332836	65955217	66
chr6	65955217	67227403	63
chr6	67227403	67866369	63
chr6	67866369	68164229	63
chr6	68164229	69705300	63
chr6	69705300	71967577	63
chr6	71967577	73007215	63
chr6	73007215	73485665	61
chr6	73485665	73617869	61
chr6	73617869	74591205	61
chr6	74591205	74633180	61
chr6	74633180	77072382	61
chr6	77072382	77436346	61
chr6	77436346	77473304	60
chr6	77473304	77577714	61
chr6	77577714	77996488	28
chr6	77996488	79052282	29
chr6	79052282	80295661	29
chr6	80295661	80317844	28
chr6	80317844	80973631	61
chr6	80973631	81693750	61
chr6	81693750	81781380	60
chr6	81781380	95463184	27
chr6	95463184	95497904	7
chr6	95497904	95563570	24
chr6	95563570	95604281	43
chr6	95604281	95879293	26
chr6	95879293	102096250	24
chr6	102096250	102293190	23
chr6	102293190	102406020	23
chr6	102406020	103715712	23
chr6	103715712	103763766	24
chr6	103763766	112411098	24
chr6	112411098	113399180	32
chr6	113399180	115126236	16
chr6	115126236	116628073	16
chr6	116628073	119144523	22
chr6	119144523	119224276	18
chr6	119224276	119229825	5
chr6	119229825	121580244	18
chr6	121580244	125254350	26
chr6	125254350	126025713	26
chr6	126025713	127798368	26
chr6	127798368	133516734	27
chr6	133516734	143005154	28
chr6	143005154	144786631	31
chr6	144786631	147549869	30
chr6	147549869	155271065	28
chr6	155271065	161270312	20
chr6	161270312	162173305	20
chr6	162173305	162290242	20
chr6	162290242	162687945	0
chr6	162687945	162900693	0
chr6	162900693	162913567	0
chr6	162913567	163369662	20
chr6	163369662	167663235	16
chr6	167663235	171115067	13
chr7	0	710480	21
chr7	710480	782933	0
chr7	782933	2628653	8
chr7	2628653	21999388	0
chr7	21999388	23104954	0
chr7	23104954	40983465	0
chr7	40983465	41229591	33
chr7	41229591	44493012	33
chr7	44493012	44536719	33
chr7	44536719	46883406	33
chr7	46883406	47134442	50
chr7	47134442	47240223	47
chr7	47240223	50241265	49
chr7	50241265	50600394	50
chr7	50600394	50674180	33
chr7	50674180	50814111	50
chr7	50814111	50903011	33
chr7	50903011	53556526	50
chr7	53556526	57950944	42
chr7	57950944	59900000	11
chr7	59900000	61074194	3
chr7	61074194	61628365	38
chr7	61628365	61937644	47
chr7	61937644	61987276	46
chr7	61987276	62161656	77
chr7	62161656	65063887	69
chr7	65063887	66240944	68
chr7	66240944	72355631	69
chr7	72355631	72857766	47
chr7	72857766	81774279	69
chr7	81774279	81941264	61
chr7	81941264	88221430	69
chr7	88221430	100237071	69
chr7	100237071	100520772	69
chr7	100520772	101350928	77
chr7	101350928	104629407	75
chr7	104629407	104887353	61
chr7	104887353	105009314	48
chr7	105009314	107504161	75
chr7	107504161	109429989	72
chr7	109429989	109458840	76
chr7	109458840	110298431	69
chr7	110298431	110607262	67
chr7	110607262	115040114	74
chr7	115040114	116589381	66
chr7	116589381	116814065	52
chr7	116814065	127366880	66
chr7	127366880	129473350	68
chr7	129473350	133221287	71
chr7	133221287	133781915	79
chr7	133781915	133807518	74
chr7	133807518	140993820	79
chr7	140993820	141425447	77
chr7	141425447	141712834	63
chr7	141712834	141872657	77
chr7	141872657	142569888	77
chr7	142569888	142627359	77
chr7	142627359	143266273	77
chr7	143266273	143446455	77
chr7	143446455	143497983	77
chr7	143497983	143732364	77
chr7	143732364	144431752	72
chr7	144431752	145193785	72
chr7	145193785	159138663	72
chr8	0	5576562	0
chr8	5576562	6083379	0
chr8	6083379	6145851	0
chr8	6145851	9878846	0
chr8	9878846	12268731	0
chr8	12268731	12529361	0
chr8	12529361	22897407	0
chr8	22897407	23549439	0
chr8	23549439	24973309	0
chr8	24973309	24975039	0
chr8	24975039	24984149	0
chr8	24984149	24984190	0
chr8	24984190	27411172	0
chr8	27411172	28785018	0
chr8	28785018	29890223	0
chr8	29890223	33405349	0
chr8	33405349	33518051	0
chr8	33518051	33960956	17
chr8	33960956	34065610	37
chr8	34065610	35731052	21
chr8	35731052	36374679	0
chr8	36374679	38272544	21
chr8	38272544	38313167	0
chr8	38313167	38796815	3
chr8	38796815	39233131	24
chr8	39233131	39299176	25
chr8	39299176	39384412	33
chr8	39384412	40045237	35
chr8	40045237	40146309	0
chr8	40146309	40193663	26
chr8	40193663	41107855	69
chr8	41107855	42257907	35
chr8	42257907	42728412	0
chr8	42728412	43430222	0
chr8	43430222	43736901	8
chr8	43736901	43778914	0
chr8	43778914	45600000	0
chr8	45600000	46936840	4
chr8	46936840	46940022	21
chr8	46940022	48758981	89
chr8	48758981	66470084	89
chr8	66470084	66642215	89
chr8	66642215	75731951	89
chr8	75731951	86339758	89
chr8	86339758	86511962	89
chr8	86511962	88200657	89
chr8	88200657	89285126	89
chr8	89285126	89397794	89
chr8	89397794	89695070	89
chr8	89695070	89842482	89
chr8	89842482	90014842	89
chr8	90014842	90589715	89
chr8	90589715	91378604	89
chr8	91378604	92072789	89
chr8	92072789	92218269	89
chr8	92218269	92635761	89
chr8	92635761	93005729	89
chr8	93005729	93466391	89
chr8	93466391	93664487	89
chr8	93664487	93788101	89
chr8	93788101	94034223	89
chr8	94034223	94508261	89
chr8	94508261	94905156	89
chr8	94905156	95237529	89
chr8	95237529	95556227	89
chr8	95556227	95696654	89
chr8	95696654	95757433	89
chr8	95757433	96330740	89
chr8	96330740	96401792	89
chr8	96401792	96639668	89
chr8	96639668	96864746	91
chr8	96864746	96947860	91
chr8	96947860	97114700	91
chr8	97114700	97919399	90
chr8	97919399	98154350	90
chr8	98154350	98265142	90
chr8	98265142	98364415	90
chr8	98364415	98465044	90
chr8	98465044	98764901	90
chr8	98764901	99261159	90
chr8	99261159	99353165	90
chr8	99353165	100293775	90
chr8	100293775	100487553	90
chr8	100487553	100829260	90
chr8	100829260	100852308	91
chr8	100852308	102706809	91
chr8	102706809	102771191	91
chr8	102771191	102869158	91
chr8	102869158	103058186	91
chr8	103058186	103638594	91
chr8	103638594	103971035	91
chr8	103971035	104143520	91
chr8	104143520	104581973	91
chr8	104581973	104690753	91
chr8	104690753	105114330	91
chr8	105114330	105740607	91
chr8	105740607	106101725	91
chr8	106101725	106154178	91
chr8	106154178	106363035	91
chr8	106363035	107297542	91
chr8	107297542	107398586	91
chr8	107398586	107789917	91
chr8	107789917	107873059	91
chr8	107873059	108518067	91
chr8	108518067	109437652	91
chr8	109437652	109637149	91
chr8	109637149	110074598	91
chr8	110074598	111181633	91
chr8	111181633	111644438	91
chr8	111644438	112459794	91
chr8	112459794	113038297	91
chr8	113038297	113316013	91
chr8	113316013	113417777	91
chr8	113417777	113807819	91
chr8	113807819	114027452	91
chr8	114027452	114362031	91
chr8	114362031	114594712	91
chr8	114594712	114704445	91
chr8	114704445	114789142	91
chr8	114789142	114922197	91
chr8	114922197	118795332	91
chr8	118795332	118970146	91
chr8	118970146	119347695	91
chr8	119347695	119647188	91
chr8	119647188	119972378	91
chr8	119972378	120701643	91
chr8	120701643	120812953	91
chr8	120812953	120944423	91
chr8	120944423	121096750	91
chr8	121096750	121367780	91
chr8	121367780	121442166	91
chr8	121442166	121644178	91
chr8	121644178	121976663	91
chr8	121976663	122241411	91
chr8	122241411	122570867	91
chr8	122570867	123056773	91
chr8	123056773	123149276	91
chr8	123149276	123410917	91
chr8	123410917	123451213	91
chr8	123451213	123777182	91
chr8	123777182	124047607	91
chr8	124047607	124151265	91
chr8	124151265	124332190	91
chr8	124332190	124449937	91
chr8	124449937	124789059	91
chr8	124789059	125268882	99
chr8	125268882	125485938	99
chr8	125485938	126333276	99
chr8	126333276	126547884	99
chr8	126547884	126758003	99
chr8	126758003	126801384	99
chr8	126801384	126828568	99
chr8	126828568	126867415	99
chr8	126867415	127274385	99
chr8	127274385	127368187	99
chr8	127368187	127605551	99
chr8	127605551	127683653	99
chr8	127683653	127938461	99
chr8	127938461	128162701	99
chr8	128162701	128546355	99
chr8	128546355	128712398	99
chr8	128712398	129192527	99
chr8	129192527	129709183	99
chr8	129709183	130182212	99
chr8	130182212	130426225	99
chr8	130426225	130556124	99
chr8	130556124	130644346	99
chr8	130644346	130829010	99
chr8	130829010	131409111	99
chr8	131409111	131753061	99
chr8	131753061	132020809	99
chr8	132020809	132457313	99
chr8	132457313	132935296	99
chr8	132935296	133072528	99
chr8	133072528	133268528	99
chr8	133268528	133984912	99
chr8	133984912	134031423	99
chr8	134031423	134170132	99
chr8	134170132	134469873	99
chr8	134469873	135063687	99
chr8	135063687	135210439	99
chr8	135210439	135800000	99
chr8	135800000	135866935	99
chr8	135866935	137586959	99
chr8	137586959	137689423	99
chr8	137689423	137977149	99
chr8	137977149	138138349	99
chr8	138138349	138861396	99
chr8	138861396	139041731	99
chr8	139041731	140395890	99
chr8	140395890	140610253	99
chr8	140610253	141515050	99
chr8	141515050	142004477	99
chr8	142004477	146364022	99
chr9	0	2029074	33
chr9	2029074	3185396	33
chr9	3185396	3249847	33
chr9	3249847	3466645	33
chr9	3466645	3683278	33
chr9	3683278	3758093	33
chr9	3758093	3861182	33
chr9	3861182	3971915	33
chr9	3971915	4017464	33
chr9	4017464	4038605	33
chr9	4038605	4603356	33
chr9	4603356	4732615	33
chr9	4732615	7804281	33
chr9	7804281	9496074	30
chr9	9496074	9564470	30
chr9	9564470	10258834	30
chr9	10258834	10330057	30
chr9	10330057	12586387	30
chr9	12586387	12676009	30
chr9	12676009	13244852	30
chr9	13244852	13304836	30
chr9	13304836	14764823	30
chr9	14764823	15205841	30
chr9	15205841	15296616	30
chr9	15296616	15432282	30
chr9	15432282	15508809	30
chr9	15508809	16837237	30
chr9	16837237	16887975	30
chr9	16887975	17462013	30
chr9	17462013	21625989	30
chr9	21625989	21958539	30
chr9	21958539	30211950	30
chr9	30211950	30930219	47
chr9	30930219	32470173	30
chr9	32470173	32810366	38
chr9	32810366	32812897	42
chr9	32812897	34337608	44
chr9	34337608	35656431	46
chr9	35656431	35856166	46
chr9	35856166	37349336	46
chr9	37349336	37857167	38
chr9	37857167	38919096	46
chr9	38919096	43654560	63
chr9	43654560	44203261	46
chr9	44203261	46038858	63
chr9	46038858	46906975	63
chr9	46906975	49000000	1
chr9	49000000	65630934	7
chr9	65630934	66630502	4
chr9	66630502	67899911	21
chr9	67899911	68683898	42
chr9	68683898	70553336	21
chr9	70553336	70944166	4
chr9	70944166	70947252	21
chr9	70947252	71050587	18
chr9	71050587	72120155	0
chr9	72120155	72272093	18
chr9	72272093	74923429	0
chr9	74923429	76918752	0
chr9	76918752	77072953	18
chr9	77072953	83073126	0
chr9	83073126	83219796	18
chr9	83219796	86438882	0
chr9	86438882	87463456	0
chr9	87463456	87586607	20
chr9	87586607	89289425	0
chr9	89289425	89424834	20
chr9	89424834	92017756	0
chr9	92017756	94194436	0
chr9	94194436	94197803	17
chr9	94197803	95429092	0
chr9	95429092	106047500	0
chr9	106047500	106802465	0
chr9	106802465	106953327	18
chr9	106953327	107707605	0
chr9	107707605	107993621	5
chr9	107993621	108229738	2
chr9	108229738	108248287	0
chr9	108248287	108488243	15
chr9	108488243	110099388	0
chr9	110099388	110237230	15
chr9	110237230	112032960	0
chr9	112032960	116340764	0
chr9	116340764	116776288	0
chr9	116776288	117054270	21
chr9	117054270	117659010	0
chr9	117659010	120139687	3
chr9	120139687	120192079	24
chr9	120192079	122760606	3
chr9	122760606	128495305	24
chr9	128495305	130663224	24
chr9	130663224	130854408	21
chr9	130854408	132650490	21
chr9	132650490	136009099	21
chr9	136009099	139101712	24
chr9	139101712	141213431	24
chr10	0	5332710	69
chr10	5332710	6138723	69
chr10	6138723	25071193	69
chr10	25071193	29535848	52
chr10	29535848	32668245	72
chr10	32668245	38834411	72
chr10	38834411	39000378	89
chr10	39000378	39050890	58
chr10	39050890	40200000	6
chr10	40200000	42433540	1
chr10	42433540	42522927	0
chr10	42522927	50080336	5
chr10	50080336	50297518	4
chr10	50297518	52783720	5
chr10	52783720	54551073	24
chr10	54551073	55300832	26
chr10	55300832	55470921	48
chr10	55470921	60437651	26
chr10	60437651	67906112	48
chr10	67906112	72907008	28
chr10	72907008	79191748	28
chr10	79191748	79315148	27
chr10	79315148	79531768	48
chr10	79531768	85289396	27
chr10	85289396	88574761	24
chr10	88574761	88781663	45
chr10	88781663	90871563	24
chr10	90871563	95266428	32
chr10	95266428	96132136	33
chr10	96132136	108180181	16
chr10	108180181	124401122	19
chr10	124401122	126851829	27
chr10	126851829	135534747	24
chr11	0	4968348	7
chr11	4968348	4976872	15
chr11	4976872	5776609	7
chr11	5776609	5783082	24
chr11	5783082	5809239	16
chr11	5809239	5816215	24
chr11	5816215	10861454	7
chr11	10861454	16582771	15
chr11	16582771	26680979	13
chr11	26680979	31258199	33
chr11	31258199	35271849	47
chr11	35271849	39471532	57
chr11	39471532	39542524	43
chr11	39542524	42221791	57
chr11	42221791	45001628	57
chr11	45001628	48233994	49
chr11	48233994	48417693	46
chr11	48417693	50381127	50
chr11	50381127	50390319	51
chr11	50390319	51183919	72
chr11	51183919	51221602	38
chr11	51221602	51429291	38
chr11	51429291	51518519	17
chr11	51518519	53700000	3
chr11	53700000	54789042	1
chr11	54789042	54794667	15
chr11	54794667	57303833	72
chr11	57303833	57563341	51
chr11	57563341	60834682	72
chr11	60834682	61328417	72
chr11	61328417	62009420	72
chr11	62009420	62157517	51
chr11	62157517	65089118	72
chr11	65089118	65168758	80
chr11	65168758	67455722	72
chr11	67455722	68682197	80
chr11	68682197	69150911	97
chr11	69150911	71339209	97
chr11	71339209	71472668	97
chr11	71472668	73757590	97
chr11	73757590	74609416	64
chr11	74609416	77803088	64
chr11	77803088	79417551	64
chr11	79417551	81191761	21
chr11	81191761	81195479	42
chr11	81195479	81378118	21
chr11	81378118	81585934	42
chr11	81585934	82579344	64
chr11	82579344	89396507	60
chr11	89396507	92611792	58
chr11	92611792	92706930	37
chr11	92706930	93442151	58
chr11	93442151	93928430	42
chr11	93928430	96977142	44
chr11	96977142	98950579	60
chr11	98950579	99076780	39
chr11	99076780	100908821	60
chr11	100908821	100956750	57
chr11	100956750	100996205	57
chr11	100996205	103167434	60
chr11	103167434	107046162	60
chr11	107046162	115429737	52
chr11	115429737	115469343	31
chr11	115469343	118935682	52
chr11	118935682	120264000	49
chr11	120264000	120406148	49
chr11	120406148	120934775	49
chr11	120934775	121285676	49
chr11	121285676	121710498	28
chr11	121710498	128313941	28
chr11	128313941	134298991	23
chr11	134298991	135006516	15
chr12	0	185876	90
chr12	185876	2211552	90
chr12	2211552	2276891	90
chr12	2276891	2673219	90
chr12	2673219	3383181	98
chr12	3383181	4368743	94
chr12	4368743	4397717	94
chr12	4397717	5588802	94
chr12	5588802	5618096	95
chr12	5618096	7066150	95
chr12	7066150	8369457	94
chr12	8369457	8595219	94
chr12	8595219	11298976	94
chr12	11298976	12267300	95
chr12	12267300	13554988	93
chr12	13554988	13574632	93
chr12	13574632	13873760	93
chr12	13873760	14933162	89
chr12	14933162	15174767	92
chr12	15174767	15240300	92
chr12	15240300	24667014	72
chr12	24667014	25298803	72
chr12	25298803	25386627	72
chr12	25386627	25737584	72
chr12	25737584	25819533	72
chr12	25819533	27971375	72
chr12	27971375	31218924	72
chr12	31218924	31267178	73
chr12	31267178	31583342	72
chr12	31583342	31656852	72
chr12	31656852	32289113	64
chr12	32289113	34756673	64
chr12	34756673	35800000	33
chr12	35800000	37857751	4
chr12	37857751	37959632	35
chr12	37959632	38134752	74
chr12	38134752	38184619	71
chr12	38184619	41757427	63
chr12	41757427	41815955	60
chr12	41815955	41890513	63
chr12	41890513	46039963	65
chr12	46039963	46937589	65
chr12	46937589	47112503	44
chr12	47112503	47380646	65
chr12	47380646	47774611	65
chr12	47774611	48605672	65
chr12	48605672	49568595	65
chr12	49568595	49925003	65
chr12	49925003	51349855	65
chr12	51349855	53483261	44
chr12	53483261	53974442	44
chr12	53974442	54379355	44
chr12	54379355	55168464	44
chr12	55168464	56319798	44
chr12	56319798	57004428	44
chr12	57004428	58771104	44
chr12	58771104	58901801	65
chr12	58901801	59531086	65
chr12	59531086	68644812	65
chr12	68644812	69163574	65
chr12	69163574	70094590	66
chr12	70094590	70253990	45
chr12	70253990	78653407	66
chr12	78653407	80429840	65
chr12	80429840	80445320	44
chr12	80445320	85111494	65
chr12	85111494	86060808	63
chr12	86060808	86097767	63
chr12	86097767	90640659	63
chr12	90640659	99297951	63
chr12	99297951	99877469	42
chr12	99877469	100325038	50
chr12	100325038	101684675	72
chr12	101684675	101934447	72
chr12	101934447	102013984	72
chr12	102013984	102054827	72
chr12	102054827	104818777	72
chr12	104818777	118471189	50
chr12	118471189	118585817	34
chr12	118585817	121576326	50
chr12	121576326	121855447	50
chr12	121855447	122339545	29
chr12	122339545	122407526	29
chr12	122407526	124730531	50
chr12	124730531	124783009	50
chr12	124783009	125113363	50
chr12	125113363	125396780	50
chr12	125396780	129229699	50
chr12	129229699	129234007	34
chr12	129234007	133851895	50
chr13	0	17900000	0
chr13	17900000	19123483	4
chr13	19123483	19368903	12
chr13	19368903	24233960	0
chr13	24233960	24970207	0
chr13	24970207	26401917	1
chr13	26401917	32531602	3
chr13	32531602	32539241	17
chr13	32539241	33549771	3
chr13	33549771	38070201	17
chr13	38070201	38088381	14
chr13	38088381	45309841	16
chr13	45309841	48188836	14
chr13	48188836	49022535	16
chr13	49022535	55298291	36
chr13	55298291	57754683	35
chr13	57754683	57784047	51
chr13	57784047	63801447	35
chr13	63801447	65837136	34
chr13	65837136	68509523	36
chr13	68509523	68674087	69
chr13	68674087	71585437	36
chr13	71585437	71768962	52
chr13	71768962	72035814	36
chr13	72035814	72309434	52
chr13	72309434	86321011	36
chr13	86321011	86503160	34
chr13	86503160	87310172	51
chr13	87310172	92501549	34
chr13	92501549	92596428	51
chr13	92596428	92956453	34
chr13	92956453	115169878	34
chr14	0	17600000	0
chr14	17600000	19108176	2
chr14	19108176	19392293	46
chr14	19392293	20464177	46
chr14	20464177	22182842	49
chr14	22182842	22658161	45
chr14	22658161	23029868	45
chr14	23029868	23149434	47
chr14	23149434	23432148	47
chr14	23432148	24499753	13
chr14	24499753	25947675	13
chr14	25947675	26113867	46
chr14	26113867	29278028	46
chr14	29278028	32596821	13
chr14	32596821	33946871	12
chr14	33946871	34888842	12
chr14	34888842	36761380	12
chr14	36761380	41606899	12
chr14	41606899	41657299	34
chr14	41657299	48509208	12
chr14	48509208	50562820	20
chr14	50562820	54627315	4
chr14	54627315	55954260	4
chr14	55954260	60802311	1
chr14	60802311	60871674	23
chr14	60871674	64423826	1
chr14	64423826	68522055	0
chr14	68522055	74138305	0
chr14	74138305	75067095	0
chr14	75067095	75339791	0
chr14	75339791	75572342	0
chr14	75572342	76458974	0
chr14	76458974	77169463	0
chr14	77169463	77527877	0
chr14	77527877	77691875	0
chr14	77691875	77894197	0
chr14	77894197	82111728	0
chr14	82111728	83411352	0
chr14	83411352	88755969	14
chr14	88755969	90821723	14
chr14	90821723	91234829	16
chr14	91234829	103526842	16
chr14	103526842	103900718	16
chr14	103900718	104875275	16
chr14	104875275	104963862	16
chr14	104963862	105264158	16
chr14	105264158	106049634	16
chr14	106049634	106248941	16
chr14	106248941	106880592	16
chr14	106880592	106918378	0
chr14	106918378	107349540	16
chr15	0	19000000	0
chr15	19000000	20071673	2
chr15	20071673	20101641	23
chr15	20101641	20154183	62
chr15	20154183	20265132	20
chr15	20265132	20394175	0
chr15	20394175	22292126	0
chr15	22292126	23226361	18
chr15	23226361	24651038	21
chr15	24651038	24717179	1
chr15	24717179	25551437	21
chr15	25551437	26399314	17
chr15	26399314	26540629	17
chr15	26540629	26558900	17
chr15	26558900	34800448	17
chr15	34800448	41144629	14
chr15	41144629	51107473	13
chr15	51107473	51224900	16
chr15	51224900	51439630	16
chr15	51439630	51820737	18
chr15	51820737	52238950	19
chr15	52238950	52533829	17
chr15	52533829	54805496	17
chr15	54805496	55145423	38
chr15	55145423	55785738	38
chr15	55785738	58196287	38
chr15	58196287	58893779	38
chr15	58893779	61567004	38
chr15	61567004	66115483	41
chr15	66115483	66358500	40
chr15	66358500	71533857	40
chr15	71533857	73768472	41
chr15	73768472	75468973	39
chr15	75468973	75732401	25
chr15	75732401	76884795	25
chr15	76884795	76895775	11
chr15	76895775	77144845	25
chr15	77144845	78233243	39
chr15	78233243	78297151	25
chr15	78297151	79845939	27
chr15	79845939	82492070	41
chr15	82492070	91330538	27
chr15	91330538	93478995	27
chr15	93478995	98804639	35
chr15	98804639	98925250	56
chr15	98925250	101105243	56
chr15	101105243	102531392	35
chr16	0	4590011	8
chr16	4590011	5097443	8
chr16	5097443	8473802	8
chr16	8473802	10188136	7
chr16	10188136	10434862	28
chr16	10434862	11717333	7
chr16	11717333	14861831	10
chr16	14861831	14897809	12
chr16	14897809	15048806	10
chr16	15048806	15112422	5
chr16	15112422	22841526	8
chr16	22841526	23734971	10
chr16	23734971	25647441	8
chr16	25647441	26270629	0
chr16	26270629	26323569	0
chr16	26323569	26604604	10
chr16	26604604	29580329	10
chr16	29580329	30330194	29
chr16	30330194	30631421	29
chr16	30631421	35183806	7
chr16	35183806	35205717	24
chr16	35205717	36600000	10
chr16	36600000	46491374	2
chr16	46491374	47550632	0
chr16	47550632	47939211	22
chr16	47939211	48583917	20
chr16	48583917	49206354	28
chr16	49206354	49670385	49
chr16	49670385	53473434	28
chr16	53473434	53860933	6
chr16	53860933	56102822	0
chr16	56102822	69854028	0
chr16	69854028	70006488	0
chr16	70006488	70833930	0
chr16	70833930	70840723	0
chr16	70840723	70854785	18
chr16	70854785	70869953	35
chr16	70869953	71170120	35
chr16	71170120	71198694	18
chr16	71198694	71203996	18
chr16	71203996	71209063	0
chr16	71209063	78532338	0
chr16	78532338	78798792	0
chr16	78798792	81878991	0
chr16	81878991	83590256	0
chr16	83590256	84541747	0
chr16	84541747	85789294	0
chr16	85789294	90354753	0
chr17	0	706115	4
chr17	706115	838177	4
chr17	838177	1473767	26
chr17	1473767	5435755	0
chr17	5435755	6183435	6
chr17	6183435	7887302	24
chr17	7887302	9992322	19
chr17	9992322	17627399	0
chr17	17627399	18011143	0
chr17	18011143	18283370	0
chr17	18283370	18337627	0
chr17	18337627	18471922	17
chr17	18471922	18531159	3
chr17	18531159	18711552	0
chr17	18711552	20767223	0
chr17	20767223	20918643	0
chr17	20918643	21397784	0
chr17	21397784	21953994	0
chr17	21953994	22062395	15
chr17	22062395	22145506	0
chr17	22145506	22170994	6
chr17	22170994	24000000	0
chr17	24000000	25313829	4
chr17	25313829	25401211	0
chr17	25401211	26968852	0
chr17	26968852	27363344	9
chr17	27363344	27593463	0
chr17	27593463	27698451	0
chr17	27698451	28141520	0
chr17	28141520	28572101	0
chr17	28572101	29360848	0
chr17	29360848	29628872	0
chr17	29628872	29737937	0
chr17	29737937	30235855	0
chr17	30235855	32112156	0
chr17	32112156	32148532	0
chr17	32148532	34404160	0
chr17	34404160	34476840	0
chr17	34476840	36244069	0
chr17	36244069	37062937	0
chr17	37062937	37297548	0
chr17	37297548	37361135	0
chr17	37361135	37543989	0
chr17	37543989	37629656	0
chr17	37629656	37722157	0
chr17	37722157	38085428	0
chr17	38085428	38285134	0
chr17	38285134	38735973	0
chr17	38735973	39410689	0
chr17	39410689	39421696	0
chr17	39421696	39422361	0
chr17	39422361	39431628	31
chr17	39431628	39433319	0
chr17	39433319	39435952	0
chr17	39435952	39753846	0
chr17	39753846	39785952	0
chr17	39785952	39926881	10
chr17	39926881	41010638	0
chr17	41010638	41269618	4
chr17	41269618	41387119	0
chr17	41387119	41534161	10
chr17	41534161	41942824	29
chr17	41942824	42257197	15
chr17	42257197	43077500	29
chr17	43077500	43580338	37
chr17	43580338	43659384	17
chr17	43659384	43690936	9
chr17	43690936	44130223	29
chr17	44130223	44164457	28
chr17	44164457	44191425	10
chr17	44191425	44202920	0
chr17	44202920	44240636	0
chr17	44240636	44346447	6
chr17	44346447	44379313	29
chr17	44379313	44404865	29
chr17	44404865	44514476	25
chr17	44514476	45191971	29
chr17	45191971	45775285	31
chr17	45775285	45986435	31
chr17	45986435	46260956	52
chr17	46260956	46631354	52
chr17	46631354	46863607	68
chr17	46863607	52425580	47
chr17	52425580	52487555	68
chr17	52487555	54159979	47
chr17	54159979	54173305	68
chr17	54173305	56941281	47
chr17	56941281	57368699	47
chr17	57368699	57462736	47
chr17	57462736	58327401	47
chr17	58327401	61931388	53
chr17	61931388	62145880	53
chr17	62145880	64856332	53
chr17	64856332	64903046	53
chr17	64903046	67972344	53
chr17	67972344	68036752	53
chr17	68036752	70298866	53
chr17	70298866	70532966	53
chr17	70532966	71848422	53
chr17	71848422	71944854	53
chr17	71944854	72243202	53
chr17	72243202	72373389	53
chr17	72373389	74028803	53
chr17	74028803	74302165	36
chr17	74302165	75372056	53
chr17	75372056	75504412	53
chr17	75504412	76591931	53
chr17	76591931	76649193	53
chr17	76649193	77402903	53
chr17	77402903	77470416	45
chr17	77470416	78516079	53
chr17	78516079	78612615	53
chr17	78612615	80535931	53
chr17	80535931	80555275	53
chr17	80555275	81195210	53
chr18	0	10032112	32
chr18	10032112	10115432	16
chr18	10115432	11871586	32
chr18	11871586	15183047	36
chr18	15183047	15307817	37
chr18	15307817	17200000	5
chr18	17200000	18609580	1
chr18	18609580	18611243	0
chr18	18611243	19234895	72
chr18	19234895	20212199	66
chr18	20212199	24407564	66
chr18	24407564	25027467	66
chr18	25027467	31149381	45
chr18	31149381	31268490	45
chr18	31268490	34225806	28
chr18	34225806	38258076	0
chr18	38258076	38670869	13
chr18	38670869	38689309	0
chr18	38689309	40469161	13
chr18	40469161	40531219	0
chr18	40531219	43033227	13
chr18	43033227	43050271	0
chr18	43050271	43515280	13
chr18	43515280	44482245	0
chr18	44482245	45341275	0
chr18	45341275	46290162	0
chr18	46290162	50469024	0
chr18	50469024	51214312	0
chr18	51214312	51325648	0
chr18	51325648	55513931	0
chr18	55513931	55655651	0
chr18	55655651	59866867	0
chr18	59866867	60091298	0
chr18	60091298	61305576	0
chr18	61305576	61389049	0
chr18	61389049	61549583	0
chr18	61549583	67998626	0
chr18	67998626	69957547	0
chr18	69957547	70159160	0
chr18	70159160	72934490	0
chr18	72934490	75702410	0
chr18	75702410	77059689	0
chr18	77059689	77535992	0
chr18	77535992	78077248	0
chr19	0	797096	0
chr19	797096	1130890	0
chr19	1130890	1228297	0
chr19	1228297	1515833	0
chr19	1515833	2023769	0
chr19	2023769	2032086	0
chr19	2032086	3501519	0
chr19	3501519	6702112	0
chr19	6702112	7222558	0
chr19	7222558	7295879	0
chr19	7295879	7534872	14
chr19	7534872	9013524	34
chr19	9013524	10609655	55
chr19	10609655	10819369	58
chr19	10819369	11585157	56
chr19	11585157	11770233	40
chr19	11770233	12694677	40
chr19	12694677	12970934	42
chr19	12970934	13965880	50
chr19	13965880	14715823	50
chr19	14715823	15270586	83
chr19	15270586	15326960	62
chr19	15326960	15338839	61
chr19	15338839	16229003	82
chr19	16229003	16232206	83
chr19	16232206	16549374	83
chr19	16549374	16636904	62
chr19	16636904	17547235	83
chr19	17547235	17862896	85
chr19	17862896	17939118	85
chr19	17939118	17968162	85
chr19	17968162	19073581	52
chr19	19073581	19239358	60
chr19	19239358	19370723	52
chr19	19370723	19669214	50
chr19	19669214	19812942	28
chr19	19812942	20134126	50
chr19	20134126	20591276	83
chr19	20591276	20805926	86
chr19	20805926	21038378	53
chr19	21038378	22315792	86
chr19	22315792	22559996	86
chr19	22559996	23225561	68
chr19	23225561	24340714	51
chr19	24340714	24424033	68
chr19	24424033	24521623	76
chr19	24521623	26500000	16
chr19	26500000	27828664	1
chr19	27828664	27838898	36
chr19	27838898	28072426	73
chr19	28072426	28156224	65
chr19	28156224	28818657	49
chr19	28818657	29758533	50
chr19	29758533	31052891	50
chr19	31052891	31139706	50
chr19	31139706	31165476	50
chr19	31165476	31889275	50
chr19	31889275	32281946	67
chr19	32281946	32508327	66
chr19	32508327	34111989	27
chr19	34111989	34362709	44
chr19	34362709	34687777	44
chr19	34687777	34705453	44
chr19	34705453	34929103	72
chr19	34929103	35502346	72
chr19	35502346	36096098	72
chr19	36096098	36186981	55
chr19	36186981	37024083	34
chr19	37024083	38317281	55
chr19	38317281	40169310	64
chr19	40169310	40357535	64
chr19	40357535	40605358	64
chr19	40605358	40996504	30
chr19	40996504	42063676	30
chr19	42063676	42274146	9
chr19	42274146	42652504	30
chr19	42652504	43784815	25
chr19	43784815	44255588	42
chr19	44255588	44789975	34
chr19	44789975	45097141	34
chr19	45097141	45585228	17
chr19	45585228	45868556	17
chr19	45868556	46853311	19
chr19	46853311	47303050	5
chr19	47303050	47692330	5
chr19	47692330	47925598	18
chr19	47925598	48392316	5
chr19	48392316	48464495	0
chr19	48464495	48491736	1
chr19	48491736	49780564	23
chr19	49780564	49814924	36
chr19	49814924	52151557	44
chr19	52151557	55621026	45
chr19	55621026	59128983	44
chr20	0	138064	76
chr20	138064	14739454	97
chr20	14739454	15448327	97
chr20	15448327	15476096	97
chr20	15476096	15601268	97
chr20	15601268	15788147	97
chr20	15788147	15834043	97
chr20	15834043	16043439	97
chr20	16043439	16064227	89
chr20	16064227	16785562	89
chr20	16785562	17037485	89
chr20	17037485	17156416	89
chr20	17156416	17474314	89
chr20	17474314	17568298	67
chr20	17568298	19335561	89
chr20	19335561	19439606	89
chr20	19439606	19797093	89
chr20	19797093	20146904	89
chr20	20146904	20329400	89
chr20	20329400	20569410	89
chr20	20569410	20772745	89
chr20	20772745	20906713	89
chr20	20906713	22055042	89
chr20	22055042	22167481	89
chr20	22167481	24398024	89
chr20	24398024	24770722	89
chr20	24770722	24984974	89
chr20	24984974	25420113	89
chr20	25420113	26125431	89
chr20	26125431	26210632	97
chr20	26210632	26232228	60
chr20	26232228	26239964	52
chr20	26239964	26266313	14
chr20	26266313	27500000	0
chr20	27500000	29471217	22
chr20	29471217	29471235	53
chr20	29471235	30882281	74
chr20	30882281	31295531	74
chr20	31295531	31365162	74
chr20	31365162	32224228	74
chr20	32224228	32485111	41
chr20	32485111	33230641	57
chr20	33230641	33537680	91
chr20	33537680	33649742	91
chr20	33649742	35124595	91
chr20	35124595	35866838	91
chr20	35866838	36562852	91
chr20	36562852	37195174	91
chr20	37195174	37379394	91
chr20	37379394	39230595	57
chr20	39230595	40832712	91
chr20	40832712	40947365	91
chr20	40947365	40999505	91
chr20	40999505	41063323	91
chr20	41063323	42895087	91
chr20	42895087	43017563	91
chr20	43017563	43440196	91
chr20	43440196	43493171	91
chr20	43493171	44042410	91
chr20	44042410	44093689	91
chr20	44093689	44144330	91
chr20	44144330	44194676	91
chr20	44194676	44220084	91
chr20	44220084	44311049	91
chr20	44311049	44660857	91
chr20	44660857	46766018	91
chr20	46766018	48826312	91
chr20	48826312	49094920	91
chr20	49094920	49146263	91
chr20	49146263	50001298	91
chr20	50001298	50290088	91
chr20	50290088	50384371	91
chr20	50384371	50564330	91
chr20	50564330	50659047	91
chr20	50659047	50854749	91
chr20	50854749	50905091	91
chr20	50905091	52091814	91
chr20	52091814	52192250	99
chr20	52192250	52384346	99
chr20	52384346	52652479	99
chr20	52652479	52676399	99
chr20	52676399	53262428	99
chr20	53262428	53389461	66
chr20	53389461	56044470	58
chr20	56044470	56205544	58
chr20	56205544	62246753	58
chr20	62246753	62315377	58
chr20	62315377	62415033	58
chr20	62415033	62424595	54
chr20	62424595	63025520	54
chr21	0	9764385	1
chr21	9764385	11018120	8
chr21	11018120	11039570	0
chr21	11039570	13200000	1
chr21	13200000	14446700	14
chr21	14446700	14878363	66
chr21	14878363	15968208	63
chr21	15968208	20719197	77
chr21	20719197	32522722	71
chr21	32522722	34609971	74
chr21	34609971	35089691	77
chr21	35089691	35253014	60
chr21	35253014	37063642	77
chr21	37063642	45133776	69
chr21	45133776	45307653	52
chr21	45307653	47284722	69
chr21	47284722	48129895	70
chr22	0	14700000	0
chr22	14700000	16151161	0
chr22	16151161	16774157	32
chr22	16774157	16883065	2
chr22	16883065	17140259	0
chr22	17140259	17315480	0
chr22	17315480	17342636	0
chr22	17342636	18505933	0
chr22	18505933	18624568	0
chr22	18624568	18638635	0
chr22	18638635	18997576	0
chr22	18997576	19006554	0
chr22	19006554	19315626	0
chr22	19315626	20019103	0
chr22	20019103	20306072	0
chr22	20306072	24342599	0
chr22	24342599	24347476	0
chr22	24347476	24394663	0
chr22	24394663	24399172	0
chr22	24399172	25719035	0
chr22	25719035	25784601	0
chr22	25784601	28149283	0
chr22	28149283	29026071	0
chr22	29026071	29189494	0
chr22	29189494	29319996	0
chr22	29319996	30149465	0
chr22	30149465	31044177	0
chr22	31044177	31105802	0
chr22	31105802	31432843	0
chr22	31432843	31574576	0
chr22	31574576	31657683	0
chr22	31657683	31812545	0
chr22	31812545	31880773	0
chr22	31880773	32144376	0
chr22	32144376	32451500	0
chr22	32451500	32861093	0
chr22	32861093	33208374	0
chr22	33208374	33542067	0
chr22	33542067	35739517	0
chr22	35739517	36119231	0
chr22	36119231	36762860	0
chr22	36762860	37573451	0
chr22	37573451	38117784	0
chr22	38117784	38832615	0
chr22	38832615	39915487	0
chr22	39915487	40420833	0
chr22	40420833	40439090	0
chr22	40439090	40874840	0
chr22	40874840	41239363	0
chr22	41239363	41520874	0
chr22	41520874	41561763	0
chr22	41561763	41605107	0
chr22	41605107	41619679	0
chr22	41619679	41644403	9
chr22	41644403	41901409	6
chr22	41901409	41993333	3
chr22	41993333	42444278	0
chr22	42444278	42579065	0
chr22	42579065	42928972	0
chr22	42928972	43209053	0
chr22	43209053	44878506	0
chr22	44878506	45895551	0
chr22	45895551	46044783	0
chr22	46044783	46785458	0
chr22	46785458	48804406	0
chr22	48804406	49177359	0
chr22	49177359	49761909	0
chr22	49761909	49820682	0
chr22	49820682	50535370	0
chr22	50535370	50691584	0
chr22	50691584	51133399	0
chr22	51133399	51188492	0
chr22	51188492	51193712	0
chr22	51193712	51304566	1
chrX	0	586088	0
chrX	586088	1477511	0
chrX	1477511	1837799	9
chrX	1837799	3364931	0
chrX	3364931	4019587	0
chrX	4019587	4501241	0
chrX	4501241	4773394	0
chrX	4773394	5494588	0
chrX	5494588	5676585	0
chrX	5676585	10172747	0
chrX	10172747	10346596	0
chrX	10346596	10394251	0
chrX	10394251	10559526	0
chrX	10559526	30449567	0
chrX	30449567	33087411	0
chrX	33087411	33454147	0
chrX	33454147	33715858	0
chrX	33715858	34521053	0
chrX	34521053	43528306	0
chrX	43528306	51830728	0
chrX	51830728	54917973	0
chrX	54917973	56437693	0
chrX	56437693	56955721	0
chrX	56955721	56980919	0
chrX	56980919	57037422	0
chrX	57037422	57852999	0
chrX	57852999	58162591	0
chrX	58162591	58298382	0
chrX	58298382	59178820	0
chrX	59178820	59331578	0
chrX	59331578	60600000	0
chrX	60600000	61818199	0
chrX	61818199	63863071	0
chrX	63863071	63933073	0
chrX	63933073	64076504	0
chrX	64076504	64259116	0
chrX	64259116	64332500	0
chrX	64332500	64711929	0
chrX	64711929	65545803	0
chrX	65545803	65761054	0
chrX	65761054	67965625	0
chrX	67965625	68281130	0
chrX	68281130	68316911	0
chrX	68316911	69545499	0
chrX	69545499	70101669	0
chrX	70101669	70787638	0
chrX	70787638	95307189	0
chrX	95307189	108193415	0
chrX	108193415	108291310	0
chrX	108291310	117107910	0
chrX	117107910	118085051	0
chrX	118085051	118347907	0
chrX	118347907	118591720	0
chrX	118591720	118937003	0
chrX	118937003	119496389	0
chrX	119496389	119582864	0
chrX	119582864	119872188	0
chrX	119872188	119979389	0
chrX	119979389	120521966	0
chrX	120521966	120554116	0
chrX	120554116	121283455	0
chrX	121283455	122123275	0
chrX	122123275	122189562	0
chrX	122189562	122500241	0
chrX	122500241	122723472	0
chrX	122723472	123101016	0
chrX	123101016	134575165	0
chrX	134575165	134658157	0
chrX	134658157	134843592	0
chrX	134843592	134895017	0
chrX	134895017	135027875	0
chrX	135027875	136082997	0
chrX	136082997	137398777	0
chrX	137398777	140554115	0
chrX	140554115	140866777	0
chrX	140866777	141964378	0
chrX	141964378	142063882	0
chrX	142063882	143188625	0
chrX	143188625	143373817	0
chrX	143373817	145873909	0
chrX	145873909	146053223	0
chrX	146053223	146388609	0
chrX	146388609	146524158	0
chrX	146524158	146585901	0
chrX	146585901	146811099	0
chrX	146811099	147971275	0
chrX	147971275	150099928	0
chrX	150099928	150843303	0
chrX	150843303	150977991	0
chrX	150977991	153564687	0
chrX	153564687	153964123	0
chrX	153964123	155270560	0
chrY	0	12500000	0
chrY	12500000	59373566	0