Chromosome Region	Start	End	gain
chr1	0	564549	0
chr1	564549	925061	13
chr1	925061	1841771	27
chr1	1841771	9972864	13
chr1	9972864	10365274	13
chr1	10365274	10596615	13
chr1	10596615	10637382	13
chr1	10637382	16588894	13
chr1	16588894	16697192	23
chr1	16697192	16848768	13
chr1	16848768	17016876	0
chr1	17016876	17691321	13
chr1	17691321	17842092	23
chr1	17842092	24830667	13
chr1	24830667	25072311	13
chr1	25072311	25555941	13
chr1	25555941	26547908	13
chr1	26547908	27373888	13
chr1	27373888	28303790	13
chr1	28303790	28771659	14
chr1	28771659	28922557	25
chr1	28922557	30783695	39
chr1	30783695	31262421	34
chr1	31262421	33065079	40
chr1	33065079	33151411	40
chr1	33151411	34307928	44
chr1	34307928	34656031	44
chr1	34656031	35380577	44
chr1	35380577	36183644	46
chr1	36183644	36218868	46
chr1	36218868	36495495	47
chr1	36495495	37098711	47
chr1	37098711	40196176	66
chr1	40196176	40231249	66
chr1	40231249	44687475	66
chr1	44687475	44820347	56
chr1	44820347	46204891	66
chr1	46204891	48988196	66
chr1	48988196	49308196	56
chr1	49308196	50984485	66
chr1	50984485	51089331	66
chr1	51089331	53845712	66
chr1	53845712	54172806	61
chr1	54172806	54934291	66
chr1	54934291	55616442	70
chr1	55616442	56159896	65
chr1	56159896	59455398	61
chr1	59455398	60078893	60
chr1	60078893	60931543	59
chr1	60931543	61011195	39
chr1	61011195	65315050	59
chr1	65315050	65358736	49
chr1	65358736	66078736	59
chr1	66078736	72208306	61
chr1	72208306	72266376	56
chr1	72266376	72743627	61
chr1	72743627	72748221	61
chr1	72748221	72763023	69
chr1	72763023	72765894	69
chr1	72765894	72811532	64
chr1	72811532	72816882	59
chr1	72816882	73129516	69
chr1	73129516	73497010	64
chr1	73497010	73536895	69
chr1	73536895	74536605	59
chr1	74536605	74540304	31
chr1	74540304	78728620	59
chr1	78728620	80696453	59
chr1	80696453	83828881	58
chr1	83828881	83961652	48
chr1	83961652	93275319	58
chr1	93275319	94463537	48
chr1	94463537	96776679	48
chr1	96776679	97521165	53
chr1	97521165	111377569	48
chr1	111377569	111386078	53
chr1	111386078	113501522	48
chr1	113501522	113678932	58
chr1	113678932	114930771	48
chr1	114930771	114959714	20
chr1	114959714	118013274	48
chr1	118013274	121226982	53
chr1	121226982	121291080	48
chr1	121291080	125000000	0
chr1	125000000	143458436	0
chr1	143458436	144527676	64
chr1	144527676	145386254	55
chr1	145386254	148648869	64
chr1	148648869	149024805	36
chr1	149024805	149255799	36
chr1	149255799	149258054	26
chr1	149258054	149425912	26
chr1	149425912	149834798	55
chr1	149834798	150349994	64
chr1	150349994	150433467	64
chr1	150433467	150658268	64
chr1	150658268	151116138	64
chr1	151116138	153191794	64
chr1	153191794	153250731	55
chr1	153250731	155567329	64
chr1	155567329	155665165	36
chr1	155665165	159762099	64
chr1	159762099	160624219	64
chr1	160624219	160914407	64
chr1	160914407	162881278	73
chr1	162881278	162933215	63
chr1	162933215	166594339	73
chr1	166594339	169585047	73
chr1	169585047	174801847	79
chr1	174801847	175879957	79
chr1	175879957	176435216	79
chr1	176435216	176761738	79
chr1	176761738	179800493	73
chr1	179800493	180600620	64
chr1	180600620	188994230	61
chr1	188994230	189640079	56
chr1	189640079	189682387	61
chr1	189682387	196705860	56
chr1	196705860	196711121	28
chr1	196711121	196816261	33
chr1	196816261	196820023	61
chr1	196820023	198316448	56
chr1	198316448	199109526	61
chr1	199109526	201878177	61
chr1	201878177	201881074	56
chr1	201881074	203761823	61
chr1	203761823	203918036	70
chr1	203918036	206508400	61
chr1	206508400	208328230	55
chr1	208328230	211939113	51
chr1	211939113	214871037	47
chr1	214871037	216453044	42
chr1	216453044	219226117	47
chr1	219226117	222145870	47
chr1	222145870	222224159	52
chr1	222224159	224256093	56
chr1	224256093	224588601	66
chr1	224588601	233453624	56
chr1	233453624	236454946	57
chr1	236454946	236536247	67
chr1	236536247	236787139	57
chr1	236787139	239181089	53
chr1	239181089	242863789	57
chr1	242863789	243055549	53
chr1	243055549	247787459	57
chr1	247787459	247864435	29
chr1	247864435	248711769	57
chr1	248711769	249250621	55
chr2	0	224331	38
chr2	224331	303298	33
chr2	303298	506594	38
chr2	506594	2349206	34
chr2	2349206	2469416	29
chr2	2469416	4216436	34
chr2	4216436	4237269	26
chr2	4237269	4249089	26
chr2	4249089	5413143	34
chr2	5413143	5455519	30
chr2	5455519	5494267	34
chr2	5494267	6165413	38
chr2	6165413	6641579	34
chr2	6641579	6854630	30
chr2	6854630	7648834	34
chr2	7648834	9302752	38
chr2	9302752	12387300	34
chr2	12387300	12453397	30
chr2	12453397	15105835	34
chr2	15105835	15182167	30
chr2	15182167	15605365	34
chr2	15605365	15696983	30
chr2	15696983	24888674	34
chr2	24888674	26580761	27
chr2	26580761	32163804	25
chr2	32163804	32584312	35
chr2	32584312	34695192	25
chr2	34695192	42633249	29
chr2	42633249	42828325	38
chr2	42828325	47538695	29
chr2	47538695	47697978	38
chr2	47697978	47889331	29
chr2	47889331	48110791	38
chr2	48110791	56734434	29
chr2	56734434	57847376	31
chr2	57847376	57969395	26
chr2	57969395	58485942	31
chr2	58485942	59610434	35
chr2	59610434	59622452	31
chr2	59622452	59701249	26
chr2	59701249	61666549	31
chr2	61666549	62042449	40
chr2	62042449	65351817	31
chr2	65351817	65465459	40
chr2	65465459	70266797	31
chr2	70266797	70340248	40
chr2	70340248	70492634	35
chr2	70492634	79517520	26
chr2	79517520	79649886	21
chr2	79649886	87413976	26
chr2	87413976	87487085	54
chr2	87487085	87548799	49
chr2	87548799	87555780	54
chr2	87555780	90301276	26
chr2	90301276	91627978	0
chr2	91627978	91704724	14
chr2	91704724	92193296	41
chr2	92193296	92275027	14
chr2	92275027	93300000	0
chr2	93300000	95341388	0
chr2	95341388	95421697	22
chr2	95421697	97830617	55
chr2	97830617	97832353	49
chr2	97832353	98197009	39
chr2	98197009	107670391	49
chr2	107670391	107776137	44
chr2	107776137	109202757	49
chr2	109202757	109357887	49
chr2	109357887	109604227	49
chr2	109604227	110012398	49
chr2	110012398	111403986	49
chr2	111403986	111613220	49
chr2	111613220	111660454	49
chr2	111660454	111885594	49
chr2	111885594	112372597	49
chr2	112372597	112423341	49
chr2	112423341	112615695	49
chr2	112615695	112882741	49
chr2	112882741	113319062	49
chr2	113319062	113461268	49
chr2	113461268	113488995	49
chr2	113488995	113546791	49
chr2	113546791	113636636	49
chr2	113636636	113871943	49
chr2	113871943	114429392	49
chr2	114429392	114988046	49
chr2	114988046	115110972	44
chr2	115110972	115119952	49
chr2	115119952	125489450	49
chr2	125489450	125630604	44
chr2	125630604	126363866	49
chr2	126363866	126456105	44
chr2	126456105	126711310	49
chr2	126711310	126800911	44
chr2	126800911	127296707	49
chr2	127296707	127356253	44
chr2	127356253	128707938	49
chr2	128707938	128867389	59
chr2	128867389	135170694	49
chr2	135170694	135220983	43
chr2	135220983	140993579	49
chr2	140993579	141420218	59
chr2	141420218	141572401	50
chr2	141572401	141841923	53
chr2	141841923	142068980	50
chr2	142068980	146360827	59
chr2	146360827	146509742	45
chr2	146509742	153079877	59
chr2	153079877	170384577	65
chr2	170384577	170472426	75
chr2	170472426	173447765	65
chr2	173447765	174340559	69
chr2	174340559	174480535	65
chr2	174480535	174844643	69
chr2	174844643	174943429	65
chr2	174943429	179687695	69
chr2	179687695	179752448	65
chr2	179752448	180404111	69
chr2	180404111	180444995	55
chr2	180444995	182928861	69
chr2	182928861	187988040	66
chr2	187988040	188211204	65
chr2	188211204	193764921	73
chr2	193764921	193987141	69
chr2	193987141	194236536	73
chr2	194236536	194943310	73
chr2	194943310	194989723	69
chr2	194989723	195204194	69
chr2	195204194	199858614	73
chr2	199858614	203069398	45
chr2	203069398	204202731	54
chr2	204202731	206223891	45
chr2	206223891	206354024	41
chr2	206354024	212773299	45
chr2	212773299	212890361	41
chr2	212890361	215624948	45
chr2	215624948	220877466	41
chr2	220877466	220981566	36
chr2	220981566	226614621	41
chr2	226614621	226714359	36
chr2	226714359	228031813	41
chr2	228031813	233638829	34
chr2	233638829	243034596	40
chr2	243034596	243199373	34
chr3	0	6648836	28
chr3	6648836	6660012	0
chr3	6660012	7043098	28
chr3	7043098	7749280	27
chr3	7749280	8074927	19
chr3	8074927	11639931	27
chr3	11639931	11641243	8
chr3	11641243	11651839	9
chr3	11651839	19440301	28
chr3	19440301	19846712	18
chr3	19846712	20031256	0
chr3	20031256	24375479	18
chr3	24375479	24439619	14
chr3	24439619	26148988	18
chr3	26148988	26304146	0
chr3	26304146	26612137	18
chr3	26612137	26616020	9
chr3	26616020	29942407	18
chr3	29942407	32687890	26
chr3	32687890	32840816	36
chr3	32840816	47721582	26
chr3	47721582	48152949	36
chr3	48152949	48275962	64
chr3	48275962	50132434	36
chr3	50132434	52152004	26
chr3	52152004	53031743	54
chr3	53031743	53039373	40
chr3	53039373	55844565	54
chr3	55844565	55846086	40
chr3	55846086	59151579	54
chr3	59151579	59168409	40
chr3	59168409	59756527	54
chr3	59756527	60707095	55
chr3	60707095	60836843	27
chr3	60836843	67948653	55
chr3	67948653	68095035	50
chr3	68095035	82087698	55
chr3	82087698	82187829	41
chr3	82187829	87423184	55
chr3	87423184	87499484	50
chr3	87499484	90137970	55
chr3	90137970	90183517	65
chr3	90183517	91000000	70
chr3	91000000	93543006	1
chr3	93543006	93548479	16
chr3	93548479	93588564	21
chr3	93588564	93605126	31
chr3	93605126	93648113	78
chr3	93648113	93705493	78
chr3	93705493	93769215	71
chr3	93769215	93782221	62
chr3	93782221	94263812	56
chr3	94263812	94938387	56
chr3	94938387	94949963	60
chr3	94949963	96457773	60
chr3	96457773	97072734	55
chr3	97072734	97090387	55
chr3	97090387	98407309	60
chr3	98407309	103027919	56
chr3	103027919	103140124	56
chr3	103140124	104760858	56
chr3	104760858	105138598	46
chr3	105138598	105189409	46
chr3	105189409	105419369	46
chr3	105419369	106361352	56
chr3	106361352	108944655	56
chr3	108944655	109199781	66
chr3	109199781	110243910	56
chr3	110243910	115942004	62
chr3	115942004	115963450	61
chr3	115963450	116070536	53
chr3	116070536	116535034	0
chr3	116535034	116585751	0
chr3	116585751	116699228	0
chr3	116699228	116747964	0
chr3	116747964	116762166	0
chr3	116762166	116775294	5
chr3	116775294	116840199	33
chr3	116840199	117058985	33
chr3	117058985	117157017	33
chr3	117157017	117565534	33
chr3	117565534	117652723	5
chr3	117652723	125539899	61
chr3	125539899	125650044	61
chr3	125650044	128092633	61
chr3	128092633	128129212	61
chr3	128129212	128311925	61
chr3	128311925	128429016	71
chr3	128429016	129786330	61
chr3	129786330	129791130	61
chr3	129791130	129911642	56
chr3	129911642	129933269	61
chr3	129933269	130134861	61
chr3	130134861	130157427	61
chr3	130157427	131939867	61
chr3	131939867	132086836	61
chr3	132086836	133312576	61
chr3	133312576	135036263	62
chr3	135036263	135151313	62
chr3	135151313	137032399	62
chr3	137032399	137047642	62
chr3	137047642	138502804	62
chr3	138502804	138625611	71
chr3	138625611	143453888	62
chr3	143453888	144192359	62
chr3	144192359	152769861	62
chr3	152769861	152864100	71
chr3	152864100	156138606	62
chr3	156138606	156183116	62
chr3	156183116	156610614	62
chr3	156610614	156728653	62
chr3	156728653	156842231	62
chr3	156842231	157365516	62
chr3	157365516	162504487	62
chr3	162504487	162507354	58
chr3	162507354	162530593	57
chr3	162530593	162610485	57
chr3	162610485	162625988	57
chr3	162625988	162627609	61
chr3	162627609	163071525	62
chr3	163071525	163284504	71
chr3	163284504	167368965	71
chr3	167368965	167895350	89
chr3	167895350	177871092	89
chr3	177871092	178171604	92
chr3	178171604	178204896	92
chr3	178204896	178946441	92
chr3	178946441	178952994	92
chr3	178952994	180872042	92
chr3	180872042	180888395	92
chr3	180888395	185553721	92
chr3	185553721	186579862	89
chr3	186579862	187446005	65
chr3	187446005	187572259	65
chr3	187572259	188261647	65
chr3	188261647	188327003	55
chr3	188327003	189926478	65
chr3	189926478	190240978	65
chr3	190240978	190746006	65
chr3	190746006	190830509	65
chr3	190830509	191867751	65
chr3	191867751	191936757	65
chr3	191936757	191947828	65
chr3	191947828	192027472	65
chr3	192027472	192826538	65
chr3	192826538	192872973	55
chr3	192872973	192886513	55
chr3	192886513	192886953	55
chr3	192886953	195524446	65
chr3	195524446	195793995	65
chr3	195793995	196706702	65
chr3	196706702	196973515	65
chr3	196973515	197834139	65
chr3	197834139	197838388	65
chr3	197838388	198022430	65
chr4	0	45929	0
chr4	45929	65870	0
chr4	65870	67770	0
chr4	67770	75105	5
chr4	75105	79627	12
chr4	79627	1398038	19
chr4	1398038	2198781	24
chr4	2198781	3627587	19
chr4	3627587	3748666	5
chr4	3748666	3947022	0
chr4	3947022	10212275	5
chr4	10212275	10231374	33
chr4	10231374	10313283	5
chr4	10313283	10391541	2
chr4	10391541	10401693	0
chr4	10401693	10523882	2
chr4	10523882	11960223	0
chr4	11960223	12085987	0
chr4	12085987	16431214	0
chr4	16431214	18601176	2
chr4	18601176	18783065	0
chr4	18783065	19985062	2
chr4	19985062	20186567	0
chr4	20186567	20319941	0
chr4	20319941	20457687	0
chr4	20457687	20554532	2
chr4	20554532	20683744	3
chr4	20683744	20797431	0
chr4	20797431	21765868	3
chr4	21765868	22394237	0
chr4	22394237	22651224	23
chr4	22651224	23145051	0
chr4	23145051	25507837	3
chr4	25507837	25623269	12
chr4	25623269	25805649	3
chr4	25805649	32099216	0
chr4	32099216	32325832	3
chr4	32325832	38464055	3
chr4	38464055	38539773	7
chr4	38539773	48599159	3
chr4	48599159	48992424	16
chr4	48992424	49081648	22
chr4	49081648	49091580	8
chr4	49091580	49242208	13
chr4	49242208	49309867	2
chr4	49309867	50400000	3
chr4	50400000	52696792	0
chr4	52696792	52700771	13
chr4	52700771	52762136	18
chr4	52762136	52860746	26
chr4	52860746	52863061	21
chr4	52863061	55560049	11
chr4	55560049	55567168	0
chr4	55567168	56138166	11
chr4	56138166	56298108	3
chr4	56298108	59721832	11
chr4	59721832	59834058	16
chr4	59834058	63521520	11
chr4	63521520	64693460	3
chr4	64693460	64717535	0
chr4	64717535	65562723	3
chr4	65562723	68412488	11
chr4	68412488	69099955	3
chr4	69099955	69373472	11
chr4	69373472	69375058	31
chr4	69375058	69487657	27
chr4	69487657	69538744	31
chr4	69538744	70127648	3
chr4	70127648	70251672	0
chr4	70251672	75141129	3
chr4	75141129	76911648	3
chr4	76911648	77540765	0
chr4	77540765	80953967	0
chr4	80953967	82322908	0
chr4	82322908	86936079	0
chr4	86936079	86980017	0
chr4	86980017	91919092	0
chr4	91919092	91949125	0
chr4	91949125	98560919	0
chr4	98560919	98705808	0
chr4	98705808	108043479	0
chr4	108043479	108081486	0
chr4	108081486	111185617	0
chr4	111185617	111289363	0
chr4	111289363	113968075	0
chr4	113968075	113999069	0
chr4	113999069	116158654	0
chr4	116158654	116201997	0
chr4	116201997	119119061	0
chr4	119119061	119136091	0
chr4	119136091	119356515	0
chr4	119356515	120814179	0
chr4	120814179	123590326	0
chr4	123590326	123803042	0
chr4	123803042	123860445	0
chr4	123860445	135177751	0
chr4	135177751	137933261	0
chr4	137933261	138083528	0
chr4	138083528	138101748	0
chr4	138101748	138108419	8
chr4	138108419	138196646	3
chr4	138196646	141866442	0
chr4	141866442	141912539	0
chr4	141912539	147488246	0
chr4	147488246	150392133	0
chr4	150392133	150484311	0
chr4	150484311	151932855	0
chr4	151932855	152067118	0
chr4	152067118	152799628	0
chr4	152799628	152859487	0
chr4	152859487	154130591	0
chr4	154130591	161877009	0
chr4	161877009	161884993	0
chr4	161884993	161885220	0
chr4	161885220	165945039	0
chr4	165945039	166106749	0
chr4	166106749	172372115	0
chr4	172372115	172379152	0
chr4	172379152	179407706	0
chr4	179407706	179474244	0
chr4	179474244	181828087	0
chr4	181828087	182024610	0
chr4	182024610	182141023	0
chr4	182141023	182565838	0
chr4	182565838	190413673	0
chr4	190413673	191154276	0
chr5	0	1522369	69
chr5	1522369	2340001	63
chr5	2340001	2377894	34
chr5	2377894	8218970	63
chr5	8218970	8323007	34
chr5	8323007	17040114	63
chr5	17040114	17145744	72
chr5	17145744	18713095	63
chr5	18713095	18777228	63
chr5	18777228	19639686	63
chr5	19639686	19799548	34
chr5	19799548	25061136	63
chr5	25061136	25169592	63
chr5	25169592	29432209	63
chr5	29432209	29469654	63
chr5	29469654	32376120	63
chr5	32376120	34101645	63
chr5	34101645	34294965	35
chr5	34294965	36400245	63
chr5	36400245	36891061	63
chr5	36891061	39972067	63
chr5	39972067	40071820	63
chr5	40071820	40976502	63
chr5	40976502	41385493	63
chr5	41385493	43948695	63
chr5	43948695	44307323	49
chr5	44307323	45878132	63
chr5	45878132	45967902	73
chr5	45967902	46062051	73
chr5	46062051	46261151	78
chr5	46261151	46271058	78
chr5	46271058	46278212	78
chr5	46278212	46328445	73
chr5	46328445	46383335	60
chr5	46383335	48400000	4
chr5	48400000	49520000	0
chr5	49520000	49573133	0
chr5	49573133	49612575	0
chr5	49612575	49696127	0
chr5	49696127	49845634	0
chr5	49845634	50215202	0
chr5	50215202	51879881	0
chr5	51879881	53880206	0
chr5	53880206	54468742	0
chr5	54468742	56157963	0
chr5	56157963	56193188	0
chr5	56193188	57323830	0
chr5	57323830	57333524	32
chr5	57333524	57335951	24
chr5	57335951	57339215	24
chr5	57339215	59126812	0
chr5	59126812	59314348	0
chr5	59314348	65429422	0
chr5	65429422	68856799	0
chr5	68856799	70306694	0
chr5	70306694	81636595	0
chr5	81636595	82198009	0
chr5	82198009	84350619	0
chr5	84350619	84405504	0
chr5	84405504	85801477	0
chr5	85801477	89234411	0
chr5	89234411	91569680	0
chr5	91569680	91716438	0
chr5	91716438	95938128	0
chr5	95938128	98670484	0
chr5	98670484	99448135	0
chr5	99448135	99546680	0
chr5	99546680	103839282	0
chr5	103839282	103866506	0
chr5	103866506	104574387	0
chr5	104574387	104668639	0
chr5	104668639	107102520	0
chr5	107102520	109929881	0
chr5	109929881	110420040	0
chr5	110420040	110457650	0
chr5	110457650	112605474	0
chr5	112605474	112623118	0
chr5	112623118	112928364	0
chr5	112928364	120576966	0
chr5	120576966	122629751	4
chr5	122629751	125581593	10
chr5	125581593	125887953	2
chr5	125887953	126159001	11
chr5	126159001	127383109	2
chr5	127383109	128255639	7
chr5	128255639	128315026	17
chr5	128315026	129146846	7
chr5	129146846	129325372	0
chr5	129325372	129449148	7
chr5	129449148	129531775	2
chr5	129531775	130482665	7
chr5	130482665	132278400	8
chr5	132278400	132439889	17
chr5	132439889	133511288	8
chr5	133511288	133625966	0
chr5	133625966	133922767	8
chr5	133922767	134247360	17
chr5	134247360	134823702	8
chr5	134823702	135002874	2
chr5	135002874	135575899	59
chr5	135575899	137810736	63
chr5	137810736	137816631	47
chr5	137816631	138744488	63
chr5	138744488	139017711	56
chr5	139017711	141669363	63
chr5	141669363	142503687	63
chr5	142503687	143903189	63
chr5	143903189	147639209	63
chr5	147639209	151714476	59
chr5	151714476	151865008	45
chr5	151865008	154609419	59
chr5	154609419	154753831	31
chr5	154753831	155093165	59
chr5	155093165	155473616	65
chr5	155473616	155488990	49
chr5	155488990	156564182	65
chr5	156564182	158828159	59
chr5	158828159	160705062	58
chr5	160705062	160803721	44
chr5	160803721	161424752	58
chr5	161424752	162167074	44
chr5	162167074	162531444	16
chr5	162531444	171614236	44
chr5	171614236	171756784	54
chr5	171756784	176398609	44
chr5	176398609	176539719	54
chr5	176539719	176688241	54
chr5	176688241	176718860	54
chr5	176718860	177040344	44
chr5	177040344	177360565	16
chr5	177360565	178511009	44
chr5	178511009	180915260	58
chr6	0	294459	10
chr6	294459	377826	0
chr6	377826	631518	10
chr6	631518	1830087	16
chr6	1830087	1863579	11
chr6	1863579	2474390	16
chr6	2474390	2707234	2
chr6	2707234	5541368	16
chr6	5541368	5585543	11
chr6	5585543	14600790	16
chr6	14600790	19460518	20
chr6	19460518	20561277	33
chr6	20561277	25809757	30
chr6	25809757	27567183	32
chr6	27567183	27673060	42
chr6	27673060	29837158	32
chr6	29837158	29907858	25
chr6	29907858	33436041	32
chr6	33436041	33620870	42
chr6	33620870	34866190	32
chr6	34866190	40052883	22
chr6	40052883	40183676	13
chr6	40183676	40377782	22
chr6	40377782	40449275	13
chr6	40449275	45214723	22
chr6	45214723	47229058	23
chr6	47229058	47371797	51
chr6	47371797	47455902	55
chr6	47455902	48703310	27
chr6	48703310	48785375	22
chr6	48785375	51147278	27
chr6	51147278	51193198	22
chr6	51193198	51656700	27
chr6	51656700	53458413	13
chr6	53458413	53510860	8
chr6	53510860	53849625	13
chr6	53849625	57330595	12
chr6	57330595	58454586	26
chr6	58454586	58508958	36
chr6	58508958	58727835	41
chr6	58727835	58774716	36
chr6	58774716	61000000	0
chr6	61000000	62004761	39
chr6	62004761	62234534	52
chr6	62234534	62235758	47
chr6	62235758	62262967	40
chr6	62262967	62272924	31
chr6	62272924	62847787	25
chr6	62847787	62943363	53
chr6	62943363	63601556	38
chr6	63601556	63906639	10
chr6	63906639	65235267	0
chr6	65235267	67672340	0
chr6	67672340	67683814	0
chr6	67683814	67764900	0
chr6	67764900	67802400	0
chr6	67802400	69823640	0
chr6	69823640	73001238	0
chr6	73001238	73968138	0
chr6	73968138	74380536	0
chr6	74380536	75840761	0
chr6	75840761	76569713	0
chr6	76569713	77295246	0
chr6	77295246	77436346	0
chr6	77436346	77473304	0
chr6	77473304	78054648	0
chr6	78054648	78147649	0
chr6	78147649	78554865	0
chr6	78554865	78802056	0
chr6	78802056	78965977	0
chr6	78965977	79037215	4
chr6	79037215	87925965	0
chr6	87925965	88668450	3
chr6	88668450	95523593	0
chr6	95523593	95551882	5
chr6	95551882	95662921	9
chr6	95662921	95878690	29
chr6	95878690	95879293	9
chr6	95879293	95940128	5
chr6	95940128	96140251	0
chr6	96140251	96377486	0
chr6	96377486	101181991	0
chr6	101181991	103715712	0
chr6	103715712	103765576	0
chr6	103765576	109061069	0
chr6	109061069	115015185	0
chr6	115015185	115147155	0
chr6	115147155	115379111	0
chr6	115379111	122567353	0
chr6	122567353	122681343	0
chr6	122681343	125288627	0
chr6	125288627	125633223	0
chr6	125633223	125802238	0
chr6	125802238	126322650	0
chr6	126322650	127778251	0
chr6	127778251	133626732	0
chr6	133626732	137063476	0
chr6	137063476	145930363	0
chr6	145930363	146922696	0
chr6	146922696	152444393	0
chr6	152444393	152455298	0
chr6	152455298	162290242	0
chr6	162290242	162913567	0
chr6	162913567	171115067	0
chr7	0	710480	53
chr7	710480	802531	25
chr7	802531	1190844	32
chr7	1190844	2673130	25
chr7	2673130	7474949	11
chr7	7474949	10123291	25
chr7	10123291	13915825	11
chr7	13915825	13977558	0
chr7	13977558	14084389	11
chr7	14084389	20798049	25
chr7	20798049	32965006	16
chr7	32965006	33079538	25
chr7	33079538	34606759	16
chr7	34606759	34687015	11
chr7	34687015	36889252	16
chr7	36889252	36956980	6
chr7	36956980	40267207	16
chr7	40267207	46293172	27
chr7	46293172	46719276	21
chr7	46719276	46805929	16
chr7	46805929	53368169	21
chr7	53368169	53448318	16
chr7	53448318	53956847	21
chr7	53956847	57950944	25
chr7	57950944	59900000	0
chr7	59900000	61072037	0
chr7	61072037	61074194	14
chr7	61074194	61628365	42
chr7	61628365	62156735	70
chr7	62156735	62443302	64
chr7	62443302	63083343	55
chr7	63083343	69526498	55
chr7	69526498	69728813	51
chr7	69728813	71729850	55
chr7	71729850	72355631	41
chr7	72355631	72857766	13
chr7	72857766	72876358	41
chr7	72876358	75380090	50
chr7	75380090	75385770	45
chr7	75385770	76053922	49
chr7	76053922	76143866	39
chr7	76143866	77220173	38
chr7	77220173	77372353	48
chr7	77372353	79459178	38
chr7	79459178	82314191	52
chr7	82314191	82622466	52
chr7	82622466	84156334	39
chr7	84156334	90479508	52
chr7	90479508	90553605	39
chr7	90553605	91168185	52
chr7	91168185	91206343	49
chr7	91206343	94520756	52
chr7	94520756	97390715	53
chr7	97390715	97466455	49
chr7	97466455	97873900	53
chr7	97873900	98055678	62
chr7	98055678	98142673	58
chr7	98142673	98187396	49
chr7	98187396	99654902	53
chr7	99654902	100529698	62
chr7	100529698	101011358	58
chr7	101011358	101111017	49
chr7	101111017	102101741	58
chr7	102101741	102168932	49
chr7	102168932	102340653	39
chr7	102340653	102350522	43
chr7	102350522	102377826	53
chr7	102377826	102470669	49
chr7	102470669	104620370	58
chr7	104620370	104944219	58
chr7	104944219	105204245	68
chr7	105204245	105363515	58
chr7	105363515	105440766	54
chr7	105440766	116599972	58
chr7	116599972	117511158	58
chr7	117511158	121026329	58
chr7	121026329	121072321	59
chr7	121072321	121261298	61
chr7	121261298	129542946	57
chr7	129542946	129673241	67
chr7	129673241	135495945	57
chr7	135495945	136911974	57
chr7	136911974	137226284	57
chr7	137226284	137552306	57
chr7	137552306	138284110	57
chr7	138284110	138345644	67
chr7	138345644	138478410	67
chr7	138478410	138554498	57
chr7	138554498	139140503	57
chr7	139140503	140013727	65
chr7	140013727	140027133	65
chr7	140027133	140210894	75
chr7	140210894	140391244	75
chr7	140391244	141762909	65
chr7	141762909	141787637	65
chr7	141787637	141864335	65
chr7	141864335	142485778	65
chr7	142485778	142534882	65
chr7	142534882	142880529	65
chr7	142880529	143416910	65
chr7	143416910	143696357	58
chr7	143696357	143952879	58
chr7	143952879	144089013	58
chr7	144089013	144164208	58
chr7	144164208	144441069	58
chr7	144441069	144500634	58
chr7	144500634	146733916	58
chr7	146733916	147141198	58
chr7	147141198	147260029	58
chr7	147260029	147326535	58
chr7	147326535	148677767	58
chr7	148677767	148853483	68
chr7	148853483	148877675	68
chr7	148877675	149132518	58
chr7	149132518	150136000	58
chr7	150136000	151463650	58
chr7	151463650	152116282	58
chr7	152116282	152175981	68
chr7	152175981	152425260	68
chr7	152425260	153790015	58
chr7	153790015	153820703	58
chr7	153820703	159138663	56
chr8	0	1968632	0
chr8	1968632	2179927	0
chr8	2179927	2246583	0
chr8	2246583	3770509	0
chr8	3770509	3790668	0
chr8	3790668	5576490	0
chr8	5576490	5603887	0
chr8	5603887	6791986	0
chr8	6791986	6888795	0
chr8	6888795	7254335	0
chr8	7254335	7273555	0
chr8	7273555	7798805	0
chr8	7798805	9015728	0
chr8	9015728	9062783	0
chr8	9062783	9561661	0
chr8	9561661	10684296	0
chr8	10684296	10751952	0
chr8	10751952	11657849	0
chr8	11657849	11735984	0
chr8	11735984	11830851	0
chr8	11830851	12180193	0
chr8	12180193	12226259	0
chr8	12226259	12247381	0
chr8	12247381	12247447	0
chr8	12247447	12420028	0
chr8	12420028	12595525	0
chr8	12595525	16411480	0
chr8	16411480	17904421	0
chr8	17904421	21550655	0
chr8	21550655	21775362	0
chr8	21775362	24971240	0
chr8	24971240	24975039	0
chr8	24975039	24984298	0
chr8	24984298	24987712	0
chr8	24987712	25646439	0
chr8	25646439	26812743	0
chr8	26812743	26908957	0
chr8	26908957	27335539	0
chr8	27335539	27730273	0
chr8	27730273	28438024	0
chr8	28438024	28535439	0
chr8	28535439	33041828	0
chr8	33041828	33405349	0
chr8	33405349	34299775	15
chr8	34299775	35731052	1
chr8	35731052	36374679	0
chr8	36374679	37740255	1
chr8	37740255	37809933	29
chr8	37809933	37818204	29
chr8	37818204	38106145	39
chr8	38106145	38272544	29
chr8	38272544	38279140	1
chr8	38279140	38313034	1
chr8	38313034	38796815	1
chr8	38796815	39228266	29
chr8	39228266	39387632	21
chr8	39387632	40045237	29
chr8	40045237	40181981	0
chr8	40181981	40191217	0
chr8	40191217	40193663	0
chr8	40193663	40904015	29
chr8	40904015	42191847	36
chr8	42191847	42257907	36
chr8	42257907	43430222	0
chr8	43430222	43604036	0
chr8	43604036	43623387	0
chr8	43623387	43736901	0
chr8	43736901	43762681	0
chr8	43762681	43778914	0
chr8	43778914	45600000	0
chr8	45600000	46924211	1
chr8	46924211	46936840	10
chr8	46936840	46940022	24
chr8	46940022	47016018	65
chr8	47016018	47671842	55
chr8	47671842	47892092	55
chr8	47892092	51250433	65
chr8	51250433	53604924	68
chr8	53604924	53679334	55
chr8	53679334	57279746	68
chr8	57279746	61349869	74
chr8	61349869	65228756	63
chr8	65228756	65425684	63
chr8	65425684	65768351	62
chr8	65768351	66470084	52
chr8	66470084	66642215	52
chr8	66642215	71441696	52
chr8	71441696	75276578	62
chr8	75276578	76440129	71
chr8	76440129	76707758	62
chr8	76707758	76928068	61
chr8	76928068	76937164	48
chr8	76937164	77952436	61
chr8	77952436	78039518	61
chr8	78039518	81749053	61
chr8	81749053	82154146	58
chr8	82154146	83053199	61
chr8	83053199	86339758	54
chr8	86339758	86511962	54
chr8	86511962	88200657	54
chr8	88200657	89285126	54
chr8	89285126	89397794	54
chr8	89397794	89687595	54
chr8	89687595	89695070	65
chr8	89695070	89842482	65
chr8	89842482	90014842	65
chr8	90014842	90589715	65
chr8	90589715	91378604	65
chr8	91378604	92072789	65
chr8	92072789	92218269	65
chr8	92218269	92635761	65
chr8	92635761	93005729	65
chr8	93005729	93079036	65
chr8	93079036	93466391	74
chr8	93466391	93664487	74
chr8	93664487	93788101	74
chr8	93788101	94034223	74
chr8	94034223	94284049	74
chr8	94284049	94332954	82
chr8	94332954	94508261	90
chr8	94508261	94905156	90
chr8	94905156	95237529	90
chr8	95237529	95556227	90
chr8	95556227	95696654	90
chr8	95696654	95757433	90
chr8	95757433	96330740	90
chr8	96330740	96401792	90
chr8	96401792	96864746	90
chr8	96864746	96947860	90
chr8	96947860	97919399	90
chr8	97919399	98154350	90
chr8	98154350	98265142	90
chr8	98265142	98364415	90
chr8	98364415	98465044	90
chr8	98465044	98764901	90
chr8	98764901	98777642	90
chr8	98777642	98828343	90
chr8	98828343	99261159	90
chr8	99261159	99353165	90
chr8	99353165	100293775	90
chr8	100293775	100487553	90
chr8	100487553	100852308	90
chr8	100852308	102706809	90
chr8	102706809	102771191	90
chr8	102771191	102869158	90
chr8	102869158	103058186	90
chr8	103058186	103638594	90
chr8	103638594	103971035	90
chr8	103971035	104143520	90
chr8	104143520	104229276	90
chr8	104229276	104581973	90
chr8	104581973	104690753	90
chr8	104690753	106101725	90
chr8	106101725	106154178	90
chr8	106154178	106363035	90
chr8	106363035	107297542	90
chr8	107297542	107398586	90
chr8	107398586	107789917	90
chr8	107789917	107873059	90
chr8	107873059	108518067	90
chr8	108518067	109437652	90
chr8	109437652	109637149	90
chr8	109637149	110074598	90
chr8	110074598	111181633	90
chr8	111181633	112297777	90
chr8	112297777	112459794	91
chr8	112459794	113038297	91
chr8	113038297	113316013	91
chr8	113316013	113807819	91
chr8	113807819	114027452	91
chr8	114027452	114362031	91
chr8	114362031	114594712	91
chr8	114594712	114789142	91
chr8	114789142	114922197	91
chr8	114922197	115175243	91
chr8	115175243	115205363	72
chr8	115205363	118795332	91
chr8	118795332	118970146	91
chr8	118970146	119347695	91
chr8	119347695	119647188	91
chr8	119647188	119972378	91
chr8	119972378	120812953	91
chr8	120812953	120944423	91
chr8	120944423	121096750	91
chr8	121096750	121644178	91
chr8	121644178	121976663	91
chr8	121976663	122241411	91
chr8	122241411	122570867	91
chr8	122570867	123056773	91
chr8	123056773	123149276	91
chr8	123149276	123410917	91
chr8	123410917	124332190	91
chr8	124332190	124449937	91
chr8	124449937	125268882	91
chr8	125268882	125485938	91
chr8	125485938	126333276	91
chr8	126333276	126547884	91
chr8	126547884	126711404	91
chr8	126711404	126758003	92
chr8	126758003	126801384	92
chr8	126801384	126828568	92
chr8	126828568	126867415	92
chr8	126867415	127274385	92
chr8	127274385	127368187	92
chr8	127368187	127605551	92
chr8	127605551	127683653	92
chr8	127683653	127938461	92
chr8	127938461	128162701	92
chr8	128162701	128546355	92
chr8	128546355	128712398	92
chr8	128712398	129192527	92
chr8	129192527	129709183	92
chr8	129709183	130182212	92
chr8	130182212	130426225	92
chr8	130426225	130556124	92
chr8	130556124	130644346	92
chr8	130644346	130829010	92
chr8	130829010	130875488	92
chr8	130875488	131409111	92
chr8	131409111	131753061	92
chr8	131753061	132020809	92
chr8	132020809	132369794	92
chr8	132369794	132798664	92
chr8	132798664	132935296	92
chr8	132935296	133034879	92
chr8	133034879	133072528	92
chr8	133072528	133984912	92
chr8	133984912	134031423	92
chr8	134031423	134170132	92
chr8	134170132	134469873	92
chr8	134469873	135063687	92
chr8	135063687	135210439	92
chr8	135210439	135800000	92
chr8	135800000	135866935	92
chr8	135866935	136979765	92
chr8	136979765	137060238	92
chr8	137060238	137586959	92
chr8	137586959	137589446	92
chr8	137589446	137689423	92
chr8	137689423	137849332	92
chr8	137849332	137977149	92
chr8	137977149	138138349	92
chr8	138138349	138165804	92
chr8	138165804	138391356	92
chr8	138391356	138699035	92
chr8	138699035	138861396	92
chr8	138861396	139041731	92
chr8	139041731	140395890	92
chr8	140395890	140610253	92
chr8	140610253	141375767	92
chr8	141375767	141515050	92
chr8	141515050	142004477	92
chr8	142004477	142564502	92
chr8	142564502	145255251	92
chr8	145255251	145508486	92
chr8	145508486	145865345	92
chr8	145865345	146364022	78
chr9	0	286947	40
chr9	286947	410335	40
chr9	410335	465941	40
chr9	465941	635101	40
chr9	635101	802140	40
chr9	802140	1510811	40
chr9	1510811	1566474	40
chr9	1566474	1635334	40
chr9	1635334	1988475	40
chr9	1988475	2045278	40
chr9	2045278	2124620	40
chr9	2124620	2213998	40
chr9	2213998	3249847	40
chr9	3249847	3466645	40
chr9	3466645	3683278	40
chr9	3683278	3758093	40
chr9	3758093	3861182	40
chr9	3861182	3971915	40
chr9	3971915	4017464	40
chr9	4017464	4038605	40
chr9	4038605	4603356	40
chr9	4603356	4732615	40
chr9	4732615	4861206	40
chr9	4861206	5530230	40
chr9	5530230	5951362	40
chr9	5951362	6088387	40
chr9	6088387	6402115	40
chr9	6402115	6465277	40
chr9	6465277	6531772	40
chr9	6531772	6576805	40
chr9	6576805	6688470	49
chr9	6688470	6784796	49
chr9	6784796	6821102	40
chr9	6821102	6829288	40
chr9	6829288	7079658	40
chr9	7079658	7295866	40
chr9	7295866	7334769	40
chr9	7334769	7402437	40
chr9	7402437	7524694	40
chr9	7524694	7596864	40
chr9	7596864	7779859	40
chr9	7779859	7853981	40
chr9	7853981	7948192	40
chr9	7948192	8081840	40
chr9	8081840	8448640	40
chr9	8448640	8561799	40
chr9	8561799	8596713	44
chr9	8596713	8773722	44
chr9	8773722	8784673	44
chr9	8784673	8891533	44
chr9	8891533	8940709	44
chr9	8940709	9496074	44
chr9	9496074	9564470	44
chr9	9564470	10258834	44
chr9	10258834	10330057	44
chr9	10330057	10378114	44
chr9	10378114	10572105	44
chr9	10572105	12097747	44
chr9	12097747	12236621	44
chr9	12236621	12586387	44
chr9	12586387	12676009	44
chr9	12676009	13244852	44
chr9	13244852	13304836	44
chr9	13304836	13524269	44
chr9	13524269	13617738	44
chr9	13617738	13714958	44
chr9	13714958	13749998	44
chr9	13749998	14793808	44
chr9	14793808	14851792	44
chr9	14851792	15205841	44
chr9	15205841	15296616	44
chr9	15296616	15432282	44
chr9	15432282	15508809	44
chr9	15508809	16085370	44
chr9	16085370	16115596	44
chr9	16115596	16147843	44
chr9	16147843	16261787	44
chr9	16261787	16837237	44
chr9	16837237	16887975	44
chr9	16887975	16898158	44
chr9	16898158	16906408	44
chr9	16906408	16929361	44
chr9	16929361	17030605	44
chr9	17030605	17092274	44
chr9	17092274	17143726	44
chr9	17143726	17153998	44
chr9	17153998	17426252	44
chr9	17426252	17497435	44
chr9	17497435	17528057	44
chr9	17528057	17626672	44
chr9	17626672	17843682	44
chr9	17843682	18006320	44
chr9	18006320	18530144	51
chr9	18530144	18613705	51
chr9	18613705	18922868	51
chr9	18922868	18961976	51
chr9	18961976	19078612	51
chr9	19078612	19299982	60
chr9	19299982	19425940	51
chr9	19425940	19577799	51
chr9	19577799	19828569	51
chr9	19828569	19871286	51
chr9	19871286	20210089	51
chr9	20210089	20288043	51
chr9	20288043	21185103	51
chr9	21185103	21238139	51
chr9	21238139	21625989	51
chr9	21625989	21958539	51
chr9	21958539	23361462	51
chr9	23361462	23393976	46
chr9	23393976	26022313	51
chr9	26022313	26073106	51
chr9	26073106	27092362	51
chr9	27092362	27183144	51
chr9	27183144	27248183	51
chr9	27248183	27272630	46
chr9	27272630	27288627	51
chr9	27288627	27475099	47
chr9	27475099	27924004	47
chr9	27924004	29141211	42
chr9	29141211	29242127	42
chr9	29242127	29402510	42
chr9	29402510	29904002	42
chr9	29904002	29971261	42
chr9	29971261	30715233	42
chr9	30715233	30797920	42
chr9	30797920	31250783	42
chr9	31250783	31400089	42
chr9	31400089	32421282	42
chr9	32421282	32812897	52
chr9	32812897	33202157	56
chr9	33202157	33783518	52
chr9	33783518	33814401	52
chr9	33814401	33816355	61
chr9	33816355	34329077	61
chr9	34329077	34746421	52
chr9	34746421	34936356	56
chr9	34936356	35499816	52
chr9	35499816	35669893	52
chr9	35669893	36223362	52
chr9	36223362	36572644	61
chr9	36572644	36594488	52
chr9	36594488	36795568	52
chr9	36795568	37914697	52
chr9	37914697	38085085	52
chr9	38085085	38311100	52
chr9	38311100	38628294	52
chr9	38628294	38769602	52
chr9	38769602	44234022	52
chr9	44234022	44860219	56
chr9	44860219	45706402	52
chr9	45706402	46906975	56
chr9	46906975	49000000	2
chr9	49000000	65630934	0
chr9	65630934	66578879	19
chr9	66578879	66630502	23
chr9	66630502	67899911	33
chr9	67899911	68187200	61
chr9	68187200	68683898	52
chr9	68683898	69095475	23
chr9	69095475	70899307	19
chr9	70899307	70978541	11
chr9	70978541	71050587	0
chr9	71050587	72120155	0
chr9	72120155	72272093	0
chr9	72272093	74603098	0
chr9	74603098	76918752	0
chr9	76918752	77072953	1
chr9	77072953	83073126	0
chr9	83073126	83219796	1
chr9	83219796	87463456	0
chr9	87463456	87586607	1
chr9	87586607	89289425	0
chr9	89289425	89424834	1
chr9	89424834	94194436	0
chr9	94194436	94197803	1
chr9	94197803	96942600	0
chr9	96942600	97271943	0
chr9	97271943	106802465	0
chr9	106802465	106953327	1
chr9	106953327	107818191	0
chr9	107818191	108075839	0
chr9	108075839	108248287	0
chr9	108248287	108488243	1
chr9	108488243	110099388	0
chr9	110099388	110237230	1
chr9	110237230	116776288	0
chr9	116776288	117054270	1
chr9	117054270	118538088	0
chr9	118538088	120139687	0
chr9	120139687	120192079	9
chr9	120192079	122176763	0
chr9	122176763	122276181	0
chr9	122276181	122760606	0
chr9	122760606	124504447	9
chr9	124504447	125913290	9
chr9	125913290	126020463	0
chr9	126020463	127498629	4
chr9	127498629	130663224	0
chr9	130663224	132449741	0
chr9	132449741	132468103	5
chr9	132468103	132513832	9
chr9	132513832	132596419	5
chr9	132596419	134185538	0
chr9	134185538	134298750	5
chr9	134298750	136141528	0
chr9	136141528	136446209	0
chr9	136446209	139376191	0
chr9	139376191	139629170	0
chr9	139629170	140612765	3
chr9	140612765	141213431	0
chr10	0	11957241	51
chr10	11957241	12416368	61
chr10	12416368	20461701	51
chr10	20461701	20498439	51
chr10	20498439	21506235	51
chr10	21506235	21911948	61
chr10	21911948	27164866	51
chr10	27164866	31599131	59
chr10	31599131	33350777	55
chr10	33350777	33403271	55
chr10	33403271	36591562	55
chr10	36591562	36698050	41
chr10	36698050	38941425	55
chr10	38941425	39000378	59
chr10	39000378	39050890	41
chr10	39050890	40200000	0
chr10	40200000	42433540	1
chr10	42433540	42477859	5
chr10	42477859	42522927	13
chr10	42522927	43910131	27
chr10	43910131	44068691	37
chr10	44068691	44725855	27
chr10	44725855	47051627	13
chr10	47051627	47061066	27
chr10	47061066	55300832	13
chr10	55300832	55470921	42
chr10	55470921	68267802	13
chr10	68267802	69346560	27
chr10	69346560	69549718	36
chr10	69549718	70608989	46
chr10	70608989	79315148	36
chr10	79315148	79531768	65
chr10	79531768	81505823	36
chr10	81505823	88574761	26
chr10	88574761	88781663	54
chr10	88781663	88830920	26
chr10	88830920	93963917	16
chr10	93963917	94340573	25
chr10	94340573	96106356	16
chr10	96106356	96294842	25
chr10	96294842	97432319	16
chr10	97432319	98048006	12
chr10	98048006	103550807	6
chr10	103550807	103785939	0
chr10	103785939	104898159	6
chr10	104898159	105161422	16
chr10	105161422	112317328	6
chr10	112317328	114284630	12
chr10	114284630	114450861	12
chr10	114450861	117821855	12
chr10	117821855	117976666	0
chr10	117976666	118236991	12
chr10	118236991	118337169	0
chr10	118337169	118922866	12
chr10	118922866	120773361	0
chr10	120773361	120818841	12
chr10	120818841	120968473	21
chr10	120968473	126472400	12
chr10	126472400	126615661	21
chr10	126615661	130495808	12
chr10	130495808	130532803	5
chr10	130532803	130852552	12
chr10	130852552	131074613	5
chr10	131074613	134533771	12
chr10	134533771	135534747	18
chr11	0	5062371	0
chr11	5062371	5785664	0
chr11	5785664	5809094	4
chr11	5809094	9232332	0
chr11	9232332	9408254	0
chr11	9408254	11323280	0
chr11	11323280	13463218	0
chr11	13463218	18135499	5
chr11	18135499	18863841	9
chr11	18863841	18909027	5
chr11	18909027	19720128	9
chr11	19720128	20349948	5
chr11	20349948	25694739	9
chr11	25694739	27845606	0
chr11	27845606	28006131	9
chr11	28006131	28333175	0
chr11	28333175	28403320	23
chr11	28403320	29805789	0
chr11	29805789	31117635	23
chr11	31117635	35201670	24
chr11	35201670	35271849	19
chr11	35271849	46712130	24
chr11	46712130	47129905	28
chr11	47129905	48273060	37
chr11	48273060	48965768	33
chr11	48965768	50253153	24
chr11	50253153	50390319	33
chr11	50390319	50472899	62
chr11	50472899	51183919	67
chr11	51183919	51429291	59
chr11	51429291	51441936	31
chr11	51441936	51532610	21
chr11	51532610	51563636	3
chr11	51563636	53700000	0
chr11	53700000	54789042	1
chr11	54789042	54794667	30
chr11	54794667	55035374	71
chr11	55035374	55042829	61
chr11	55042829	57303833	56
chr11	57303833	57563341	27
chr11	57563341	57845282	56
chr11	57845282	57943434	51
chr11	57943434	61710609	56
chr11	61710609	61858659	65
chr11	61858659	62009420	56
chr11	62009420	62157517	27
chr11	62157517	63494720	56
chr11	63494720	65469239	65
chr11	65469239	71055489	71
chr11	71055489	71353309	81
chr11	71353309	71627538	71
chr11	71627538	73394339	81
chr11	73394339	73696146	59
chr11	73696146	73755405	63
chr11	73755405	79417551	59
chr11	79417551	80038731	3
chr11	80038731	80133265	0
chr11	80133265	81191761	3
chr11	81191761	81195479	31
chr11	81195479	81255913	3
chr11	81255913	81378118	3
chr11	81378118	81394273	31
chr11	81394273	81585934	31
chr11	81585934	81729529	59
chr11	81729529	81809279	59
chr11	81809279	85166899	59
chr11	85166899	85287818	59
chr11	85287818	85765479	59
chr11	85765479	85857376	45
chr11	85857376	87311955	59
chr11	87311955	87402810	59
chr11	87402810	87886407	59
chr11	87886407	87939221	59
chr11	87939221	90963094	59
chr11	90963094	91029312	59
chr11	91029312	91111767	59
chr11	91111767	91204508	59
chr11	91204508	92270220	59
chr11	92270220	92431021	55
chr11	92431021	92611792	59
chr11	92611792	92706930	31
chr11	92706930	95906481	59
chr11	95906481	95938458	59
chr11	95938458	96188282	59
chr11	96188282	96836308	59
chr11	96836308	97402198	59
chr11	97402198	98950579	58
chr11	98950579	99076601	29
chr11	99076601	99076780	29
chr11	99076780	99130133	58
chr11	99130133	99638667	58
chr11	99638667	99755029	58
chr11	99755029	100123518	58
chr11	100123518	100288556	44
chr11	100288556	100885059	58
chr11	100885059	100934474	58
chr11	100934474	104919381	58
chr11	104919381	104978805	48
chr11	104978805	108145347	58
chr11	108145347	108329130	58
chr11	108329130	115429737	58
chr11	115429737	115469343	29
chr11	115469343	117353114	58
chr11	117353114	121285676	58
chr11	121285676	121487375	29
chr11	121487375	124293740	24
chr11	124293740	124916154	10
chr11	124916154	124986223	1
chr11	124986223	125129174	10
chr11	125129174	125208509	14
chr11	125208509	126401789	10
chr11	126401789	128346820	1
chr11	128346820	128389574	0
chr11	128389574	131691546	1
chr11	131691546	131731602	0
chr11	131731602	132010572	1
chr11	132010572	132075480	0
chr11	132075480	134551185	1
chr11	134551185	134695332	0
chr11	134695332	135006516	1
chr12	0	3631366	53
chr12	3631366	7819732	43
chr12	7819732	8146812	53
chr12	8146812	9050517	43
chr12	9050517	9151231	29
chr12	9151231	24732610	43
chr12	24732610	24983584	47
chr12	24983584	31475097	43
chr12	31475097	32244446	53
chr12	32244446	34588813	43
chr12	34588813	34670668	53
chr12	34670668	34756673	58
chr12	34756673	35800000	43
chr12	35800000	37857751	4
chr12	37857751	37890874	46
chr12	37890874	37913469	50
chr12	37913469	37959632	64
chr12	37959632	38384525	70
chr12	38384525	38393485	64
chr12	38393485	46937589	55
chr12	46937589	47112503	27
chr12	47112503	50533515	55
chr12	50533515	50949884	64
chr12	50949884	51349855	55
chr12	51349855	56566559	27
chr12	56566559	56618775	27
chr12	56618775	57698654	27
chr12	57698654	57840896	36
chr12	57840896	58771104	27
chr12	58771104	64627510	55
chr12	64627510	65024470	64
chr12	65024470	68811699	55
chr12	68811699	70094590	45
chr12	70094590	70253990	17
chr12	70253990	71120777	45
chr12	71120777	77997441	38
chr12	77997441	80429840	32
chr12	80429840	80445320	4
chr12	80445320	99297951	32
chr12	99297951	100325038	4
chr12	100325038	104818777	32
chr12	104818777	112921722	4
chr12	112921722	113010619	0
chr12	113010619	115714901	4
chr12	115714901	115773708	0
chr12	115773708	121855447	4
chr12	121855447	122407526	0
chr12	122407526	122803678	4
chr12	122803678	123041737	13
chr12	123041737	124127068	4
chr12	124127068	124180358	13
chr12	124180358	125105905	4
chr12	125105905	125167471	8
chr12	125167471	127505956	4
chr12	127505956	127596639	8
chr12	127596639	133407643	4
chr12	133407643	133481598	8
chr12	133481598	133851895	4
chr13	0	17900000	0
chr13	17900000	19123483	1
chr13	19123483	26267844	27
chr13	26267844	26318735	22
chr13	26318735	29439500	27
chr13	29439500	29590789	22
chr13	29590789	32719051	27
chr13	32719051	33881750	31
chr13	33881750	38070759	27
chr13	38070759	38088352	13
chr13	38088352	39467437	27
chr13	39467437	41337572	23
chr13	41337572	43378280	37
chr13	43378280	43436653	32
chr13	43436653	48880090	37
chr13	48880090	48922283	23
chr13	48922283	64223634	37
chr13	64223634	64238128	21
chr13	64238128	66375961	37
chr13	66375961	66446121	23
chr13	66446121	67963588	37
chr13	67963588	68146743	23
chr13	68146743	69339697	37
chr13	69339697	79009218	40
chr13	79009218	79139063	35
chr13	79139063	86711516	40
chr13	86711516	87004700	50
chr13	87004700	100649537	40
chr13	100649537	100810750	50
chr13	100810750	102664476	40
chr13	102664476	102705003	35
chr13	102705003	102787144	40
chr13	102787144	102851842	35
chr13	102851842	103940207	40
chr13	103940207	104006695	35
chr13	104006695	104121154	40
chr13	104121154	104222844	35
chr13	104222844	106129486	40
chr13	106129486	106157203	35
chr13	106157203	106485176	40
chr13	106485176	106501496	40
chr13	106501496	108064079	40
chr13	108064079	108165572	35
chr13	108165572	115169878	40
chr14	0	17600000	0
chr14	17600000	19108176	0
chr14	19108176	19719084	9
chr14	19719084	21732418	17
chr14	21732418	21827466	27
chr14	21827466	22397573	17
chr14	22397573	22730395	23
chr14	22730395	22975789	9
chr14	22975789	25420824	3
chr14	25420824	26292674	0
chr14	26292674	30975698	0
chr14	30975698	34923507	4
chr14	34923507	35609930	14
chr14	35609930	41606899	4
chr14	41606899	41609427	32
chr14	41609427	41657299	40
chr14	41657299	41676759	12
chr14	41676759	50034082	4
chr14	50034082	50403182	14
chr14	50403182	55816497	4
chr14	55816497	55954260	3
chr14	55954260	57509938	0
chr14	57509938	60802311	0
chr14	60802311	60871674	28
chr14	60871674	62216727	0
chr14	62216727	64011282	0
chr14	64011282	64332384	9
chr14	64332384	65527458	0
chr14	65527458	65895516	0
chr14	65895516	66208649	0
chr14	66208649	68295369	0
chr14	68295369	75323068	0
chr14	75323068	78061551	4
chr14	78061551	78319857	14
chr14	78319857	79293415	4
chr14	79293415	87866409	18
chr14	87866409	88002979	10
chr14	88002979	88972976	18
chr14	88972976	91522567	18
chr14	91522567	91669250	27
chr14	91669250	101768912	18
chr14	101768912	102777307	18
chr14	102777307	103964015	27
chr14	103964015	105085384	28
chr14	105085384	105914531	35
chr14	105914531	106001874	28
chr14	106001874	106528665	19
chr14	106528665	106574339	23
chr14	106574339	106600476	14
chr14	106600476	106873212	19
chr14	106873212	106918101	27
chr14	106918101	107199589	11
chr14	107199589	107349540	5
chr15	0	19000000	0
chr15	19000000	20071673	0
chr15	20071673	20101641	33
chr15	20101641	20154183	38
chr15	20154183	22677238	0
chr15	22677238	26558900	0
chr15	26558900	26653519	0
chr15	26653519	26832854	0
chr15	26832854	26860268	0
chr15	26860268	26915191	0
chr15	26915191	28294903	0
chr15	28294903	28407726	0
chr15	28407726	30501829	0
chr15	30501829	30699447	0
chr15	30699447	31633285	0
chr15	31633285	39236314	0
chr15	39236314	39263172	0
chr15	39263172	41310140	0
chr15	41310140	41777264	0
chr15	41777264	41851622	0
chr15	41851622	41988987	0
chr15	41988987	42170216	0
chr15	42170216	42467665	0
chr15	42467665	44535055	0
chr15	44535055	44939480	0
chr15	44939480	50610850	0
chr15	50610850	51115475	0
chr15	51115475	53373629	0
chr15	53373629	53422207	0
chr15	53422207	54663674	0
chr15	54663674	54805496	0
chr15	54805496	55377390	0
chr15	55377390	57993927	5
chr15	57993927	58805765	10
chr15	58805765	59614207	5
chr15	59614207	61065599	0
chr15	61065599	64428450	0
chr15	64428450	64469174	1
chr15	64469174	66415435	0
chr15	66415435	69969281	6
chr15	69969281	70848276	20
chr15	70848276	73481735	20
chr15	73481735	73997969	0
chr15	73997969	74172083	6
chr15	74172083	75693645	0
chr15	75693645	75928974	2
chr15	75928974	76891376	0
chr15	76891376	76895775	0
chr15	76895775	77102556	0
chr15	77102556	77412322	6
chr15	77412322	77681570	0
chr15	77681570	79537260	6
chr15	79537260	79577845	14
chr15	79577845	80387465	6
chr15	80387465	88515451	14
chr15	88515451	90429311	19
chr15	90429311	90804760	29
chr15	90804760	96753547	19
chr15	96753547	96798521	14
chr15	96798521	98804639	19
chr15	98804639	98925250	47
chr15	98925250	101105243	47
chr15	101105243	102331561	19
chr15	102331561	102420705	14
chr15	102420705	102531392	24
chr16	0	495772	15
chr16	495772	653481	20
chr16	653481	1234891	34
chr16	1234891	1320653	20
chr16	1320653	2486782	15
chr16	2486782	4130085	8
chr16	4130085	4860558	12
chr16	4860558	6767008	2
chr16	6767008	6837117	0
chr16	6837117	7814921	2
chr16	7814921	7950963	0
chr16	7950963	10188136	2
chr16	10188136	10434862	31
chr16	10434862	11873937	2
chr16	11873937	12081943	12
chr16	12081943	14731983	2
chr16	14731983	14779141	2
chr16	14779141	14861831	0
chr16	14861831	15056358	0
chr16	15056358	19942497	0
chr16	19942497	19974637	0
chr16	19974637	22418509	0
chr16	22418509	22499976	0
chr16	22499976	22707625	0
chr16	22707625	22841526	0
chr16	22841526	23734971	0
chr16	23734971	24196454	0
chr16	24196454	25647441	6
chr16	25647441	26323569	0
chr16	26323569	26526810	6
chr16	26526810	26604604	1
chr16	26604604	31574606	6
chr16	31574606	32484375	0
chr16	32484375	32588906	2
chr16	32588906	34197476	0
chr16	34197476	34790154	0
chr16	34790154	35038215	0
chr16	35038215	35183806	0
chr16	35183806	35205717	0
chr16	35205717	36600000	0
chr16	36600000	46491374	0
chr16	46491374	46609976	0
chr16	46609976	47569735	0
chr16	47569735	47881535	0
chr16	47881535	49182849	0
chr16	49182849	49206354	0
chr16	49206354	49222410	7
chr16	49222410	49670385	12
chr16	49670385	50973360	0
chr16	50973360	55616548	0
chr16	55616548	55763661	0
chr16	55763661	55794999	0
chr16	55794999	55842368	0
chr16	55842368	68713276	0
chr16	68713276	68816664	0
chr16	68816664	70486712	0
chr16	70486712	70840723	0
chr16	70840723	70848239	0
chr16	70848239	71143395	0
chr16	71143395	71162630	0
chr16	71162630	74967019	0
chr16	74967019	75037619	0
chr16	75037619	76328515	0
chr16	76328515	76356905	0
chr16	76356905	78370485	0
chr16	78370485	78372018	0
chr16	78372018	78382201	0
chr16	78382201	78384883	0
chr16	78384883	78532338	0
chr16	78532338	78798792	0
chr16	78798792	79953026	0
chr16	79953026	79986500	0
chr16	79986500	80063778	0
chr16	80063778	80153368	0
chr16	80153368	88364132	0
chr16	88364132	90354753	0
chr17	0	838177	0
chr17	838177	1363939	3
chr17	1363939	3211752	0
chr17	3211752	3225964	0
chr17	3225964	4445927	0
chr17	4445927	5085472	0
chr17	5085472	5246039	2
chr17	5246039	8519072	0
chr17	8519072	8659963	0
chr17	8659963	8889328	0
chr17	8889328	12923955	0
chr17	12923955	13017532	0
chr17	13017532	15046529	0
chr17	15046529	15134393	0
chr17	15134393	17126929	0
chr17	17126929	17236293	0
chr17	17236293	18337627	0
chr17	18337627	18357169	14
chr17	18357169	18358948	27
chr17	18358948	18464904	23
chr17	18464904	18531159	14
chr17	18531159	20371780	0
chr17	20371780	22062395	0
chr17	22062395	22217680	0
chr17	22217680	22235650	0
chr17	22235650	24000000	0
chr17	24000000	25311244	0
chr17	25311244	25313690	0
chr17	25313690	25313829	0
chr17	25313829	25346692	0
chr17	25346692	27236784	0
chr17	27236784	27363344	0
chr17	27363344	27660329	0
chr17	27660329	27801069	0
chr17	27801069	28588132	0
chr17	28588132	29004541	0
chr17	29004541	29326925	0
chr17	29326925	29446740	0
chr17	29446740	29710888	0
chr17	29710888	39407942	0
chr17	39407942	39422361	0
chr17	39422361	39431628	6
chr17	39431628	39435952	0
chr17	39435952	39753846	0
chr17	39753846	44130223	0
chr17	44130223	44364192	0
chr17	44364192	44379313	0
chr17	44379313	44490960	0
chr17	44490960	44794979	0
chr17	44794979	45537022	0
chr17	45537022	45986435	0
chr17	45986435	46863607	14
chr17	46863607	52425580	0
chr17	52425580	52487555	14
chr17	52487555	54159979	0
chr17	54159979	54173305	14
chr17	54173305	57158657	0
chr17	57158657	57403647	0
chr17	57403647	64816864	0
chr17	64816864	65164820	0
chr17	65164820	65512401	0
chr17	65512401	68431149	0
chr17	68431149	69755305	5
chr17	69755305	73829153	11
chr17	73829153	74024836	21
chr17	74024836	74592106	11
chr17	74592106	75807970	15
chr17	75807970	76848716	19
chr17	76848716	76963184	28
chr17	76963184	80430029	19
chr17	80430029	80593876	0
chr17	80593876	81195210	19
chr18	0	2825447	33
chr18	2825447	3510812	25
chr18	3510812	3679827	35
chr18	3679827	4053375	25
chr18	4053375	4401745	21
chr18	4401745	4429751	16
chr18	4429751	11038960	21
chr18	11038960	15080570	29
chr18	15080570	15150640	34
chr18	15150640	15307817	34
chr18	15307817	17200000	11
chr18	17200000	18560354	0
chr18	18560354	18594682	2
chr18	18594682	18609580	7
chr18	18609580	18611243	15
chr18	18611243	18787039	57
chr18	18787039	19312150	52
chr18	19312150	19752479	42
chr18	19752479	20212199	42
chr18	20212199	22417152	42
chr18	22417152	23219335	42
chr18	23219335	23746056	42
chr18	23746056	24075203	42
chr18	24075203	24407564	42
chr18	24407564	25027467	42
chr18	25027467	26456135	14
chr18	26456135	26505552	14
chr18	26505552	28092168	14
chr18	28092168	28114986	14
chr18	28114986	28294468	14
chr18	28294468	28581336	14
chr18	28581336	29099064	14
chr18	29099064	29486722	14
chr18	29486722	29549038	24
chr18	29549038	29629294	24
chr18	29629294	29631669	14
chr18	29631669	29674935	14
chr18	29674935	29960241	14
chr18	29960241	30086193	14
chr18	30086193	30328615	14
chr18	30328615	30416410	14
chr18	30416410	31401791	14
chr18	31401791	31590737	14
chr18	31590737	34238916	14
chr18	34238916	34411328	14
chr18	34411328	36037320	14
chr18	36037320	36099990	14
chr18	36099990	36920692	14
chr18	36920692	37113912	14
chr18	37113912	38611147	14
chr18	38611147	38839137	14
chr18	38839137	39304026	14
chr18	39304026	40054117	14
chr18	40054117	40171009	14
chr18	40171009	40933188	4
chr18	40933188	41144344	4
chr18	41144344	45412945	4
chr18	45412945	45485097	0
chr18	45485097	45598175	4
chr18	45598175	46555767	10
chr18	46555767	46671499	4
chr18	46671499	49533495	4
chr18	49533495	51278554	0
chr18	51278554	57914645	4
chr18	57914645	58079732	0
chr18	58079732	64950209	4
chr18	64950209	64994157	0
chr18	64994157	65997647	4
chr18	65997647	66091373	0
chr18	66091373	67021574	4
chr18	67021574	67021719	0
chr18	67021719	69958804	4
chr18	69958804	70068240	0
chr18	70068240	71251182	4
chr18	71251182	71298690	0
chr18	71298690	78077248	4
chr19	0	463132	0
chr19	463132	543230	0
chr19	543230	755391	0
chr19	755391	1130890	3
chr19	1130890	1219608	0
chr19	1219608	2032086	0
chr19	2032086	3328882	0
chr19	3328882	4996946	5
chr19	4996946	5148938	0
chr19	5148938	5170724	0
chr19	5170724	5690395	0
chr19	5690395	5873927	5
chr19	5873927	6317358	0
chr19	6317358	6658098	5
chr19	6658098	7773077	0
chr19	7773077	7838479	0
chr19	7838479	8435153	9
chr19	8435153	8498480	13
chr19	8498480	8605202	9
chr19	8605202	8771372	13
chr19	8771372	8932724	4
chr19	8932724	9013524	0
chr19	9013524	9102391	18
chr19	9102391	9104935	31
chr19	9104935	10310385	51
chr19	10310385	14708422	65
chr19	14708422	15270586	70
chr19	15270586	15338839	42
chr19	15338839	16549374	70
chr19	16549374	16636904	42
chr19	16636904	17962727	70
chr19	17962727	18704273	64
chr19	18704273	19492078	64
chr19	19492078	19669214	54
chr19	19669214	19812942	26
chr19	19812942	20598496	54
chr19	20598496	20765963	54
chr19	20765963	21249387	54
chr19	21249387	21354773	54
chr19	21354773	22163541	54
chr19	22163541	23072291	54
chr19	23072291	24324036	54
chr19	24324036	24362682	64
chr19	24362682	24521623	69
chr19	24521623	26500000	0
chr19	26500000	27828664	0
chr19	27828664	27838898	38
chr19	27838898	28015985	70
chr19	28015985	28055416	70
chr19	28055416	28127307	60
chr19	28127307	33020427	54
chr19	33020427	33408940	64
chr19	33408940	34730859	57
chr19	34730859	34775412	43
chr19	34775412	36186981	57
chr19	36186981	36945010	29
chr19	36945010	37024083	10
chr19	37024083	41608293	38
chr19	41608293	41730569	48
chr19	41730569	42063676	38
chr19	42063676	42274146	10
chr19	42274146	45175097	38
chr19	45175097	45394422	48
chr19	45394422	46435784	48
chr19	46435784	47130412	38
chr19	47130412	47405876	48
chr19	47405876	47486682	38
chr19	47486682	48392316	48
chr19	48392316	48465173	19
chr19	48465173	48468969	11
chr19	48468969	48491736	2
chr19	48491736	48499613	30
chr19	48499613	48739580	38
chr19	48739580	49455443	48
chr19	49455443	53912307	38
chr19	53912307	54030750	30
chr19	54030750	56972181	38
chr19	56972181	57767714	30
chr19	57767714	57822129	34
chr19	57822129	59128983	30
chr20	0	138064	35
chr20	138064	1558928	63
chr20	1558928	1569410	53
chr20	1569410	1582150	48
chr20	1582150	1636910	57
chr20	1636910	4594053	63
chr20	4594053	4985889	57
chr20	4985889	5077814	67
chr20	5077814	9506871	57
chr20	9506871	10418123	55
chr20	10418123	14866925	51
chr20	14866925	14974268	45
chr20	14974268	15648659	51
chr20	15648659	15716024	37
chr20	15716024	17474314	51
chr20	17474314	17568298	23
chr20	17568298	17953481	51
chr20	17953481	26239964	55
chr20	26239964	26289925	13
chr20	26289925	27500000	0
chr20	27500000	29471217	1
chr20	29471217	29471235	28
chr20	29471235	29529915	57
chr20	29529915	29835037	66
chr20	29835037	29896546	71
chr20	29896546	30146673	65
chr20	30146673	30951834	65
chr20	30951834	31308194	65
chr20	31308194	31377576	65
chr20	31377576	32835838	65
chr20	32835838	33384873	65
chr20	33384873	34415206	65
chr20	34415206	34537115	65
chr20	34537115	35093517	65
chr20	35093517	35478211	65
chr20	35478211	35597214	65
chr20	35597214	35818910	56
chr20	35818910	37518888	56
chr20	37518888	37758810	56
chr20	37758810	39661849	56
chr20	39661849	39883012	56
chr20	39883012	42659891	56
chr20	42659891	42911262	61
chr20	42911262	43026854	61
chr20	43026854	43042472	61
chr20	43042472	43191169	61
chr20	43191169	43777674	61
chr20	43777674	43889578	61
chr20	43889578	44100909	61
chr20	44100909	44183331	61
chr20	44183331	44291084	61
chr20	44291084	44377549	61
chr20	44377549	45563948	61
chr20	45563948	45689455	61
chr20	45689455	45793471	61
chr20	45793471	45814575	61
chr20	45814575	46010405	61
chr20	46010405	46121271	71
chr20	46121271	46206217	71
chr20	46206217	46241846	71
chr20	46241846	47579522	61
chr20	47579522	47871651	61
chr20	47871651	48989516	61
chr20	48989516	49197362	61
chr20	49197362	49305180	61
chr20	49305180	49736230	61
chr20	49736230	50286702	61
chr20	50286702	50458456	71
chr20	50458456	50518489	71
chr20	50518489	50612550	71
chr20	50612550	52086054	61
chr20	52086054	52199282	71
chr20	52199282	52317975	71
chr20	52317975	52363300	71
chr20	52363300	52652419	61
chr20	52652419	52722632	61
chr20	52722632	52931524	61
chr20	52931524	53190591	61
chr20	53190591	53241963	61
chr20	53241963	53323725	61
chr20	53323725	55223561	61
chr20	55223561	55348861	61
chr20	55348861	55467543	61
chr20	55467543	55601869	61
chr20	55601869	56578987	61
chr20	56578987	56765772	56
chr20	56765772	56899879	56
chr20	56899879	61831854	56
chr20	61831854	62030873	65
chr20	62030873	62530136	72
chr20	62530136	62644069	65
chr20	62644069	62762412	56
chr20	62762412	63025520	56
chr21	0	9764385	0
chr21	9764385	11018120	28
chr21	11018120	13200000	0
chr21	13200000	14446700	0
chr21	14446700	14570437	36
chr21	14570437	17641111	32
chr21	17641111	26378606	32
chr21	26378606	34427869	32
chr21	34427869	48026763	46
chr21	48026763	48129895	40
chr22	0	14700000	0
chr22	14700000	16058758	0
chr22	16058758	16151161	0
chr22	16151161	16483866	0
chr22	16483866	16629470	0
chr22	16629470	16683415	0
chr22	16683415	16883065	0
chr22	16883065	18505933	0
chr22	18505933	18638635	6
chr22	18638635	21934399	0
chr22	21934399	22114520	0
chr22	22114520	24342599	0
chr22	24342599	24399172	0
chr22	24399172	30141070	0
chr22	30141070	31615796	0
chr22	31615796	31816091	0
chr22	31816091	33629456	0
chr22	33629456	36772004	0
chr22	36772004	36840678	0
chr22	36840678	37289642	0
chr22	37289642	37892318	0
chr22	37892318	39350137	0
chr22	39350137	39405008	0
chr22	39405008	39915487	0
chr22	39915487	41395785	0
chr22	41395785	41477811	0
chr22	41477811	41561763	0
chr22	41561763	41619679	0
chr22	41619679	41901409	0
chr22	41901409	41993333	0
chr22	41993333	42928972	0
chr22	42928972	44782613	0
chr22	44782613	44923567	0
chr22	44923567	48503327	0
chr22	48503327	48529776	0
chr22	48529776	48786852	0
chr22	48786852	48840677	0
chr22	48840677	49076673	0
chr22	49076673	51141572	0
chr22	51141572	51188404	0
chr22	51188404	51193712	0
chr22	51193712	51304566	0
chrX	0	586088	0
chrX	586088	892488	0
chrX	892488	1477511	0
chrX	1477511	1791866	43
chrX	1791866	1837799	43
chrX	1837799	1839899	0
chrX	1839899	2311498	0
chrX	2311498	2341842	0
chrX	2341842	2491303	0
chrX	2491303	2570556	0
chrX	2570556	3321933	0
chrX	3321933	4501241	0
chrX	4501241	5127897	0
chrX	5127897	5214565	0
chrX	5214565	5271332	0
chrX	5271332	5494588	0
chrX	5494588	5676585	0
chrX	5676585	7182862	0
chrX	7182862	7799814	0
chrX	7799814	9297658	0
chrX	9297658	9425775	0
chrX	9425775	27854537	0
chrX	27854537	32654354	0
chrX	32654354	32743674	0
chrX	32743674	39196140	0
chrX	39196140	39255531	0
chrX	39255531	41038464	0
chrX	41038464	47111748	0
chrX	47111748	47300603	0
chrX	47300603	48368450	0
chrX	48368450	48532989	0
chrX	48532989	50353298	0
chrX	50353298	50499877	0
chrX	50499877	56083871	0
chrX	56083871	56228809	0
chrX	56228809	56752900	0
chrX	56752900	56935555	0
chrX	56935555	58318061	0
chrX	58318061	58321723	0
chrX	58321723	58344892	0
chrX	58344892	58480569	0
chrX	58480569	59098320	0
chrX	59098320	59118992	0
chrX	59118992	59298906	0
chrX	59298906	59331578	0
chrX	59331578	60600000	0
chrX	60600000	61818199	0
chrX	61818199	62057076	0
chrX	62057076	62110034	0
chrX	62110034	67536903	0
chrX	67536903	67764172	0
chrX	67764172	72420178	0
chrX	72420178	77117615	0
chrX	77117615	87969761	0
chrX	87969761	90281756	0
chrX	90281756	90306594	0
chrX	90306594	90542651	0
chrX	90542651	90602112	0
chrX	90602112	100134875	0
chrX	100134875	100568053	0
chrX	100568053	100668664	0
chrX	100668664	104496615	0
chrX	104496615	115601013	0
chrX	115601013	115775964	0
chrX	115775964	117312401	0
chrX	117312401	118840435	0
chrX	118840435	119072704	0
chrX	119072704	120367473	0
chrX	120367473	120836305	0
chrX	120836305	122914078	0
chrX	122914078	123103981	0
chrX	123103981	128764321	0
chrX	128764321	128882029	0
chrX	128882029	130815108	0
chrX	130815108	130963749	0
chrX	130963749	135896045	0
chrX	135896045	136032846	0
chrX	136032846	138192389	0
chrX	138192389	138270092	0
chrX	138270092	138717871	0
chrX	138717871	138754737	0
chrX	138754737	139011090	0
chrX	139011090	141419530	0
chrX	141419530	141469028	0
chrX	141469028	142601884	0
chrX	142601884	144084750	0
chrX	144084750	144178612	0
chrX	144178612	147900199	0
chrX	147900199	147958688	0
chrX	147958688	150438557	0
chrX	150438557	150543193	0
chrX	150543193	150820261	0
chrX	150820261	150934592	0
chrX	150934592	154780097	0
chrX	154780097	154786673	0
chrX	154786673	155270560	0
chrY	0	12500000	0
chrY	12500000	59373566	0