Chromosome Region	Start	End	loss
chr1	0	564549	2
chr1	564549	925061	0
chr1	925061	1841771	0
chr1	1841771	9972864	0
chr1	9972864	10365274	0
chr1	10365274	10596615	0
chr1	10596615	10637382	0
chr1	10637382	16588894	0
chr1	16588894	16697192	0
chr1	16697192	16848768	0
chr1	16848768	17016876	14
chr1	17016876	17691321	0
chr1	17691321	17842092	0
chr1	17842092	24830667	0
chr1	24830667	25072311	0
chr1	25072311	25555941	0
chr1	25555941	26547908	0
chr1	26547908	27373888	0
chr1	27373888	28303790	0
chr1	28303790	28771659	0
chr1	28771659	28922557	0
chr1	28922557	30783695	0
chr1	30783695	31262421	0
chr1	31262421	33065079	0
chr1	33065079	33151411	0
chr1	33151411	34307928	0
chr1	34307928	34656031	0
chr1	34656031	35380577	0
chr1	35380577	36183644	0
chr1	36183644	36218868	0
chr1	36218868	36495495	0
chr1	36495495	37098711	0
chr1	37098711	40196176	0
chr1	40196176	40231249	0
chr1	40231249	44687475	0
chr1	44687475	44820347	0
chr1	44820347	46204891	0
chr1	46204891	48988196	0
chr1	48988196	49308196	0
chr1	49308196	50984485	0
chr1	50984485	51089331	0
chr1	51089331	53845712	0
chr1	53845712	54172806	0
chr1	54172806	54934291	0
chr1	54934291	55616442	0
chr1	55616442	56159896	0
chr1	56159896	59455398	0
chr1	59455398	60078893	0
chr1	60078893	60931543	0
chr1	60931543	61011195	0
chr1	61011195	65315050	0
chr1	65315050	65358736	0
chr1	65358736	66078736	0
chr1	66078736	72208306	0
chr1	72208306	72266376	0
chr1	72266376	72743627	0
chr1	72743627	72748221	0
chr1	72748221	72763023	0
chr1	72763023	72765894	0
chr1	72765894	72811532	0
chr1	72811532	72816882	0
chr1	72816882	73129516	0
chr1	73129516	73497010	0
chr1	73497010	73536895	0
chr1	73536895	74536605	0
chr1	74536605	74540304	0
chr1	74540304	78728620	0
chr1	78728620	80696453	0
chr1	80696453	83828881	0
chr1	83828881	83961652	0
chr1	83961652	93275319	0
chr1	93275319	94463537	0
chr1	94463537	96776679	0
chr1	96776679	97521165	0
chr1	97521165	111377569	0
chr1	111377569	111386078	0
chr1	111386078	113501522	0
chr1	113501522	113678932	0
chr1	113678932	114930771	0
chr1	114930771	114959714	0
chr1	114959714	118013274	0
chr1	118013274	121226982	0
chr1	121226982	121291080	0
chr1	121291080	125000000	1
chr1	125000000	143458436	0
chr1	143458436	144527676	0
chr1	144527676	145386254	0
chr1	145386254	148648869	0
chr1	148648869	149024805	0
chr1	149024805	149255799	0
chr1	149255799	149258054	0
chr1	149258054	149425912	0
chr1	149425912	149834798	0
chr1	149834798	150349994	0
chr1	150349994	150433467	0
chr1	150433467	150658268	0
chr1	150658268	151116138	0
chr1	151116138	153191794	0
chr1	153191794	153250731	0
chr1	153250731	155567329	0
chr1	155567329	155665165	0
chr1	155665165	159762099	0
chr1	159762099	160624219	0
chr1	160624219	160914407	0
chr1	160914407	162881278	0
chr1	162881278	162933215	0
chr1	162933215	166594339	0
chr1	166594339	169585047	0
chr1	169585047	174801847	0
chr1	174801847	175879957	0
chr1	175879957	176435216	0
chr1	176435216	176761738	0
chr1	176761738	179800493	0
chr1	179800493	180600620	0
chr1	180600620	188994230	0
chr1	188994230	189640079	0
chr1	189640079	189682387	0
chr1	189682387	196705860	0
chr1	196705860	196711121	0
chr1	196711121	196816261	0
chr1	196816261	196820023	0
chr1	196820023	198316448	0
chr1	198316448	199109526	0
chr1	199109526	201878177	0
chr1	201878177	201881074	0
chr1	201881074	203761823	0
chr1	203761823	203918036	0
chr1	203918036	206508400	0
chr1	206508400	208328230	0
chr1	208328230	211939113	0
chr1	211939113	214871037	0
chr1	214871037	216453044	0
chr1	216453044	219226117	0
chr1	219226117	222145870	0
chr1	222145870	222224159	0
chr1	222224159	224256093	0
chr1	224256093	224588601	0
chr1	224588601	233453624	0
chr1	233453624	236454946	0
chr1	236454946	236536247	0
chr1	236536247	236787139	0
chr1	236787139	239181089	0
chr1	239181089	242863789	0
chr1	242863789	243055549	0
chr1	243055549	247787459	0
chr1	247787459	247864435	0
chr1	247864435	248711769	0
chr1	248711769	249250621	0
chr2	0	224331	0
chr2	224331	303298	0
chr2	303298	506594	0
chr2	506594	2349206	0
chr2	2349206	2469416	0
chr2	2469416	4216436	0
chr2	4216436	4237269	0
chr2	4237269	4249089	0
chr2	4249089	5413143	0
chr2	5413143	5455519	0
chr2	5455519	5494267	0
chr2	5494267	6165413	0
chr2	6165413	6641579	0
chr2	6641579	6854630	0
chr2	6854630	7648834	0
chr2	7648834	9302752	0
chr2	9302752	12387300	0
chr2	12387300	12453397	0
chr2	12453397	15105835	0
chr2	15105835	15182167	0
chr2	15182167	15605365	0
chr2	15605365	15696983	0
chr2	15696983	24888674	0
chr2	24888674	26580761	0
chr2	26580761	32163804	0
chr2	32163804	32584312	0
chr2	32584312	34695192	0
chr2	34695192	42633249	0
chr2	42633249	42828325	0
chr2	42828325	47538695	0
chr2	47538695	47697978	0
chr2	47697978	47889331	0
chr2	47889331	48110791	0
chr2	48110791	56734434	0
chr2	56734434	57847376	0
chr2	57847376	57969395	0
chr2	57969395	58485942	0
chr2	58485942	59610434	0
chr2	59610434	59622452	0
chr2	59622452	59701249	0
chr2	59701249	61666549	0
chr2	61666549	62042449	0
chr2	62042449	65351817	0
chr2	65351817	65465459	0
chr2	65465459	70266797	0
chr2	70266797	70340248	0
chr2	70340248	70492634	0
chr2	70492634	79517520	0
chr2	79517520	79649886	0
chr2	79649886	87413976	0
chr2	87413976	87487085	0
chr2	87487085	87548799	0
chr2	87548799	87555780	0
chr2	87555780	90301276	0
chr2	90301276	91627978	0
chr2	91627978	91704724	0
chr2	91704724	92193296	0
chr2	92193296	92275027	0
chr2	92275027	93300000	0
chr2	93300000	95341388	0
chr2	95341388	95421697	0
chr2	95421697	97830617	0
chr2	97830617	97832353	0
chr2	97832353	98197009	0
chr2	98197009	107670391	0
chr2	107670391	107776137	0
chr2	107776137	109202757	0
chr2	109202757	109357887	0
chr2	109357887	109604227	0
chr2	109604227	110012398	0
chr2	110012398	111403986	0
chr2	111403986	111613220	0
chr2	111613220	111660454	0
chr2	111660454	111885594	0
chr2	111885594	112372597	0
chr2	112372597	112423341	0
chr2	112423341	112615695	0
chr2	112615695	112882741	0
chr2	112882741	113319062	0
chr2	113319062	113461268	0
chr2	113461268	113488995	0
chr2	113488995	113546791	0
chr2	113546791	113636636	0
chr2	113636636	113871943	0
chr2	113871943	114429392	0
chr2	114429392	114988046	0
chr2	114988046	115110972	0
chr2	115110972	115119952	0
chr2	115119952	125489450	0
chr2	125489450	125630604	0
chr2	125630604	126363866	0
chr2	126363866	126456105	0
chr2	126456105	126711310	0
chr2	126711310	126800911	0
chr2	126800911	127296707	0
chr2	127296707	127356253	0
chr2	127356253	128707938	0
chr2	128707938	128867389	0
chr2	128867389	135170694	0
chr2	135170694	135220983	0
chr2	135220983	140993579	0
chr2	140993579	141420218	0
chr2	141420218	141572401	0
chr2	141572401	141841923	0
chr2	141841923	142068980	0
chr2	142068980	146360827	0
chr2	146360827	146509742	0
chr2	146509742	153079877	0
chr2	153079877	170384577	0
chr2	170384577	170472426	0
chr2	170472426	173447765	0
chr2	173447765	174340559	0
chr2	174340559	174480535	0
chr2	174480535	174844643	0
chr2	174844643	174943429	0
chr2	174943429	179687695	0
chr2	179687695	179752448	0
chr2	179752448	180404111	0
chr2	180404111	180444995	0
chr2	180444995	182928861	0
chr2	182928861	187988040	0
chr2	187988040	188211204	0
chr2	188211204	193764921	0
chr2	193764921	193987141	0
chr2	193987141	194236536	0
chr2	194236536	194943310	0
chr2	194943310	194989723	0
chr2	194989723	195204194	0
chr2	195204194	199858614	0
chr2	199858614	203069398	0
chr2	203069398	204202731	0
chr2	204202731	206223891	0
chr2	206223891	206354024	0
chr2	206354024	212773299	0
chr2	212773299	212890361	0
chr2	212890361	215624948	0
chr2	215624948	220877466	0
chr2	220877466	220981566	0
chr2	220981566	226614621	0
chr2	226614621	226714359	0
chr2	226714359	228031813	0
chr2	228031813	233638829	0
chr2	233638829	243034596	0
chr2	243034596	243199373	0
chr3	0	6648836	0
chr3	6648836	6660012	0
chr3	6660012	7043098	0
chr3	7043098	7749280	0
chr3	7749280	8074927	0
chr3	8074927	11639931	0
chr3	11639931	11641243	0
chr3	11641243	11651839	0
chr3	11651839	19440301	0
chr3	19440301	19846712	0
chr3	19846712	20031256	9
chr3	20031256	24375479	0
chr3	24375479	24439619	0
chr3	24439619	26148988	0
chr3	26148988	26304146	9
chr3	26304146	26612137	0
chr3	26612137	26616020	0
chr3	26616020	29942407	0
chr3	29942407	32687890	0
chr3	32687890	32840816	0
chr3	32840816	47721582	0
chr3	47721582	48152949	0
chr3	48152949	48275962	0
chr3	48275962	50132434	0
chr3	50132434	52152004	0
chr3	52152004	53031743	0
chr3	53031743	53039373	0
chr3	53039373	55844565	0
chr3	55844565	55846086	0
chr3	55846086	59151579	0
chr3	59151579	59168409	0
chr3	59168409	59756527	0
chr3	59756527	60707095	0
chr3	60707095	60836843	0
chr3	60836843	67948653	0
chr3	67948653	68095035	0
chr3	68095035	82087698	0
chr3	82087698	82187829	0
chr3	82187829	87423184	0
chr3	87423184	87499484	0
chr3	87499484	90137970	0
chr3	90137970	90183517	0
chr3	90183517	91000000	0
chr3	91000000	93543006	0
chr3	93543006	93548479	0
chr3	93548479	93588564	0
chr3	93588564	93605126	0
chr3	93605126	93648113	0
chr3	93648113	93705493	0
chr3	93705493	93769215	0
chr3	93769215	93782221	0
chr3	93782221	94263812	0
chr3	94263812	94938387	0
chr3	94938387	94949963	0
chr3	94949963	96457773	0
chr3	96457773	97072734	0
chr3	97072734	97090387	0
chr3	97090387	98407309	0
chr3	98407309	103027919	0
chr3	103027919	103140124	0
chr3	103140124	104760858	0
chr3	104760858	105138598	0
chr3	105138598	105189409	0
chr3	105189409	105419369	0
chr3	105419369	106361352	0
chr3	106361352	108944655	0
chr3	108944655	109199781	0
chr3	109199781	110243910	0
chr3	110243910	115942004	0
chr3	115942004	115963450	0
chr3	115963450	116070536	0
chr3	116070536	116535034	2
chr3	116535034	116585751	2
chr3	116585751	116699228	10
chr3	116699228	116747964	24
chr3	116747964	116762166	8
chr3	116762166	116775294	0
chr3	116775294	116840199	0
chr3	116840199	117058985	0
chr3	117058985	117157017	0
chr3	117157017	117565534	0
chr3	117565534	117652723	0
chr3	117652723	125539899	0
chr3	125539899	125650044	0
chr3	125650044	128092633	0
chr3	128092633	128129212	0
chr3	128129212	128311925	0
chr3	128311925	128429016	0
chr3	128429016	129786330	0
chr3	129786330	129791130	0
chr3	129791130	129911642	0
chr3	129911642	129933269	0
chr3	129933269	130134861	0
chr3	130134861	130157427	0
chr3	130157427	131939867	0
chr3	131939867	132086836	0
chr3	132086836	133312576	0
chr3	133312576	135036263	0
chr3	135036263	135151313	0
chr3	135151313	137032399	0
chr3	137032399	137047642	0
chr3	137047642	138502804	0
chr3	138502804	138625611	0
chr3	138625611	143453888	0
chr3	143453888	144192359	0
chr3	144192359	152769861	0
chr3	152769861	152864100	0
chr3	152864100	156138606	0
chr3	156138606	156183116	0
chr3	156183116	156610614	0
chr3	156610614	156728653	0
chr3	156728653	156842231	0
chr3	156842231	157365516	0
chr3	157365516	162504487	0
chr3	162504487	162507354	0
chr3	162507354	162530593	0
chr3	162530593	162610485	0
chr3	162610485	162625988	0
chr3	162625988	162627609	0
chr3	162627609	163071525	0
chr3	163071525	163284504	0
chr3	163284504	167368965	0
chr3	167368965	167895350	0
chr3	167895350	177871092	0
chr3	177871092	178171604	0
chr3	178171604	178204896	0
chr3	178204896	178946441	0
chr3	178946441	178952994	0
chr3	178952994	180872042	0
chr3	180872042	180888395	0
chr3	180888395	185553721	0
chr3	185553721	186579862	0
chr3	186579862	187446005	0
chr3	187446005	187572259	0
chr3	187572259	188261647	0
chr3	188261647	188327003	0
chr3	188327003	189926478	0
chr3	189926478	190240978	0
chr3	190240978	190746006	0
chr3	190746006	190830509	0
chr3	190830509	191867751	0
chr3	191867751	191936757	0
chr3	191936757	191947828	0
chr3	191947828	192027472	0
chr3	192027472	192826538	0
chr3	192826538	192872973	0
chr3	192872973	192886513	0
chr3	192886513	192886953	0
chr3	192886953	195524446	0
chr3	195524446	195793995	0
chr3	195793995	196706702	0
chr3	196706702	196973515	0
chr3	196973515	197834139	0
chr3	197834139	197838388	0
chr3	197838388	198022430	0
chr4	0	45929	20
chr4	45929	65870	16
chr4	65870	67770	10
chr4	67770	75105	0
chr4	75105	79627	0
chr4	79627	1398038	0
chr4	1398038	2198781	0
chr4	2198781	3627587	0
chr4	3627587	3748666	0
chr4	3748666	3947022	2
chr4	3947022	10212275	0
chr4	10212275	10231374	0
chr4	10231374	10313283	0
chr4	10313283	10391541	0
chr4	10391541	10401693	25
chr4	10401693	10523882	0
chr4	10523882	11960223	5
chr4	11960223	12085987	9
chr4	12085987	16431214	5
chr4	16431214	18601176	0
chr4	18601176	18783065	5
chr4	18783065	19985062	0
chr4	19985062	20186567	5
chr4	20186567	20319941	33
chr4	20319941	20457687	25
chr4	20457687	20554532	0
chr4	20554532	20683744	0
chr4	20683744	20797431	4
chr4	20797431	21765868	0
chr4	21765868	22394237	4
chr4	22394237	22651224	0
chr4	22651224	23145051	4
chr4	23145051	25507837	0
chr4	25507837	25623269	0
chr4	25623269	25805649	0
chr4	25805649	32099216	4
chr4	32099216	32325832	0
chr4	32325832	38464055	0
chr4	38464055	38539773	0
chr4	38539773	48599159	0
chr4	48599159	48992424	0
chr4	48992424	49081648	0
chr4	49081648	49091580	0
chr4	49091580	49242208	0
chr4	49242208	49309867	0
chr4	49309867	50400000	0
chr4	50400000	52696792	0
chr4	52696792	52700771	0
chr4	52700771	52762136	0
chr4	52762136	52860746	0
chr4	52860746	52863061	0
chr4	52863061	55560049	0
chr4	55560049	55567168	2
chr4	55567168	56138166	0
chr4	56138166	56298108	0
chr4	56298108	59721832	0
chr4	59721832	59834058	0
chr4	59834058	63521520	0
chr4	63521520	64693460	0
chr4	64693460	64717535	24
chr4	64717535	65562723	0
chr4	65562723	68412488	0
chr4	68412488	69099955	0
chr4	69099955	69373472	0
chr4	69373472	69375058	0
chr4	69375058	69487657	0
chr4	69487657	69538744	0
chr4	69538744	70127648	0
chr4	70127648	70251672	4
chr4	70251672	75141129	0
chr4	75141129	76911648	0
chr4	76911648	77540765	10
chr4	77540765	80953967	14
chr4	80953967	82322908	26
chr4	82322908	86936079	33
chr4	86936079	86980017	38
chr4	86980017	91919092	38
chr4	91919092	91949125	34
chr4	91949125	98560919	38
chr4	98560919	98705808	67
chr4	98705808	108043479	38
chr4	108043479	108081486	34
chr4	108081486	111185617	38
chr4	111185617	111289363	10
chr4	111289363	113968075	38
chr4	113968075	113999069	43
chr4	113999069	116158654	38
chr4	116158654	116201997	34
chr4	116201997	119119061	38
chr4	119119061	119136091	33
chr4	119136091	119356515	29
chr4	119356515	120814179	29
chr4	120814179	123590326	33
chr4	123590326	123803042	38
chr4	123803042	123860445	34
chr4	123860445	135177751	38
chr4	135177751	137933261	38
chr4	137933261	138083528	24
chr4	138083528	138101748	19
chr4	138101748	138108419	0
chr4	138108419	138196646	0
chr4	138196646	141866442	24
chr4	141866442	141912539	29
chr4	141912539	147488246	24
chr4	147488246	150392133	38
chr4	150392133	150484311	66
chr4	150484311	151932855	38
chr4	151932855	152067118	28
chr4	152067118	152799628	38
chr4	152799628	152859487	10
chr4	152859487	154130591	66
chr4	154130591	161877009	66
chr4	161877009	161884993	54
chr4	161884993	161885220	62
chr4	161885220	165945039	66
chr4	165945039	166106749	57
chr4	166106749	172372115	66
chr4	172372115	172379152	62
chr4	172379152	179407706	66
chr4	179407706	179474244	71
chr4	179474244	181828087	66
chr4	181828087	182024610	74
chr4	182024610	182141023	79
chr4	182141023	182565838	74
chr4	182565838	190413673	66
chr4	190413673	191154276	62
chr5	0	1522369	0
chr5	1522369	2340001	0
chr5	2340001	2377894	0
chr5	2377894	8218970	0
chr5	8218970	8323007	0
chr5	8323007	17040114	0
chr5	17040114	17145744	0
chr5	17145744	18713095	0
chr5	18713095	18777228	0
chr5	18777228	19639686	0
chr5	19639686	19799548	0
chr5	19799548	25061136	0
chr5	25061136	25169592	0
chr5	25169592	29432209	0
chr5	29432209	29469654	0
chr5	29469654	32376120	0
chr5	32376120	34101645	0
chr5	34101645	34294965	0
chr5	34294965	36400245	0
chr5	36400245	36891061	0
chr5	36891061	39972067	0
chr5	39972067	40071820	0
chr5	40071820	40976502	0
chr5	40976502	41385493	0
chr5	41385493	43948695	0
chr5	43948695	44307323	0
chr5	44307323	45878132	0
chr5	45878132	45967902	0
chr5	45967902	46062051	0
chr5	46062051	46261151	0
chr5	46261151	46271058	0
chr5	46271058	46278212	0
chr5	46278212	46328445	0
chr5	46328445	46383335	0
chr5	46383335	48400000	0
chr5	48400000	49520000	1
chr5	49520000	49573133	0
chr5	49573133	49612575	6
chr5	49612575	49696127	7
chr5	49696127	49845634	16
chr5	49845634	50215202	22
chr5	50215202	51879881	30
chr5	51879881	53880206	39
chr5	53880206	54468742	45
chr5	54468742	56157963	59
chr5	56157963	56193188	68
chr5	56193188	57323830	59
chr5	57323830	57333524	0
chr5	57333524	57335951	0
chr5	57335951	57339215	0
chr5	57339215	59126812	59
chr5	59126812	59314348	64
chr5	59314348	65429422	59
chr5	65429422	68856799	65
chr5	68856799	70306694	37
chr5	70306694	81636595	65
chr5	81636595	82198009	65
chr5	82198009	84350619	55
chr5	84350619	84405504	55
chr5	84405504	85801477	55
chr5	85801477	89234411	47
chr5	89234411	91569680	34
chr5	91569680	91716438	34
chr5	91716438	95938128	34
chr5	95938128	98670484	47
chr5	98670484	99448135	34
chr5	99448135	99546680	34
chr5	99546680	103839282	34
chr5	103839282	103866506	34
chr5	103866506	104574387	34
chr5	104574387	104668639	34
chr5	104668639	107102520	34
chr5	107102520	109929881	26
chr5	109929881	110420040	12
chr5	110420040	110457650	12
chr5	110457650	112605474	12
chr5	112605474	112623118	12
chr5	112623118	112928364	12
chr5	112928364	120576966	4
chr5	120576966	122629751	0
chr5	122629751	125581593	0
chr5	125581593	125887953	0
chr5	125887953	126159001	0
chr5	126159001	127383109	0
chr5	127383109	128255639	0
chr5	128255639	128315026	0
chr5	128315026	129146846	0
chr5	129146846	129325372	0
chr5	129325372	129449148	0
chr5	129449148	129531775	0
chr5	129531775	130482665	0
chr5	130482665	132278400	0
chr5	132278400	132439889	0
chr5	132439889	133511288	0
chr5	133511288	133625966	5
chr5	133625966	133922767	0
chr5	133922767	134247360	0
chr5	134247360	134823702	0
chr5	134823702	135002874	0
chr5	135002874	135575899	0
chr5	135575899	137810736	0
chr5	137810736	137816631	0
chr5	137816631	138744488	0
chr5	138744488	139017711	0
chr5	139017711	141669363	0
chr5	141669363	142503687	0
chr5	142503687	143903189	0
chr5	143903189	147639209	0
chr5	147639209	151714476	0
chr5	151714476	151865008	0
chr5	151865008	154609419	0
chr5	154609419	154753831	0
chr5	154753831	155093165	0
chr5	155093165	155473616	0
chr5	155473616	155488990	0
chr5	155488990	156564182	0
chr5	156564182	158828159	0
chr5	158828159	160705062	0
chr5	160705062	160803721	0
chr5	160803721	161424752	0
chr5	161424752	162167074	0
chr5	162167074	162531444	0
chr5	162531444	171614236	0
chr5	171614236	171756784	0
chr5	171756784	176398609	0
chr5	176398609	176539719	0
chr5	176539719	176688241	0
chr5	176688241	176718860	0
chr5	176718860	177040344	0
chr5	177040344	177360565	0
chr5	177360565	178511009	0
chr5	178511009	180915260	0
chr6	0	294459	0
chr6	294459	377826	0
chr6	377826	631518	0
chr6	631518	1830087	0
chr6	1830087	1863579	0
chr6	1863579	2474390	0
chr6	2474390	2707234	0
chr6	2707234	5541368	0
chr6	5541368	5585543	0
chr6	5585543	14600790	0
chr6	14600790	19460518	0
chr6	19460518	20561277	0
chr6	20561277	25809757	0
chr6	25809757	27567183	0
chr6	27567183	27673060	0
chr6	27673060	29837158	0
chr6	29837158	29907858	0
chr6	29907858	33436041	0
chr6	33436041	33620870	0
chr6	33620870	34866190	0
chr6	34866190	40052883	0
chr6	40052883	40183676	0
chr6	40183676	40377782	0
chr6	40377782	40449275	0
chr6	40449275	45214723	0
chr6	45214723	47229058	0
chr6	47229058	47371797	0
chr6	47371797	47455902	0
chr6	47455902	48703310	0
chr6	48703310	48785375	0
chr6	48785375	51147278	0
chr6	51147278	51193198	0
chr6	51193198	51656700	0
chr6	51656700	53458413	0
chr6	53458413	53510860	0
chr6	53510860	53849625	0
chr6	53849625	57330595	0
chr6	57330595	58454586	0
chr6	58454586	58508958	0
chr6	58508958	58727835	0
chr6	58727835	58774716	0
chr6	58774716	61000000	0
chr6	61000000	62004761	0
chr6	62004761	62234534	0
chr6	62234534	62235758	0
chr6	62235758	62262967	0
chr6	62262967	62272924	0
chr6	62272924	62847787	0
chr6	62847787	62943363	0
chr6	62943363	63601556	0
chr6	63601556	63906639	0
chr6	63906639	65235267	0
chr6	65235267	67672340	13
chr6	67672340	67683814	8
chr6	67683814	67764900	13
chr6	67764900	67802400	8
chr6	67802400	69823640	13
chr6	69823640	73001238	13
chr6	73001238	73968138	21
chr6	73968138	74380536	11
chr6	74380536	75840761	21
chr6	75840761	76569713	17
chr6	76569713	77295246	3
chr6	77295246	77436346	0
chr6	77436346	77473304	5
chr6	77473304	78054648	0
chr6	78054648	78147649	0
chr6	78147649	78554865	0
chr6	78554865	78802056	0
chr6	78802056	78965977	0
chr6	78965977	79037215	0
chr6	79037215	87925965	0
chr6	87925965	88668450	0
chr6	88668450	95523593	0
chr6	95523593	95551882	0
chr6	95551882	95662921	0
chr6	95662921	95878690	0
chr6	95878690	95879293	0
chr6	95879293	95940128	0
chr6	95940128	96140251	0
chr6	96140251	96377486	0
chr6	96377486	101181991	0
chr6	101181991	103715712	4
chr6	103715712	103765576	0
chr6	103765576	109061069	4
chr6	109061069	115015185	7
chr6	115015185	115147155	7
chr6	115147155	115379111	7
chr6	115379111	122567353	21
chr6	122567353	122681343	21
chr6	122681343	125288627	21
chr6	125288627	125633223	26
chr6	125633223	125802238	21
chr6	125802238	126322650	21
chr6	126322650	127778251	21
chr6	127778251	133626732	15
chr6	133626732	137063476	1
chr6	137063476	145930363	13
chr6	145930363	146922696	13
chr6	146922696	152444393	13
chr6	152444393	152455298	26
chr6	152455298	162290242	13
chr6	162290242	162913567	41
chr6	162913567	171115067	13
chr7	0	710480	0
chr7	710480	802531	0
chr7	802531	1190844	0
chr7	1190844	2673130	0
chr7	2673130	7474949	0
chr7	7474949	10123291	0
chr7	10123291	13915825	0
chr7	13915825	13977558	2
chr7	13977558	14084389	0
chr7	14084389	20798049	0
chr7	20798049	32965006	0
chr7	32965006	33079538	0
chr7	33079538	34606759	0
chr7	34606759	34687015	0
chr7	34687015	36889252	0
chr7	36889252	36956980	0
chr7	36956980	40267207	0
chr7	40267207	46293172	0
chr7	46293172	46719276	0
chr7	46719276	46805929	0
chr7	46805929	53368169	0
chr7	53368169	53448318	0
chr7	53448318	53956847	0
chr7	53956847	57950944	0
chr7	57950944	59900000	1
chr7	59900000	61072037	0
chr7	61072037	61074194	0
chr7	61074194	61628365	0
chr7	61628365	62156735	0
chr7	62156735	62443302	0
chr7	62443302	63083343	0
chr7	63083343	69526498	0
chr7	69526498	69728813	0
chr7	69728813	71729850	0
chr7	71729850	72355631	0
chr7	72355631	72857766	0
chr7	72857766	72876358	0
chr7	72876358	75380090	0
chr7	75380090	75385770	0
chr7	75385770	76053922	0
chr7	76053922	76143866	0
chr7	76143866	77220173	0
chr7	77220173	77372353	0
chr7	77372353	79459178	0
chr7	79459178	82314191	0
chr7	82314191	82622466	0
chr7	82622466	84156334	0
chr7	84156334	90479508	0
chr7	90479508	90553605	0
chr7	90553605	91168185	0
chr7	91168185	91206343	0
chr7	91206343	94520756	0
chr7	94520756	97390715	0
chr7	97390715	97466455	0
chr7	97466455	97873900	0
chr7	97873900	98055678	0
chr7	98055678	98142673	0
chr7	98142673	98187396	0
chr7	98187396	99654902	0
chr7	99654902	100529698	0
chr7	100529698	101011358	0
chr7	101011358	101111017	0
chr7	101111017	102101741	0
chr7	102101741	102168932	0
chr7	102168932	102340653	0
chr7	102340653	102350522	0
chr7	102350522	102377826	0
chr7	102377826	102470669	0
chr7	102470669	104620370	0
chr7	104620370	104944219	0
chr7	104944219	105204245	0
chr7	105204245	105363515	0
chr7	105363515	105440766	0
chr7	105440766	116599972	0
chr7	116599972	117511158	0
chr7	117511158	121026329	0
chr7	121026329	121072321	0
chr7	121072321	121261298	0
chr7	121261298	129542946	0
chr7	129542946	129673241	0
chr7	129673241	135495945	0
chr7	135495945	136911974	0
chr7	136911974	137226284	0
chr7	137226284	137552306	0
chr7	137552306	138284110	0
chr7	138284110	138345644	0
chr7	138345644	138478410	0
chr7	138478410	138554498	0
chr7	138554498	139140503	0
chr7	139140503	140013727	0
chr7	140013727	140027133	0
chr7	140027133	140210894	0
chr7	140210894	140391244	0
chr7	140391244	141762909	0
chr7	141762909	141787637	0
chr7	141787637	141864335	0
chr7	141864335	142485778	0
chr7	142485778	142534882	0
chr7	142534882	142880529	0
chr7	142880529	143416910	0
chr7	143416910	143696357	0
chr7	143696357	143952879	0
chr7	143952879	144089013	0
chr7	144089013	144164208	0
chr7	144164208	144441069	0
chr7	144441069	144500634	0
chr7	144500634	146733916	0
chr7	146733916	147141198	0
chr7	147141198	147260029	0
chr7	147260029	147326535	0
chr7	147326535	148677767	0
chr7	148677767	148853483	0
chr7	148853483	148877675	0
chr7	148877675	149132518	0
chr7	149132518	150136000	0
chr7	150136000	151463650	0
chr7	151463650	152116282	0
chr7	152116282	152175981	0
chr7	152175981	152425260	0
chr7	152425260	153790015	0
chr7	153790015	153820703	0
chr7	153820703	159138663	0
chr8	0	1968632	29
chr8	1968632	2179927	43
chr8	2179927	2246583	53
chr8	2246583	3770509	43
chr8	3770509	3790668	51
chr8	3790668	5576490	43
chr8	5576490	5603887	29
chr8	5603887	6791986	43
chr8	6791986	6888795	53
chr8	6888795	7254335	39
chr8	7254335	7273555	46
chr8	7273555	7798805	60
chr8	7798805	9015728	46
chr8	9015728	9062783	54
chr8	9062783	9561661	46
chr8	9561661	10684296	36
chr8	10684296	10751952	46
chr8	10751952	11657849	36
chr8	11657849	11735984	29
chr8	11735984	11830851	43
chr8	11830851	12180193	29
chr8	12180193	12226259	37
chr8	12226259	12247381	57
chr8	12247381	12247447	47
chr8	12247447	12420028	54
chr8	12420028	12595525	46
chr8	12595525	16411480	60
chr8	16411480	17904421	46
chr8	17904421	21550655	60
chr8	21550655	21775362	46
chr8	21775362	24971240	60
chr8	24971240	24975039	68
chr8	24975039	24984298	54
chr8	24984298	24987712	46
chr8	24987712	25646439	60
chr8	25646439	26812743	46
chr8	26812743	26908957	32
chr8	26908957	27335539	46
chr8	27335539	27730273	46
chr8	27730273	28438024	46
chr8	28438024	28535439	36
chr8	28535439	33041828	46
chr8	33041828	33405349	40
chr8	33405349	34299775	0
chr8	34299775	35731052	0
chr8	35731052	36374679	26
chr8	36374679	37740255	0
chr8	37740255	37809933	0
chr8	37809933	37818204	0
chr8	37818204	38106145	0
chr8	38106145	38272544	0
chr8	38272544	38279140	0
chr8	38279140	38313034	0
chr8	38313034	38796815	0
chr8	38796815	39228266	0
chr8	39228266	39387632	0
chr8	39387632	40045237	0
chr8	40045237	40181981	26
chr8	40181981	40191217	20
chr8	40191217	40193663	26
chr8	40193663	40904015	0
chr8	40904015	42191847	0
chr8	42191847	42257907	0
chr8	42257907	43430222	20
chr8	43430222	43604036	10
chr8	43604036	43623387	2
chr8	43623387	43736901	2
chr8	43736901	43762681	15
chr8	43762681	43778914	24
chr8	43778914	45600000	10
chr8	45600000	46924211	0
chr8	46924211	46936840	0
chr8	46936840	46940022	0
chr8	46940022	47016018	0
chr8	47016018	47671842	0
chr8	47671842	47892092	0
chr8	47892092	51250433	0
chr8	51250433	53604924	0
chr8	53604924	53679334	0
chr8	53679334	57279746	0
chr8	57279746	61349869	0
chr8	61349869	65228756	0
chr8	65228756	65425684	0
chr8	65425684	65768351	0
chr8	65768351	66470084	0
chr8	66470084	66642215	0
chr8	66642215	71441696	0
chr8	71441696	75276578	0
chr8	75276578	76440129	0
chr8	76440129	76707758	0
chr8	76707758	76928068	0
chr8	76928068	76937164	0
chr8	76937164	77952436	0
chr8	77952436	78039518	0
chr8	78039518	81749053	0
chr8	81749053	82154146	0
chr8	82154146	83053199	0
chr8	83053199	86339758	0
chr8	86339758	86511962	0
chr8	86511962	88200657	0
chr8	88200657	89285126	0
chr8	89285126	89397794	0
chr8	89397794	89687595	0
chr8	89687595	89695070	0
chr8	89695070	89842482	0
chr8	89842482	90014842	0
chr8	90014842	90589715	0
chr8	90589715	91378604	0
chr8	91378604	92072789	0
chr8	92072789	92218269	0
chr8	92218269	92635761	0
chr8	92635761	93005729	0
chr8	93005729	93079036	0
chr8	93079036	93466391	0
chr8	93466391	93664487	0
chr8	93664487	93788101	0
chr8	93788101	94034223	0
chr8	94034223	94284049	0
chr8	94284049	94332954	0
chr8	94332954	94508261	0
chr8	94508261	94905156	0
chr8	94905156	95237529	0
chr8	95237529	95556227	0
chr8	95556227	95696654	0
chr8	95696654	95757433	0
chr8	95757433	96330740	0
chr8	96330740	96401792	0
chr8	96401792	96864746	0
chr8	96864746	96947860	0
chr8	96947860	97919399	0
chr8	97919399	98154350	0
chr8	98154350	98265142	0
chr8	98265142	98364415	0
chr8	98364415	98465044	0
chr8	98465044	98764901	0
chr8	98764901	98777642	0
chr8	98777642	98828343	0
chr8	98828343	99261159	0
chr8	99261159	99353165	0
chr8	99353165	100293775	0
chr8	100293775	100487553	0
chr8	100487553	100852308	0
chr8	100852308	102706809	0
chr8	102706809	102771191	0
chr8	102771191	102869158	0
chr8	102869158	103058186	0
chr8	103058186	103638594	0
chr8	103638594	103971035	0
chr8	103971035	104143520	0
chr8	104143520	104229276	0
chr8	104229276	104581973	0
chr8	104581973	104690753	0
chr8	104690753	106101725	0
chr8	106101725	106154178	0
chr8	106154178	106363035	0
chr8	106363035	107297542	0
chr8	107297542	107398586	0
chr8	107398586	107789917	0
chr8	107789917	107873059	0
chr8	107873059	108518067	0
chr8	108518067	109437652	0
chr8	109437652	109637149	0
chr8	109637149	110074598	0
chr8	110074598	111181633	0
chr8	111181633	112297777	0
chr8	112297777	112459794	0
chr8	112459794	113038297	0
chr8	113038297	113316013	0
chr8	113316013	113807819	0
chr8	113807819	114027452	0
chr8	114027452	114362031	0
chr8	114362031	114594712	0
chr8	114594712	114789142	0
chr8	114789142	114922197	0
chr8	114922197	115175243	0
chr8	115175243	115205363	0
chr8	115205363	118795332	0
chr8	118795332	118970146	0
chr8	118970146	119347695	0
chr8	119347695	119647188	0
chr8	119647188	119972378	0
chr8	119972378	120812953	0
chr8	120812953	120944423	0
chr8	120944423	121096750	0
chr8	121096750	121644178	0
chr8	121644178	121976663	0
chr8	121976663	122241411	0
chr8	122241411	122570867	0
chr8	122570867	123056773	0
chr8	123056773	123149276	0
chr8	123149276	123410917	0
chr8	123410917	124332190	0
chr8	124332190	124449937	0
chr8	124449937	125268882	0
chr8	125268882	125485938	0
chr8	125485938	126333276	0
chr8	126333276	126547884	0
chr8	126547884	126711404	0
chr8	126711404	126758003	0
chr8	126758003	126801384	0
chr8	126801384	126828568	0
chr8	126828568	126867415	0
chr8	126867415	127274385	0
chr8	127274385	127368187	0
chr8	127368187	127605551	0
chr8	127605551	127683653	0
chr8	127683653	127938461	0
chr8	127938461	128162701	0
chr8	128162701	128546355	0
chr8	128546355	128712398	0
chr8	128712398	129192527	0
chr8	129192527	129709183	0
chr8	129709183	130182212	0
chr8	130182212	130426225	0
chr8	130426225	130556124	0
chr8	130556124	130644346	0
chr8	130644346	130829010	0
chr8	130829010	130875488	0
chr8	130875488	131409111	0
chr8	131409111	131753061	0
chr8	131753061	132020809	0
chr8	132020809	132369794	0
chr8	132369794	132798664	0
chr8	132798664	132935296	0
chr8	132935296	133034879	0
chr8	133034879	133072528	0
chr8	133072528	133984912	0
chr8	133984912	134031423	0
chr8	134031423	134170132	0
chr8	134170132	134469873	0
chr8	134469873	135063687	0
chr8	135063687	135210439	0
chr8	135210439	135800000	0
chr8	135800000	135866935	0
chr8	135866935	136979765	0
chr8	136979765	137060238	0
chr8	137060238	137586959	0
chr8	137586959	137589446	0
chr8	137589446	137689423	0
chr8	137689423	137849332	0
chr8	137849332	137977149	0
chr8	137977149	138138349	0
chr8	138138349	138165804	0
chr8	138165804	138391356	0
chr8	138391356	138699035	0
chr8	138699035	138861396	0
chr8	138861396	139041731	0
chr8	139041731	140395890	0
chr8	140395890	140610253	0
chr8	140610253	141375767	0
chr8	141375767	141515050	0
chr8	141515050	142004477	0
chr8	142004477	142564502	0
chr8	142564502	145255251	0
chr8	145255251	145508486	0
chr8	145508486	145865345	0
chr8	145865345	146364022	0
chr9	0	286947	0
chr9	286947	410335	0
chr9	410335	465941	0
chr9	465941	635101	0
chr9	635101	802140	0
chr9	802140	1510811	0
chr9	1510811	1566474	0
chr9	1566474	1635334	0
chr9	1635334	1988475	0
chr9	1988475	2045278	0
chr9	2045278	2124620	0
chr9	2124620	2213998	0
chr9	2213998	3249847	0
chr9	3249847	3466645	0
chr9	3466645	3683278	0
chr9	3683278	3758093	0
chr9	3758093	3861182	0
chr9	3861182	3971915	0
chr9	3971915	4017464	0
chr9	4017464	4038605	0
chr9	4038605	4603356	0
chr9	4603356	4732615	0
chr9	4732615	4861206	0
chr9	4861206	5530230	0
chr9	5530230	5951362	0
chr9	5951362	6088387	0
chr9	6088387	6402115	0
chr9	6402115	6465277	0
chr9	6465277	6531772	0
chr9	6531772	6576805	0
chr9	6576805	6688470	0
chr9	6688470	6784796	0
chr9	6784796	6821102	0
chr9	6821102	6829288	0
chr9	6829288	7079658	0
chr9	7079658	7295866	0
chr9	7295866	7334769	0
chr9	7334769	7402437	0
chr9	7402437	7524694	0
chr9	7524694	7596864	0
chr9	7596864	7779859	0
chr9	7779859	7853981	0
chr9	7853981	7948192	0
chr9	7948192	8081840	0
chr9	8081840	8448640	0
chr9	8448640	8561799	0
chr9	8561799	8596713	0
chr9	8596713	8773722	0
chr9	8773722	8784673	0
chr9	8784673	8891533	0
chr9	8891533	8940709	0
chr9	8940709	9496074	0
chr9	9496074	9564470	0
chr9	9564470	10258834	0
chr9	10258834	10330057	0
chr9	10330057	10378114	0
chr9	10378114	10572105	0
chr9	10572105	12097747	0
chr9	12097747	12236621	0
chr9	12236621	12586387	0
chr9	12586387	12676009	0
chr9	12676009	13244852	0
chr9	13244852	13304836	0
chr9	13304836	13524269	0
chr9	13524269	13617738	0
chr9	13617738	13714958	0
chr9	13714958	13749998	0
chr9	13749998	14793808	0
chr9	14793808	14851792	0
chr9	14851792	15205841	0
chr9	15205841	15296616	0
chr9	15296616	15432282	0
chr9	15432282	15508809	0
chr9	15508809	16085370	0
chr9	16085370	16115596	0
chr9	16115596	16147843	0
chr9	16147843	16261787	0
chr9	16261787	16837237	0
chr9	16837237	16887975	0
chr9	16887975	16898158	0
chr9	16898158	16906408	0
chr9	16906408	16929361	0
chr9	16929361	17030605	0
chr9	17030605	17092274	0
chr9	17092274	17143726	0
chr9	17143726	17153998	0
chr9	17153998	17426252	0
chr9	17426252	17497435	0
chr9	17497435	17528057	0
chr9	17528057	17626672	0
chr9	17626672	17843682	0
chr9	17843682	18006320	0
chr9	18006320	18530144	0
chr9	18530144	18613705	0
chr9	18613705	18922868	0
chr9	18922868	18961976	0
chr9	18961976	19078612	0
chr9	19078612	19299982	0
chr9	19299982	19425940	0
chr9	19425940	19577799	0
chr9	19577799	19828569	0
chr9	19828569	19871286	0
chr9	19871286	20210089	0
chr9	20210089	20288043	0
chr9	20288043	21185103	0
chr9	21185103	21238139	0
chr9	21238139	21625989	0
chr9	21625989	21958539	0
chr9	21958539	23361462	0
chr9	23361462	23393976	0
chr9	23393976	26022313	0
chr9	26022313	26073106	0
chr9	26073106	27092362	0
chr9	27092362	27183144	0
chr9	27183144	27248183	0
chr9	27248183	27272630	0
chr9	27272630	27288627	0
chr9	27288627	27475099	0
chr9	27475099	27924004	0
chr9	27924004	29141211	0
chr9	29141211	29242127	0
chr9	29242127	29402510	0
chr9	29402510	29904002	0
chr9	29904002	29971261	0
chr9	29971261	30715233	0
chr9	30715233	30797920	0
chr9	30797920	31250783	0
chr9	31250783	31400089	0
chr9	31400089	32421282	0
chr9	32421282	32812897	0
chr9	32812897	33202157	0
chr9	33202157	33783518	0
chr9	33783518	33814401	0
chr9	33814401	33816355	0
chr9	33816355	34329077	0
chr9	34329077	34746421	0
chr9	34746421	34936356	0
chr9	34936356	35499816	0
chr9	35499816	35669893	0
chr9	35669893	36223362	0
chr9	36223362	36572644	0
chr9	36572644	36594488	0
chr9	36594488	36795568	0
chr9	36795568	37914697	0
chr9	37914697	38085085	0
chr9	38085085	38311100	0
chr9	38311100	38628294	0
chr9	38628294	38769602	0
chr9	38769602	44234022	0
chr9	44234022	44860219	0
chr9	44860219	45706402	0
chr9	45706402	46906975	0
chr9	46906975	49000000	0
chr9	49000000	65630934	2
chr9	65630934	66578879	0
chr9	66578879	66630502	0
chr9	66630502	67899911	0
chr9	67899911	68187200	0
chr9	68187200	68683898	0
chr9	68683898	69095475	0
chr9	69095475	70899307	0
chr9	70899307	70978541	0
chr9	70978541	71050587	2
chr9	71050587	72120155	30
chr9	72120155	72272093	2
chr9	72272093	74603098	30
chr9	74603098	76918752	26
chr9	76918752	77072953	0
chr9	77072953	83073126	26
chr9	83073126	83219796	0
chr9	83219796	87463456	26
chr9	87463456	87586607	0
chr9	87586607	89289425	26
chr9	89289425	89424834	0
chr9	89424834	94194436	26
chr9	94194436	94197803	0
chr9	94197803	96942600	26
chr9	96942600	97271943	34
chr9	97271943	106802465	26
chr9	106802465	106953327	0
chr9	106953327	107818191	26
chr9	107818191	108075839	34
chr9	108075839	108248287	26
chr9	108248287	108488243	0
chr9	108488243	110099388	26
chr9	110099388	110237230	0
chr9	110237230	116776288	26
chr9	116776288	117054270	0
chr9	117054270	118538088	26
chr9	118538088	120139687	18
chr9	120139687	120192079	0
chr9	120192079	122176763	18
chr9	122176763	122276181	26
chr9	122276181	122760606	18
chr9	122760606	124504447	0
chr9	124504447	125913290	0
chr9	125913290	126020463	0
chr9	126020463	127498629	0
chr9	127498629	130663224	0
chr9	130663224	132449741	4
chr9	132449741	132468103	0
chr9	132468103	132513832	0
chr9	132513832	132596419	0
chr9	132596419	134185538	4
chr9	134185538	134298750	0
chr9	134298750	136141528	4
chr9	136141528	136446209	12
chr9	136446209	139376191	4
chr9	139376191	139629170	2
chr9	139629170	140612765	0
chr9	140612765	141213431	2
chr10	0	11957241	0
chr10	11957241	12416368	0
chr10	12416368	20461701	0
chr10	20461701	20498439	0
chr10	20498439	21506235	0
chr10	21506235	21911948	0
chr10	21911948	27164866	0
chr10	27164866	31599131	0
chr10	31599131	33350777	0
chr10	33350777	33403271	0
chr10	33403271	36591562	0
chr10	36591562	36698050	0
chr10	36698050	38941425	0
chr10	38941425	39000378	0
chr10	39000378	39050890	0
chr10	39050890	40200000	0
chr10	40200000	42433540	0
chr10	42433540	42477859	0
chr10	42477859	42522927	0
chr10	42522927	43910131	0
chr10	43910131	44068691	0
chr10	44068691	44725855	0
chr10	44725855	47051627	0
chr10	47051627	47061066	0
chr10	47061066	55300832	0
chr10	55300832	55470921	0
chr10	55470921	68267802	0
chr10	68267802	69346560	0
chr10	69346560	69549718	0
chr10	69549718	70608989	0
chr10	70608989	79315148	0
chr10	79315148	79531768	0
chr10	79531768	81505823	0
chr10	81505823	88574761	0
chr10	88574761	88781663	0
chr10	88781663	88830920	0
chr10	88830920	93963917	0
chr10	93963917	94340573	0
chr10	94340573	96106356	0
chr10	96106356	96294842	0
chr10	96294842	97432319	0
chr10	97432319	98048006	0
chr10	98048006	103550807	0
chr10	103550807	103785939	7
chr10	103785939	104898159	0
chr10	104898159	105161422	0
chr10	105161422	112317328	0
chr10	112317328	114284630	0
chr10	114284630	114450861	0
chr10	114450861	117821855	0
chr10	117821855	117976666	1
chr10	117976666	118236991	0
chr10	118236991	118337169	1
chr10	118337169	118922866	0
chr10	118922866	120773361	1
chr10	120773361	120818841	0
chr10	120818841	120968473	0
chr10	120968473	126472400	0
chr10	126472400	126615661	0
chr10	126615661	130495808	0
chr10	130495808	130532803	0
chr10	130532803	130852552	0
chr10	130852552	131074613	0
chr10	131074613	134533771	0
chr10	134533771	135534747	0
chr11	0	5062371	8
chr11	5062371	5785664	9
chr11	5785664	5809094	0
chr11	5809094	9232332	9
chr11	9232332	9408254	0
chr11	9408254	11323280	9
chr11	11323280	13463218	3
chr11	13463218	18135499	0
chr11	18135499	18863841	0
chr11	18863841	18909027	0
chr11	18909027	19720128	0
chr11	19720128	20349948	0
chr11	20349948	25694739	0
chr11	25694739	27845606	4
chr11	27845606	28006131	0
chr11	28006131	28333175	4
chr11	28333175	28403320	0
chr11	28403320	29805789	4
chr11	29805789	31117635	0
chr11	31117635	35201670	0
chr11	35201670	35271849	0
chr11	35271849	46712130	0
chr11	46712130	47129905	0
chr11	47129905	48273060	0
chr11	48273060	48965768	0
chr11	48965768	50253153	0
chr11	50253153	50390319	0
chr11	50390319	50472899	0
chr11	50472899	51183919	0
chr11	51183919	51429291	0
chr11	51429291	51441936	0
chr11	51441936	51532610	0
chr11	51532610	51563636	0
chr11	51563636	53700000	2
chr11	53700000	54789042	0
chr11	54789042	54794667	0
chr11	54794667	55035374	0
chr11	55035374	55042829	0
chr11	55042829	57303833	0
chr11	57303833	57563341	0
chr11	57563341	57845282	0
chr11	57845282	57943434	0
chr11	57943434	61710609	0
chr11	61710609	61858659	0
chr11	61858659	62009420	0
chr11	62009420	62157517	0
chr11	62157517	63494720	0
chr11	63494720	65469239	0
chr11	65469239	71055489	0
chr11	71055489	71353309	0
chr11	71353309	71627538	0
chr11	71627538	73394339	0
chr11	73394339	73696146	0
chr11	73696146	73755405	0
chr11	73755405	79417551	0
chr11	79417551	80038731	0
chr11	80038731	80133265	4
chr11	80133265	81191761	0
chr11	81191761	81195479	0
chr11	81195479	81255913	0
chr11	81255913	81378118	0
chr11	81378118	81394273	0
chr11	81394273	81585934	0
chr11	81585934	81729529	0
chr11	81729529	81809279	0
chr11	81809279	85166899	0
chr11	85166899	85287818	0
chr11	85287818	85765479	0
chr11	85765479	85857376	0
chr11	85857376	87311955	0
chr11	87311955	87402810	0
chr11	87402810	87886407	0
chr11	87886407	87939221	0
chr11	87939221	90963094	0
chr11	90963094	91029312	0
chr11	91029312	91111767	0
chr11	91111767	91204508	0
chr11	91204508	92270220	0
chr11	92270220	92431021	0
chr11	92431021	92611792	0
chr11	92611792	92706930	0
chr11	92706930	95906481	0
chr11	95906481	95938458	0
chr11	95938458	96188282	0
chr11	96188282	96836308	0
chr11	96836308	97402198	0
chr11	97402198	98950579	0
chr11	98950579	99076601	0
chr11	99076601	99076780	0
chr11	99076780	99130133	0
chr11	99130133	99638667	0
chr11	99638667	99755029	0
chr11	99755029	100123518	0
chr11	100123518	100288556	0
chr11	100288556	100885059	0
chr11	100885059	100934474	0
chr11	100934474	104919381	0
chr11	104919381	104978805	0
chr11	104978805	108145347	0
chr11	108145347	108329130	0
chr11	108329130	115429737	0
chr11	115429737	115469343	0
chr11	115469343	117353114	0
chr11	117353114	121285676	0
chr11	121285676	121487375	0
chr11	121487375	124293740	0
chr11	124293740	124916154	0
chr11	124916154	124986223	0
chr11	124986223	125129174	0
chr11	125129174	125208509	0
chr11	125208509	126401789	0
chr11	126401789	128346820	0
chr11	128346820	128389574	8
chr11	128389574	131691546	0
chr11	131691546	131731602	3
chr11	131731602	132010572	0
chr11	132010572	132075480	3
chr11	132075480	134551185	0
chr11	134551185	134695332	3
chr11	134695332	135006516	0
chr12	0	3631366	0
chr12	3631366	7819732	0
chr12	7819732	8146812	0
chr12	8146812	9050517	0
chr12	9050517	9151231	0
chr12	9151231	24732610	0
chr12	24732610	24983584	0
chr12	24983584	31475097	0
chr12	31475097	32244446	0
chr12	32244446	34588813	0
chr12	34588813	34670668	0
chr12	34670668	34756673	0
chr12	34756673	35800000	0
chr12	35800000	37857751	0
chr12	37857751	37890874	0
chr12	37890874	37913469	0
chr12	37913469	37959632	0
chr12	37959632	38384525	0
chr12	38384525	38393485	0
chr12	38393485	46937589	0
chr12	46937589	47112503	0
chr12	47112503	50533515	0
chr12	50533515	50949884	0
chr12	50949884	51349855	0
chr12	51349855	56566559	0
chr12	56566559	56618775	0
chr12	56618775	57698654	0
chr12	57698654	57840896	0
chr12	57840896	58771104	0
chr12	58771104	64627510	0
chr12	64627510	65024470	0
chr12	65024470	68811699	0
chr12	68811699	70094590	0
chr12	70094590	70253990	0
chr12	70253990	71120777	0
chr12	71120777	77997441	0
chr12	77997441	80429840	0
chr12	80429840	80445320	0
chr12	80445320	99297951	0
chr12	99297951	100325038	0
chr12	100325038	104818777	0
chr12	104818777	112921722	0
chr12	112921722	113010619	9
chr12	113010619	115714901	0
chr12	115714901	115773708	9
chr12	115773708	121855447	0
chr12	121855447	122407526	23
chr12	122407526	122803678	0
chr12	122803678	123041737	0
chr12	123041737	124127068	0
chr12	124127068	124180358	0
chr12	124180358	125105905	0
chr12	125105905	125167471	0
chr12	125167471	127505956	0
chr12	127505956	127596639	0
chr12	127596639	133407643	0
chr12	133407643	133481598	0
chr12	133481598	133851895	0
chr13	0	17900000	0
chr13	17900000	19123483	0
chr13	19123483	26267844	0
chr13	26267844	26318735	0
chr13	26318735	29439500	0
chr13	29439500	29590789	0
chr13	29590789	32719051	0
chr13	32719051	33881750	0
chr13	33881750	38070759	0
chr13	38070759	38088352	0
chr13	38088352	39467437	0
chr13	39467437	41337572	0
chr13	41337572	43378280	0
chr13	43378280	43436653	0
chr13	43436653	48880090	0
chr13	48880090	48922283	0
chr13	48922283	64223634	0
chr13	64223634	64238128	0
chr13	64238128	66375961	0
chr13	66375961	66446121	0
chr13	66446121	67963588	0
chr13	67963588	68146743	0
chr13	68146743	69339697	0
chr13	69339697	79009218	0
chr13	79009218	79139063	0
chr13	79139063	86711516	0
chr13	86711516	87004700	0
chr13	87004700	100649537	0
chr13	100649537	100810750	0
chr13	100810750	102664476	0
chr13	102664476	102705003	0
chr13	102705003	102787144	0
chr13	102787144	102851842	0
chr13	102851842	103940207	0
chr13	103940207	104006695	0
chr13	104006695	104121154	0
chr13	104121154	104222844	0
chr13	104222844	106129486	0
chr13	106129486	106157203	0
chr13	106157203	106485176	0
chr13	106485176	106501496	0
chr13	106501496	108064079	0
chr13	108064079	108165572	0
chr13	108165572	115169878	0
chr14	0	17600000	0
chr14	17600000	19108176	0
chr14	19108176	19719084	0
chr14	19719084	21732418	0
chr14	21732418	21827466	0
chr14	21827466	22397573	0
chr14	22397573	22730395	0
chr14	22730395	22975789	0
chr14	22975789	25420824	0
chr14	25420824	26292674	1
chr14	26292674	30975698	0
chr14	30975698	34923507	0
chr14	34923507	35609930	0
chr14	35609930	41606899	0
chr14	41606899	41609427	0
chr14	41609427	41657299	0
chr14	41657299	41676759	0
chr14	41676759	50034082	0
chr14	50034082	50403182	0
chr14	50403182	55816497	0
chr14	55816497	55954260	0
chr14	55954260	57509938	0
chr14	57509938	60802311	0
chr14	60802311	60871674	0
chr14	60871674	62216727	0
chr14	62216727	64011282	0
chr14	64011282	64332384	0
chr14	64332384	65527458	0
chr14	65527458	65895516	1
chr14	65895516	66208649	5
chr14	66208649	68295369	1
chr14	68295369	75323068	0
chr14	75323068	78061551	0
chr14	78061551	78319857	0
chr14	78319857	79293415	0
chr14	79293415	87866409	0
chr14	87866409	88002979	0
chr14	88002979	88972976	0
chr14	88972976	91522567	0
chr14	91522567	91669250	0
chr14	91669250	101768912	0
chr14	101768912	102777307	0
chr14	102777307	103964015	0
chr14	103964015	105085384	0
chr14	105085384	105914531	0
chr14	105914531	106001874	0
chr14	106001874	106528665	0
chr14	106528665	106574339	0
chr14	106574339	106600476	0
chr14	106600476	106873212	0
chr14	106873212	106918101	0
chr14	106918101	107199589	0
chr14	107199589	107349540	0
chr15	0	19000000	0
chr15	19000000	20071673	8
chr15	20071673	20101641	0
chr15	20101641	20154183	0
chr15	20154183	22677238	18
chr15	22677238	26558900	22
chr15	26558900	26653519	27
chr15	26653519	26832854	22
chr15	26832854	26860268	27
chr15	26860268	26915191	22
chr15	26915191	28294903	36
chr15	28294903	28407726	32
chr15	28407726	30501829	36
chr15	30501829	30699447	40
chr15	30699447	31633285	36
chr15	31633285	39236314	40
chr15	39236314	39263172	45
chr15	39263172	41310140	40
chr15	41310140	41777264	30
chr15	41777264	41851622	40
chr15	41851622	41988987	48
chr15	41988987	42170216	40
chr15	42170216	42467665	48
chr15	42467665	44535055	40
chr15	44535055	44939480	30
chr15	44939480	50610850	40
chr15	50610850	51115475	30
chr15	51115475	53373629	40
chr15	53373629	53422207	45
chr15	53422207	54663674	40
chr15	54663674	54805496	36
chr15	54805496	55377390	8
chr15	55377390	57993927	0
chr15	57993927	58805765	0
chr15	58805765	59614207	0
chr15	59614207	61065599	8
chr15	61065599	64428450	2
chr15	64428450	64469174	0
chr15	64469174	66415435	2
chr15	66415435	69969281	0
chr15	69969281	70848276	0
chr15	70848276	73481735	0
chr15	73481735	73997969	7
chr15	73997969	74172083	0
chr15	74172083	75693645	7
chr15	75693645	75928974	0
chr15	75928974	76891376	7
chr15	76891376	76895775	11
chr15	76895775	77102556	7
chr15	77102556	77412322	0
chr15	77412322	77681570	7
chr15	77681570	79537260	0
chr15	79537260	79577845	0
chr15	79577845	80387465	0
chr15	80387465	88515451	0
chr15	88515451	90429311	0
chr15	90429311	90804760	0
chr15	90804760	96753547	0
chr15	96753547	96798521	0
chr15	96798521	98804639	0
chr15	98804639	98925250	0
chr15	98925250	101105243	0
chr15	101105243	102331561	0
chr15	102331561	102420705	0
chr15	102420705	102531392	0
chr16	0	495772	0
chr16	495772	653481	0
chr16	653481	1234891	0
chr16	1234891	1320653	0
chr16	1320653	2486782	0
chr16	2486782	4130085	0
chr16	4130085	4860558	0
chr16	4860558	6767008	0
chr16	6767008	6837117	13
chr16	6837117	7814921	0
chr16	7814921	7950963	1
chr16	7950963	10188136	0
chr16	10188136	10434862	0
chr16	10434862	11873937	0
chr16	11873937	12081943	0
chr16	12081943	14731983	0
chr16	14731983	14779141	0
chr16	14779141	14861831	7
chr16	14861831	15056358	2
chr16	15056358	19942497	7
chr16	19942497	19974637	12
chr16	19974637	22418509	7
chr16	22418509	22499976	7
chr16	22499976	22707625	12
chr16	22707625	22841526	7
chr16	22841526	23734971	2
chr16	23734971	24196454	7
chr16	24196454	25647441	0
chr16	25647441	26323569	21
chr16	26323569	26526810	0
chr16	26526810	26604604	0
chr16	26604604	31574606	0
chr16	31574606	32484375	1
chr16	32484375	32588906	0
chr16	32588906	34197476	1
chr16	34197476	34790154	15
chr16	34790154	35038215	7
chr16	35038215	35183806	1
chr16	35183806	35205717	0
chr16	35205717	36600000	5
chr16	36600000	46491374	14
chr16	46491374	46609976	10
chr16	46609976	47569735	16
chr16	47569735	47881535	24
chr16	47881535	49182849	16
chr16	49182849	49206354	20
chr16	49206354	49222410	0
chr16	49222410	49670385	0
chr16	49670385	50973360	16
chr16	50973360	55616548	19
chr16	55616548	55763661	33
chr16	55763661	55794999	19
chr16	55794999	55842368	24
chr16	55842368	68713276	19
chr16	68713276	68816664	27
chr16	68816664	70486712	33
chr16	70486712	70840723	19
chr16	70840723	70848239	10
chr16	70848239	71143395	5
chr16	71143395	71162630	15
chr16	71162630	74967019	19
chr16	74967019	75037619	10
chr16	75037619	76328515	19
chr16	76328515	76356905	24
chr16	76356905	78370485	19
chr16	78370485	78372018	27
chr16	78372018	78382201	23
chr16	78382201	78384883	15
chr16	78384883	78532338	19
chr16	78532338	78798792	47
chr16	78798792	79953026	19
chr16	79953026	79986500	24
chr16	79986500	80063778	19
chr16	80063778	80153368	24
chr16	80153368	88364132	19
chr16	88364132	90354753	12
chr17	0	838177	24
chr17	838177	1363939	0
chr17	1363939	3211752	3
chr17	3211752	3225964	31
chr17	3225964	4445927	3
chr17	4445927	5085472	7
chr17	5085472	5246039	0
chr17	5246039	8519072	7
chr17	8519072	8659963	21
chr17	8659963	8889328	7
chr17	8889328	12923955	13
chr17	12923955	13017532	21
chr17	13017532	15046529	13
chr17	15046529	15134393	27
chr17	15134393	17126929	13
chr17	17126929	17236293	4
chr17	17236293	18337627	13
chr17	18337627	18357169	0
chr17	18357169	18358948	0
chr17	18358948	18464904	0
chr17	18464904	18531159	0
chr17	18531159	20371780	13
chr17	20371780	22062395	27
chr17	22062395	22217680	23
chr17	22217680	22235650	31
chr17	22235650	24000000	10
chr17	24000000	25311244	9
chr17	25311244	25313690	1
chr17	25313690	25313829	10
chr17	25313829	25346692	20
chr17	25346692	27236784	20
chr17	27236784	27363344	26
chr17	27363344	27660329	55
chr17	27660329	27801069	45
chr17	27801069	28588132	55
chr17	28588132	29004541	50
chr17	29004541	29326925	55
chr17	29326925	29446740	55
chr17	29446740	29710888	55
chr17	29710888	39407942	55
chr17	39407942	39422361	50
chr17	39422361	39431628	0
chr17	39431628	39435952	50
chr17	39435952	39753846	55
chr17	39753846	44130223	26
chr17	44130223	44364192	31
chr17	44364192	44379313	24
chr17	44379313	44490960	20
chr17	44490960	44794979	16
chr17	44794979	45537022	20
chr17	45537022	45986435	13
chr17	45986435	46863607	0
chr17	46863607	52425580	13
chr17	52425580	52487555	0
chr17	52487555	54159979	13
chr17	54159979	54173305	0
chr17	54173305	57158657	13
chr17	57158657	57403647	3
chr17	57403647	64816864	13
chr17	64816864	65164820	8
chr17	65164820	65512401	13
chr17	65512401	68431149	0
chr17	68431149	69755305	0
chr17	69755305	73829153	0
chr17	73829153	74024836	0
chr17	74024836	74592106	0
chr17	74592106	75807970	0
chr17	75807970	76848716	0
chr17	76848716	76963184	0
chr17	76963184	80430029	0
chr17	80430029	80593876	8
chr17	80593876	81195210	0
chr18	0	2825447	0
chr18	2825447	3510812	0
chr18	3510812	3679827	0
chr18	3679827	4053375	0
chr18	4053375	4401745	0
chr18	4401745	4429751	0
chr18	4429751	11038960	0
chr18	11038960	15080570	0
chr18	15080570	15150640	0
chr18	15150640	15307817	0
chr18	15307817	17200000	0
chr18	17200000	18560354	3
chr18	18560354	18594682	0
chr18	18594682	18609580	0
chr18	18609580	18611243	0
chr18	18611243	18787039	0
chr18	18787039	19312150	0
chr18	19312150	19752479	0
chr18	19752479	20212199	0
chr18	20212199	22417152	0
chr18	22417152	23219335	0
chr18	23219335	23746056	0
chr18	23746056	24075203	0
chr18	24075203	24407564	0
chr18	24407564	25027467	0
chr18	25027467	26456135	0
chr18	26456135	26505552	0
chr18	26505552	28092168	0
chr18	28092168	28114986	0
chr18	28114986	28294468	0
chr18	28294468	28581336	0
chr18	28581336	29099064	0
chr18	29099064	29486722	0
chr18	29486722	29549038	0
chr18	29549038	29629294	0
chr18	29629294	29631669	0
chr18	29631669	29674935	0
chr18	29674935	29960241	0
chr18	29960241	30086193	0
chr18	30086193	30328615	0
chr18	30328615	30416410	0
chr18	30416410	31401791	0
chr18	31401791	31590737	0
chr18	31590737	34238916	0
chr18	34238916	34411328	0
chr18	34411328	36037320	0
chr18	36037320	36099990	0
chr18	36099990	36920692	0
chr18	36920692	37113912	0
chr18	37113912	38611147	0
chr18	38611147	38839137	0
chr18	38839137	39304026	0
chr18	39304026	40054117	0
chr18	40054117	40171009	0
chr18	40171009	40933188	0
chr18	40933188	41144344	0
chr18	41144344	45412945	0
chr18	45412945	45485097	3
chr18	45485097	45598175	0
chr18	45598175	46555767	0
chr18	46555767	46671499	0
chr18	46671499	49533495	0
chr18	49533495	51278554	0
chr18	51278554	57914645	0
chr18	57914645	58079732	3
chr18	58079732	64950209	0
chr18	64950209	64994157	3
chr18	64994157	65997647	0
chr18	65997647	66091373	3
chr18	66091373	67021574	0
chr18	67021574	67021719	3
chr18	67021719	69958804	0
chr18	69958804	70068240	0
chr18	70068240	71251182	0
chr18	71251182	71298690	0
chr18	71298690	78077248	0
chr19	0	463132	40
chr19	463132	543230	30
chr19	543230	755391	2
chr19	755391	1130890	0
chr19	1130890	1219608	24
chr19	1219608	2032086	30
chr19	2032086	3328882	2
chr19	3328882	4996946	0
chr19	4996946	5148938	4
chr19	5148938	5170724	12
chr19	5170724	5690395	4
chr19	5690395	5873927	0
chr19	5873927	6317358	4
chr19	6317358	6658098	0
chr19	6658098	7773077	4
chr19	7773077	7838479	0
chr19	7838479	8435153	0
chr19	8435153	8498480	0
chr19	8498480	8605202	0
chr19	8605202	8771372	0
chr19	8771372	8932724	0
chr19	8932724	9013524	9
chr19	9013524	9102391	0
chr19	9102391	9104935	0
chr19	9104935	10310385	0
chr19	10310385	14708422	0
chr19	14708422	15270586	0
chr19	15270586	15338839	0
chr19	15338839	16549374	0
chr19	16549374	16636904	0
chr19	16636904	17962727	0
chr19	17962727	18704273	0
chr19	18704273	19492078	0
chr19	19492078	19669214	0
chr19	19669214	19812942	0
chr19	19812942	20598496	0
chr19	20598496	20765963	0
chr19	20765963	21249387	0
chr19	21249387	21354773	0
chr19	21354773	22163541	0
chr19	22163541	23072291	0
chr19	23072291	24324036	0
chr19	24324036	24362682	0
chr19	24362682	24521623	0
chr19	24521623	26500000	0
chr19	26500000	27828664	0
chr19	27828664	27838898	0
chr19	27838898	28015985	0
chr19	28015985	28055416	0
chr19	28055416	28127307	0
chr19	28127307	33020427	0
chr19	33020427	33408940	0
chr19	33408940	34730859	0
chr19	34730859	34775412	0
chr19	34775412	36186981	0
chr19	36186981	36945010	0
chr19	36945010	37024083	0
chr19	37024083	41608293	0
chr19	41608293	41730569	0
chr19	41730569	42063676	0
chr19	42063676	42274146	0
chr19	42274146	45175097	0
chr19	45175097	45394422	0
chr19	45394422	46435784	0
chr19	46435784	47130412	0
chr19	47130412	47405876	0
chr19	47405876	47486682	0
chr19	47486682	48392316	0
chr19	48392316	48465173	0
chr19	48465173	48468969	0
chr19	48468969	48491736	0
chr19	48491736	48499613	0
chr19	48499613	48739580	0
chr19	48739580	49455443	0
chr19	49455443	53912307	0
chr19	53912307	54030750	0
chr19	54030750	56972181	0
chr19	56972181	57767714	0
chr19	57767714	57822129	0
chr19	57822129	59128983	0
chr20	0	138064	0
chr20	138064	1558928	0
chr20	1558928	1569410	0
chr20	1569410	1582150	0
chr20	1582150	1636910	0
chr20	1636910	4594053	0
chr20	4594053	4985889	0
chr20	4985889	5077814	0
chr20	5077814	9506871	0
chr20	9506871	10418123	0
chr20	10418123	14866925	0
chr20	14866925	14974268	0
chr20	14974268	15648659	0
chr20	15648659	15716024	0
chr20	15716024	17474314	0
chr20	17474314	17568298	0
chr20	17568298	17953481	0
chr20	17953481	26239964	0
chr20	26239964	26289925	0
chr20	26289925	27500000	0
chr20	27500000	29471217	0
chr20	29471217	29471235	0
chr20	29471235	29529915	0
chr20	29529915	29835037	0
chr20	29835037	29896546	0
chr20	29896546	30146673	0
chr20	30146673	30951834	0
chr20	30951834	31308194	0
chr20	31308194	31377576	0
chr20	31377576	32835838	0
chr20	32835838	33384873	0
chr20	33384873	34415206	0
chr20	34415206	34537115	0
chr20	34537115	35093517	0
chr20	35093517	35478211	0
chr20	35478211	35597214	0
chr20	35597214	35818910	0
chr20	35818910	37518888	0
chr20	37518888	37758810	0
chr20	37758810	39661849	0
chr20	39661849	39883012	0
chr20	39883012	42659891	0
chr20	42659891	42911262	0
chr20	42911262	43026854	0
chr20	43026854	43042472	0
chr20	43042472	43191169	0
chr20	43191169	43777674	0
chr20	43777674	43889578	0
chr20	43889578	44100909	0
chr20	44100909	44183331	0
chr20	44183331	44291084	0
chr20	44291084	44377549	0
chr20	44377549	45563948	0
chr20	45563948	45689455	0
chr20	45689455	45793471	0
chr20	45793471	45814575	0
chr20	45814575	46010405	0
chr20	46010405	46121271	0
chr20	46121271	46206217	0
chr20	46206217	46241846	0
chr20	46241846	47579522	0
chr20	47579522	47871651	0
chr20	47871651	48989516	0
chr20	48989516	49197362	0
chr20	49197362	49305180	0
chr20	49305180	49736230	0
chr20	49736230	50286702	0
chr20	50286702	50458456	0
chr20	50458456	50518489	0
chr20	50518489	50612550	0
chr20	50612550	52086054	0
chr20	52086054	52199282	0
chr20	52199282	52317975	0
chr20	52317975	52363300	0
chr20	52363300	52652419	0
chr20	52652419	52722632	0
chr20	52722632	52931524	0
chr20	52931524	53190591	0
chr20	53190591	53241963	0
chr20	53241963	53323725	0
chr20	53323725	55223561	0
chr20	55223561	55348861	0
chr20	55348861	55467543	0
chr20	55467543	55601869	0
chr20	55601869	56578987	0
chr20	56578987	56765772	0
chr20	56765772	56899879	0
chr20	56899879	61831854	0
chr20	61831854	62030873	0
chr20	62030873	62530136	0
chr20	62530136	62644069	0
chr20	62644069	62762412	0
chr20	62762412	63025520	0
chr21	0	9764385	0
chr21	9764385	11018120	0
chr21	11018120	13200000	0
chr21	13200000	14446700	0
chr21	14446700	14570437	0
chr21	14570437	17641111	0
chr21	17641111	26378606	0
chr21	26378606	34427869	0
chr21	34427869	48026763	0
chr21	48026763	48129895	0
chr22	0	14700000	0
chr22	14700000	16058758	13
chr22	16058758	16151161	0
chr22	16151161	16483866	9
chr22	16483866	16629470	1
chr22	16629470	16683415	6
chr22	16683415	16883065	16
chr22	16883065	18505933	21
chr22	18505933	18638635	0
chr22	18638635	21934399	21
chr22	21934399	22114520	11
chr22	22114520	24342599	21
chr22	24342599	24399172	25
chr22	24399172	30141070	21
chr22	30141070	31615796	25
chr22	31615796	31816091	20
chr22	31816091	33629456	25
chr22	33629456	36772004	39
chr22	36772004	36840678	19
chr22	36840678	37289642	39
chr22	37289642	37892318	25
chr22	37892318	39350137	39
chr22	39350137	39405008	32
chr22	39405008	39915487	39
chr22	39915487	41395785	43
chr22	41395785	41477811	34
chr22	41477811	41561763	43
chr22	41561763	41619679	39
chr22	41619679	41901409	10
chr22	41901409	41993333	15
chr22	41993333	42928972	43
chr22	42928972	44782613	71
chr22	44782613	44923567	58
chr22	44923567	48503327	71
chr22	48503327	48529776	79
chr22	48529776	48786852	71
chr22	48786852	48840677	85
chr22	48840677	49076673	71
chr22	49076673	51141572	85
chr22	51141572	51188404	74
chr22	51188404	51193712	65
chr22	51193712	51304566	8
chrX	0	586088	21
chrX	586088	892488	17
chrX	892488	1477511	12
chrX	1477511	1791866	0
chrX	1791866	1837799	0
chrX	1837799	1839899	18
chrX	1839899	2311498	22
chrX	2311498	2341842	29
chrX	2341842	2491303	33
chrX	2491303	2570556	29
chrX	2570556	3321933	33
chrX	3321933	4501241	41
chrX	4501241	5127897	46
chrX	5127897	5214565	41
chrX	5214565	5271332	46
chrX	5271332	5494588	41
chrX	5494588	5676585	46
chrX	5676585	7182862	41
chrX	7182862	7799814	49
chrX	7799814	9297658	41
chrX	9297658	9425775	55
chrX	9425775	27854537	41
chrX	27854537	32654354	49
chrX	32654354	32743674	63
chrX	32743674	39196140	49
chrX	39196140	39255531	54
chrX	39255531	41038464	49
chrX	41038464	47111748	53
chrX	47111748	47300603	43
chrX	47300603	48368450	53
chrX	48368450	48532989	43
chrX	48532989	50353298	53
chrX	50353298	50499877	43
chrX	50499877	56083871	35
chrX	56083871	56228809	43
chrX	56228809	56752900	35
chrX	56752900	56935555	43
chrX	56935555	58318061	35
chrX	58318061	58321723	31
chrX	58321723	58344892	21
chrX	58344892	58480569	15
chrX	58480569	59098320	29
chrX	59098320	59118992	25
chrX	59118992	59298906	31
chrX	59298906	59331578	36
chrX	59331578	60600000	17
chrX	60600000	61818199	18
chrX	61818199	62057076	21
chrX	62057076	62110034	31
chrX	62110034	67536903	36
chrX	67536903	67764172	27
chrX	67764172	72420178	36
chrX	72420178	77117615	44
chrX	77117615	87969761	58
chrX	87969761	90281756	72
chrX	90281756	90306594	77
chrX	90306594	90542651	72
chrX	90542651	90602112	77
chrX	90602112	100134875	72
chrX	100134875	100568053	58
chrX	100568053	100668664	72
chrX	100668664	104496615	58
chrX	104496615	115601013	64
chrX	115601013	115775964	54
chrX	115775964	117312401	64
chrX	117312401	118840435	50
chrX	118840435	119072704	40
chrX	119072704	120367473	50
chrX	120367473	120836305	54
chrX	120836305	122914078	50
chrX	122914078	123103981	40
chrX	123103981	128764321	50
chrX	128764321	128882029	64
chrX	128882029	130815108	50
chrX	130815108	130963749	78
chrX	130963749	135896045	50
chrX	135896045	136032846	40
chrX	136032846	138192389	50
chrX	138192389	138270092	54
chrX	138270092	138717871	50
chrX	138717871	138754737	54
chrX	138754737	139011090	50
chrX	139011090	141419530	64
chrX	141419530	141469028	68
chrX	141469028	142601884	64
chrX	142601884	144084750	78
chrX	144084750	144178612	82
chrX	144178612	147900199	78
chrX	147900199	147958688	64
chrX	147958688	150438557	78
chrX	150438557	150543193	64
chrX	150543193	150820261	78
chrX	150820261	150934592	64
chrX	150934592	154780097	78
chrX	154780097	154786673	82
chrX	154786673	155270560	78
chrY	0	12500000	0
chrY	12500000	59373566	0