Chromosome Region	Start	End	gain
chr1	0	7656581	95
chr1	7656581	8060881	78
chr1	8060881	16996293	95
chr1	16996293	17262060	95
chr1	17262060	19646378	95
chr1	19646378	19872724	95
chr1	19872724	20672828	91
chr1	20672828	22707072	91
chr1	22707072	24667178	91
chr1	24667178	30667708	91
chr1	30667708	34931952	90
chr1	34931952	35083010	91
chr1	35083010	35097164	90
chr1	35097164	35109386	84
chr1	35109386	35690830	90
chr1	35690830	35900283	95
chr1	35900283	38525377	95
chr1	38525377	41200272	95
chr1	41200272	41495608	95
chr1	41495608	41506362	95
chr1	41506362	42001372	95
chr1	42001372	47447927	95
chr1	47447927	51418694	95
chr1	51418694	51750966	95
chr1	51750966	55115309	95
chr1	55115309	56702776	95
chr1	56702776	58484370	89
chr1	58484370	60269846	89
chr1	60269846	60439855	89
chr1	60439855	60535396	89
chr1	60535396	61117521	89
chr1	61117521	61409376	89
chr1	61409376	61949249	89
chr1	61949249	62253328	89
chr1	62253328	62666111	89
chr1	62666111	62907302	89
chr1	62907302	62944861	89
chr1	62944861	63552801	89
chr1	63552801	63743427	89
chr1	63743427	63858911	89
chr1	63858911	64654624	89
chr1	64654624	64813004	89
chr1	64813004	65215360	89
chr1	65215360	65340900	89
chr1	65340900	65659212	89
chr1	65659212	66239776	89
chr1	66239776	66272729	89
chr1	66272729	66281108	89
chr1	66281108	66586994	89
chr1	66586994	66731534	89
chr1	66731534	66775665	89
chr1	66775665	67003335	89
chr1	67003335	67047906	89
chr1	67047906	67926509	89
chr1	67926509	68085652	77
chr1	68085652	68644748	77
chr1	68644748	69307931	77
chr1	69307931	69744419	77
chr1	69744419	70000332	77
chr1	70000332	70106485	77
chr1	70106485	70131700	77
chr1	70131700	72226725	77
chr1	72226725	72447481	74
chr1	72447481	92255325	77
chr1	92255325	92401871	78
chr1	92401871	97123244	80
chr1	97123244	97277836	80
chr1	97277836	100327536	80
chr1	100327536	100519297	80
chr1	100519297	103322036	80
chr1	103322036	104144001	80
chr1	104144001	105144284	80
chr1	105144284	105423457	80
chr1	105423457	105547774	80
chr1	105547774	105606107	80
chr1	105606107	105998605	80
chr1	105998605	106058454	80
chr1	106058454	111025557	80
chr1	111025557	111031650	80
chr1	111031650	111176126	91
chr1	111176126	112246931	91
chr1	112246931	112259718	91
chr1	112259718	112289343	91
chr1	112289343	112506185	91
chr1	112506185	112634918	91
chr1	112634918	113094656	91
chr1	113094656	113810313	91
chr1	113810313	114374012	91
chr1	114374012	117914536	91
chr1	117914536	118056497	91
chr1	118056497	120476169	91
chr1	120476169	120685338	91
chr1	120685338	120741258	91
chr1	120741258	121185034	91
chr1	121185034	121230790	27
chr1	121230790	121291080	13
chr1	121291080	125000000	2
chr1	125000000	143458436	0
chr1	143458436	145116735	96
chr1	145116735	145181807	96
chr1	145181807	149041620	96
chr1	149041620	149251888	93
chr1	149251888	149258054	93
chr1	149258054	149820496	96
chr1	149820496	152555617	96
chr1	152555617	152586558	92
chr1	152586558	152588544	91
chr1	152588544	152825796	95
chr1	152825796	152944546	95
chr1	152944546	153132934	95
chr1	153132934	153602557	95
chr1	153602557	157260320	95
chr1	157260320	157453823	95
chr1	157453823	158815560	95
chr1	158815560	158894856	95
chr1	158894856	160493309	95
chr1	160493309	160713394	95
chr1	160713394	165218170	95
chr1	165218170	165297089	95
chr1	165297089	174128788	95
chr1	174128788	174400051	78
chr1	174400051	175320518	95
chr1	175320518	175658433	95
chr1	175658433	175797965	95
chr1	175797965	175866809	95
chr1	175866809	176294530	95
chr1	176294530	176825314	95
chr1	176825314	176910683	95
chr1	176910683	181036677	95
chr1	181036677	181131420	95
chr1	181131420	181618556	95
chr1	181618556	181841725	95
chr1	181841725	186526866	95
chr1	186526866	194238999	95
chr1	194238999	200960718	95
chr1	200960718	201038098	95
chr1	201038098	203010579	95
chr1	203010579	203370417	95
chr1	203370417	203491077	95
chr1	203491077	204425854	95
chr1	204425854	204529763	95
chr1	204529763	204591611	95
chr1	204591611	204889909	95
chr1	204889909	205016844	95
chr1	205016844	206884057	95
chr1	206884057	206988664	95
chr1	206988664	208046834	95
chr1	208046834	208513622	95
chr1	208513622	208571718	95
chr1	208571718	210024956	95
chr1	210024956	213989064	95
chr1	213989064	214072449	95
chr1	214072449	223636386	95
chr1	223636386	223693364	95
chr1	223693364	226686688	95
chr1	226686688	226981691	95
chr1	226981691	227677648	95
chr1	227677648	227772950	95
chr1	227772950	227888819	95
chr1	227888819	228277714	95
chr1	228277714	228801908	95
chr1	228801908	229291279	95
chr1	229291279	229918243	95
chr1	229918243	230548371	95
chr1	230548371	231221377	95
chr1	231221377	231324370	95
chr1	231324370	233041761	95
chr1	233041761	233073554	95
chr1	233073554	245562567	95
chr1	245562567	245580191	95
chr1	245580191	245989315	95
chr1	245989315	246113249	95
chr1	246113249	246278221	95
chr1	246278221	246389275	78
chr1	246389275	249250621	95
chr2	0	139608	98
chr2	139608	416444	98
chr2	416444	680214	98
chr2	680214	812656	98
chr2	812656	2032027	98
chr2	2032027	2448026	98
chr2	2448026	2935843	98
chr2	2935843	3016119	98
chr2	3016119	3724747	98
chr2	3724747	3764790	98
chr2	3764790	3831960	98
chr2	3831960	6010641	98
chr2	6010641	6118135	98
chr2	6118135	6296405	98
chr2	6296405	6319295	98
chr2	6319295	6399402	98
chr2	6399402	6520077	98
chr2	6520077	6623036	98
chr2	6623036	6805001	98
chr2	6805001	7080321	98
chr2	7080321	7248095	98
chr2	7248095	8128633	98
chr2	8128633	9009180	98
chr2	9009180	9277534	98
chr2	9277534	9448242	98
chr2	9448242	10341419	98
chr2	10341419	10614305	98
chr2	10614305	10979624	98
chr2	10979624	11178640	98
chr2	11178640	11921907	98
chr2	11921907	12287964	98
chr2	12287964	12450942	98
chr2	12450942	12546365	98
chr2	12546365	12829096	98
chr2	12829096	12892701	98
chr2	12892701	16156269	98
chr2	16156269	16197965	98
chr2	16197965	16415062	98
chr2	16415062	16588183	98
chr2	16588183	18222964	98
chr2	18222964	18393941	98
chr2	18393941	19661539	98
chr2	19661539	19701954	98
chr2	19701954	19841195	98
chr2	19841195	20041801	98
chr2	20041801	20756359	98
chr2	20756359	20955403	98
chr2	20955403	21056843	98
chr2	21056843	21141845	98
chr2	21141845	23185456	98
chr2	23185456	23875409	98
chr2	23875409	26757931	98
chr2	26757931	26986564	98
chr2	26986564	29428309	98
chr2	29428309	30197012	98
chr2	30197012	30888753	98
chr2	30888753	30974785	98
chr2	30974785	31067305	98
chr2	31067305	31538953	98
chr2	31538953	37831357	98
chr2	37831357	37886558	98
chr2	37886558	37960807	98
chr2	37960807	38021165	98
chr2	38021165	38407627	98
chr2	38407627	38470995	98
chr2	38470995	45248930	98
chr2	45248930	45608397	98
chr2	45608397	45999369	98
chr2	45999369	46056078	98
chr2	46056078	46211796	98
chr2	46211796	46402699	98
chr2	46402699	46479134	98
chr2	46479134	46662940	98
chr2	46662940	46687163	98
chr2	46687163	46776234	98
chr2	46776234	47028919	98
chr2	47028919	47293013	98
chr2	47293013	47833734	98
chr2	47833734	47938950	98
chr2	47938950	49196794	98
chr2	49196794	49219223	98
chr2	49219223	52739199	98
chr2	52739199	52784752	98
chr2	52784752	53902075	98
chr2	53902075	54275010	98
chr2	54275010	60388786	98
chr2	60388786	60950208	98
chr2	60950208	65966769	98
chr2	65966769	66027724	98
chr2	66027724	69396695	98
chr2	69396695	69591158	98
chr2	69591158	71208374	98
chr2	71208374	71346590	98
chr2	71346590	71671008	98
chr2	71671008	72455197	98
chr2	72455197	79568631	98
chr2	79568631	79633662	75
chr2	79633662	84873482	98
chr2	84873482	84916206	98
chr2	84916206	86032635	98
chr2	86032635	86307376	98
chr2	86307376	87474050	98
chr2	87474050	87882066	98
chr2	87882066	90301276	98
chr2	90301276	91627978	14
chr2	91627978	91704724	25
chr2	91704724	92193296	56
chr2	92193296	92275027	25
chr2	92275027	93300000	14
chr2	93300000	95341388	14
chr2	95341388	95421697	25
chr2	95421697	95439958	42
chr2	95439958	95920175	91
chr2	95920175	98305734	91
chr2	98305734	98909730	91
chr2	98909730	99520005	91
chr2	99520005	100349622	91
chr2	100349622	100867335	91
chr2	100867335	101235999	91
chr2	101235999	101842201	91
chr2	101842201	102079906	91
chr2	102079906	102252210	91
chr2	102252210	102550499	91
chr2	102550499	102991654	91
chr2	102991654	105109043	91
chr2	105109043	105324049	91
chr2	105324049	105426724	91
chr2	105426724	105527757	91
chr2	105527757	106157826	91
chr2	106157826	107089018	91
chr2	107089018	107182011	91
chr2	107182011	108639853	91
chr2	108639853	108874238	91
chr2	108874238	108913516	75
chr2	108913516	109512517	91
chr2	109512517	109736521	91
chr2	109736521	109866177	91
chr2	109866177	110040863	91
chr2	110040863	111588958	91
chr2	111588958	112474959	91
chr2	112474959	113570126	91
chr2	113570126	114479794	91
chr2	114479794	118918629	91
chr2	118918629	120319316	91
chr2	120319316	120888893	91
chr2	120888893	122290978	91
chr2	122290978	122786465	91
chr2	122786465	122944311	91
chr2	122944311	125197642	91
chr2	125197642	125345646	91
chr2	125345646	127116900	91
chr2	127116900	127863988	91
chr2	127863988	128283323	91
chr2	128283323	128677924	91
chr2	128677924	128904505	91
chr2	128904505	129944840	91
chr2	129944840	130111871	91
chr2	130111871	130378268	91
chr2	130378268	130402270	91
chr2	130402270	131509121	91
chr2	131509121	131756615	91
chr2	131756615	133570051	91
chr2	133570051	134433001	91
chr2	134433001	135500342	91
chr2	135500342	136922233	91
chr2	136922233	137396354	91
chr2	137396354	141798906	91
chr2	141798906	141969732	75
chr2	141969732	142010576	55
chr2	142010576	142142627	72
chr2	142142627	142756371	91
chr2	142756371	143285126	91
chr2	143285126	146863238	91
chr2	146863238	146872376	87
chr2	146872376	148762831	91
chr2	148762831	149232433	91
chr2	149232433	151637508	91
chr2	151637508	151779970	91
chr2	151779970	153896352	91
chr2	153896352	156483389	91
chr2	156483389	158777548	95
chr2	158777548	158872425	95
chr2	158872425	163318590	95
chr2	163318590	164232215	95
chr2	164232215	169012380	95
chr2	169012380	169072192	95
chr2	169072192	170300351	95
chr2	170300351	171094887	79
chr2	171094887	176993768	95
chr2	176993768	180413367	95
chr2	180413367	180423890	95
chr2	180423890	180613936	95
chr2	180613936	180808090	95
chr2	180808090	180920862	95
chr2	180920862	181133576	95
chr2	181133576	181379907	95
chr2	181379907	182072411	95
chr2	182072411	182499009	95
chr2	182499009	182587758	95
chr2	182587758	183332749	95
chr2	183332749	196057928	95
chr2	196057928	202916707	92
chr2	202916707	208122806	92
chr2	208122806	208399181	63
chr2	208399181	212348674	92
chr2	212348674	213680975	92
chr2	213680975	213797073	59
chr2	213797073	214118298	92
chr2	214118298	223066308	92
chr2	223066308	223372126	92
chr2	223372126	225392578	92
chr2	225392578	226738953	92
chr2	226738953	232205555	92
chr2	232205555	233054065	76
chr2	233054065	243199373	92
chr3	0	85716	97
chr3	85716	289061	97
chr3	289061	355530	97
chr3	355530	394599	97
chr3	394599	419804	97
chr3	419804	1421844	97
chr3	1421844	2118775	97
chr3	2118775	6575094	97
chr3	6575094	6652467	97
chr3	6652467	7269189	97
chr3	7269189	7298208	97
chr3	7298208	9365508	97
chr3	9365508	9571656	97
chr3	9571656	16297735	97
chr3	16297735	16476299	97
chr3	16476299	17386801	97
chr3	17386801	17814612	97
chr3	17814612	22241802	97
chr3	22241802	22272172	97
chr3	22272172	22296555	97
chr3	22296555	22362536	97
chr3	22362536	24652625	97
chr3	24652625	24766455	97
chr3	24766455	31734467	97
chr3	31734467	31902580	85
chr3	31902580	33456501	97
chr3	33456501	33476584	97
chr3	33476584	64362682	97
chr3	64362682	64417227	97
chr3	64417227	66984060	97
chr3	66984060	67136440	97
chr3	67136440	73198696	97
chr3	73198696	75428045	92
chr3	75428045	75574555	92
chr3	75574555	76419081	92
chr3	76419081	76424633	92
chr3	76424633	76530659	92
chr3	76530659	76653080	92
chr3	76653080	76742330	92
chr3	76742330	76949926	92
chr3	76949926	77075624	92
chr3	77075624	77258090	92
chr3	77258090	77508413	92
chr3	77508413	77602286	92
chr3	77602286	77995922	92
chr3	77995922	78005200	92
chr3	78005200	78184971	92
chr3	78184971	78209289	92
chr3	78209289	78456166	92
chr3	78456166	78473028	92
chr3	78473028	78504223	92
chr3	78504223	78686140	92
chr3	78686140	78792259	92
chr3	78792259	78825084	92
chr3	78825084	79055787	92
chr3	79055787	79750711	92
chr3	79750711	80045130	92
chr3	80045130	80054154	92
chr3	80054154	80263025	92
chr3	80263025	80473819	92
chr3	80473819	80639664	92
chr3	80639664	80854108	92
chr3	80854108	81230654	92
chr3	81230654	81322575	92
chr3	81322575	82647255	92
chr3	82647255	82693539	92
chr3	82693539	83023350	92
chr3	83023350	83218150	92
chr3	83218150	84055159	92
chr3	84055159	84101266	92
chr3	84101266	84253299	92
chr3	84253299	84647730	92
chr3	84647730	84777448	92
chr3	84777448	85124747	92
chr3	85124747	85502017	92
chr3	85502017	85629664	92
chr3	85629664	85661094	92
chr3	85661094	85889099	92
chr3	85889099	85964393	92
chr3	85964393	86378042	92
chr3	86378042	86865343	92
chr3	86865343	86888129	92
chr3	86888129	87235624	92
chr3	87235624	87608862	92
chr3	87608862	88081728	92
chr3	88081728	88297882	92
chr3	88297882	89050411	92
chr3	89050411	89260160	92
chr3	89260160	89267440	92
chr3	89267440	89338185	92
chr3	89338185	89386954	92
chr3	89386954	89409835	92
chr3	89409835	89423151	92
chr3	89423151	89641283	92
chr3	89641283	89671340	92
chr3	89671340	89718061	92
chr3	89718061	90022004	92
chr3	90022004	90025004	97
chr3	90025004	90026637	97
chr3	90026637	91000000	97
chr3	91000000	93543006	6
chr3	93543006	93548479	18
chr3	93548479	93605126	48
chr3	93605126	94003849	99
chr3	94003849	94770456	99
chr3	94770456	95310868	99
chr3	95310868	95473818	99
chr3	95473818	96322466	99
chr3	96322466	96353435	99
chr3	96353435	96469837	99
chr3	96469837	98532775	99
chr3	98532775	98729852	99
chr3	98729852	100195909	99
chr3	100195909	100456631	99
chr3	100456631	103071494	99
chr3	103071494	103162424	99
chr3	103162424	103663732	99
chr3	103663732	103851022	99
chr3	103851022	104488229	99
chr3	104488229	104621500	99
chr3	104621500	104676872	99
chr3	104676872	104986165	99
chr3	104986165	105172967	99
chr3	105172967	105284086	99
chr3	105284086	105744932	99
chr3	105744932	105807129	99
chr3	105807129	106158985	99
chr3	106158985	106226330	99
chr3	106226330	106401049	99
chr3	106401049	106494344	99
chr3	106494344	110918304	99
chr3	110918304	110961986	99
chr3	110961986	112921700	99
chr3	112921700	113061875	99
chr3	113061875	114967632	99
chr3	114967632	115042345	99
chr3	115042345	115324881	99
chr3	115324881	115441388	99
chr3	115441388	116714895	99
chr3	116714895	117052532	99
chr3	117052532	117339148	99
chr3	117339148	118550397	99
chr3	118550397	118775186	99
chr3	118775186	118799103	99
chr3	118799103	119361450	99
chr3	119361450	121059973	99
chr3	121059973	121109374	98
chr3	121109374	121179828	98
chr3	121179828	122636315	98
chr3	122636315	124927699	98
chr3	124927699	125533994	98
chr3	125533994	128244003	98
chr3	128244003	128573453	98
chr3	128573453	129398012	98
chr3	129398012	129673207	98
chr3	129673207	129806961	98
chr3	129806961	129986646	98
chr3	129986646	130126422	98
chr3	130126422	131688193	98
chr3	131688193	133080609	99
chr3	133080609	133220927	99
chr3	133220927	133468103	99
chr3	133468103	133784853	99
chr3	133784853	133853811	99
chr3	133853811	134024609	99
chr3	134024609	134352583	99
chr3	134352583	135293230	99
chr3	135293230	137740862	99
chr3	137740862	137819182	99
chr3	137819182	138995053	99
chr3	138995053	139449100	99
chr3	139449100	139543611	99
chr3	139543611	140457749	99
chr3	140457749	140779064	99
chr3	140779064	141005094	99
chr3	141005094	142502601	99
chr3	142502601	142544048	99
chr3	142544048	142966987	99
chr3	142966987	143116884	99
chr3	143116884	143402555	99
chr3	143402555	143499915	99
chr3	143499915	144829517	99
chr3	144829517	145743081	99
chr3	145743081	145946986	99
chr3	145946986	146015402	99
chr3	146015402	146167035	99
chr3	146167035	146218309	99
chr3	146218309	146271069	99
chr3	146271069	146753909	99
chr3	146753909	147013400	99
chr3	147013400	147015291	99
chr3	147015291	147750285	99
chr3	147750285	147754675	99
chr3	147754675	147924527	99
chr3	147924527	148346376	99
chr3	148346376	148384699	99
chr3	148384699	148403221	99
chr3	148403221	148432769	99
chr3	148432769	148785640	99
chr3	148785640	149569888	99
chr3	149569888	149614177	99
chr3	149614177	151070000	99
chr3	151070000	151110544	99
chr3	151110544	151427441	99
chr3	151427441	151464615	99
chr3	151464615	151590850	99
chr3	151590850	151799855	99
chr3	151799855	152110185	99
chr3	152110185	152165024	99
chr3	152165024	153217074	99
chr3	153217074	153541486	99
chr3	153541486	153622453	99
chr3	153622453	154112565	99
chr3	154112565	154965603	99
chr3	154965603	155099501	99
chr3	155099501	156017254	99
chr3	156017254	156088055	99
chr3	156088055	156836876	99
chr3	156836876	156867467	99
chr3	156867467	157013562	99
chr3	157013562	157015664	99
chr3	157015664	157431699	99
chr3	157431699	157533771	99
chr3	157533771	157729977	99
chr3	157729977	158020730	99
chr3	158020730	159004538	99
chr3	159004538	159138824	99
chr3	159138824	159239851	99
chr3	159239851	159320121	99
chr3	159320121	160575661	99
chr3	160575661	161225529	99
chr3	161225529	161381339	99
chr3	161381339	161448725	99
chr3	161448725	161515606	99
chr3	161515606	161667482	99
chr3	161667482	161803938	99
chr3	161803938	162084649	99
chr3	162084649	162108723	99
chr3	162108723	162158932	99
chr3	162158932	162269705	99
chr3	162269705	162383991	99
chr3	162383991	162413792	99
chr3	162413792	162526744	99
chr3	162526744	162655246	99
chr3	162655246	162690384	99
chr3	162690384	163699016	99
chr3	163699016	164358892	99
chr3	164358892	164921877	99
chr3	164921877	165054760	99
chr3	165054760	165081761	99
chr3	165081761	165278968	99
chr3	165278968	165318227	99
chr3	165318227	165360912	99
chr3	165360912	165599994	99
chr3	165599994	165736631	99
chr3	165736631	165960368	99
chr3	165960368	165989862	99
chr3	165989862	166100673	99
chr3	166100673	166161956	99
chr3	166161956	166419581	99
chr3	166419581	166546966	99
chr3	166546966	166709633	99
chr3	166709633	166742098	99
chr3	166742098	167033179	99
chr3	167033179	167213596	99
chr3	167213596	167549612	99
chr3	167549612	167563634	99
chr3	167563634	167597264	99
chr3	167597264	167635326	99
chr3	167635326	167656321	99
chr3	167656321	167806932	99
chr3	167806932	167907313	99
chr3	167907313	167909436	99
chr3	167909436	168763015	99
chr3	168763015	169159265	99
chr3	169159265	169321151	99
chr3	169321151	169558883	99
chr3	169558883	170544492	99
chr3	170544492	170732950	99
chr3	170732950	171263363	99
chr3	171263363	171313294	99
chr3	171313294	172192935	99
chr3	172192935	172377856	99
chr3	172377856	172442572	99
chr3	172442572	172528005	99
chr3	172528005	172837064	99
chr3	172837064	172943298	99
chr3	172943298	173335514	99
chr3	173335514	173400829	99
chr3	173400829	173424139	99
chr3	173424139	173502875	99
chr3	173502875	173656402	99
chr3	173656402	173808494	99
chr3	173808494	173902167	99
chr3	173902167	173953905	99
chr3	173953905	174349559	99
chr3	174349559	174383373	99
chr3	174383373	174757522	99
chr3	174757522	174871610	99
chr3	174871610	174944649	99
chr3	174944649	175017242	99
chr3	175017242	175087251	99
chr3	175087251	175165940	99
chr3	175165940	175207017	99
chr3	175207017	175246061	99
chr3	175246061	175907146	99
chr3	175907146	176175584	99
chr3	176175584	176262600	99
chr3	176262600	176710735	99
chr3	176710735	176778061	99
chr3	176778061	176800647	99
chr3	176800647	179731733	99
chr3	179731733	179832909	99
chr3	179832909	180301790	99
chr3	180301790	181769828	99
chr3	181769828	182025435	99
chr3	182025435	182268333	99
chr3	182268333	182415171	99
chr3	182415171	189439194	99
chr3	189439194	189504491	99
chr3	189504491	189909417	99
chr3	189909417	190898409	99
chr3	190898409	193318910	99
chr3	193318910	193418531	99
chr3	193418531	198022430	99
chr4	0	66349	13
chr4	66349	71493	25
chr4	71493	242373	61
chr4	242373	672840	78
chr4	672840	2408284	78
chr4	2408284	2912101	78
chr4	2912101	3104695	61
chr4	3104695	9454450	78
chr4	9454450	9715603	92
chr4	9715603	10209955	78
chr4	10209955	10312920	64
chr4	10312920	11663260	78
chr4	11663260	11887812	61
chr4	11887812	21896854	78
chr4	21896854	24461877	78
chr4	24461877	24955984	61
chr4	24955984	28804753	78
chr4	28804753	29032123	61
chr4	29032123	33297694	78
chr4	33297694	33549502	61
chr4	33549502	34033110	78
chr4	34033110	34314132	61
chr4	34314132	34782777	78
chr4	34782777	34829893	64
chr4	34829893	37434436	78
chr4	37434436	41157209	78
chr4	41157209	43333984	78
chr4	43333984	49073497	78
chr4	49073497	49309867	92
chr4	49309867	50400000	76
chr4	50400000	52696792	9
chr4	52696792	52706713	38
chr4	52706713	52762136	80
chr4	52762136	52891008	94
chr4	52891008	58697211	80
chr4	58697211	58776940	80
chr4	58776940	58839858	80
chr4	58839858	59509498	80
chr4	59509498	59515290	68
chr4	59515290	60167227	80
chr4	60167227	60336948	80
chr4	60336948	60747899	80
chr4	60747899	60981745	80
chr4	60981745	61254958	80
chr4	61254958	64294475	80
chr4	64294475	64693460	68
chr4	64693460	64716729	82
chr4	64716729	69075771	68
chr4	69075771	69152286	54
chr4	69152286	69223609	68
chr4	69223609	69375058	82
chr4	69375058	69487657	54
chr4	69487657	77991161	68
chr4	77991161	78515084	68
chr4	78515084	79715031	62
chr4	79715031	79836386	51
chr4	79836386	90714280	62
chr4	90714280	91202657	74
chr4	91202657	91724191	62
chr4	91724191	92405337	45
chr4	92405337	95581631	62
chr4	95581631	115173678	62
chr4	115173678	115174512	74
chr4	115174512	115183202	60
chr4	115183202	115185107	74
chr4	115185107	128297336	62
chr4	128297336	142927200	74
chr4	142927200	143029656	57
chr4	143029656	156878221	74
chr4	156878221	156886630	88
chr4	156886630	169663852	74
chr4	169663852	169701104	57
chr4	169701104	172361236	74
chr4	172361236	172368480	88
chr4	172368480	172379152	64
chr4	172379152	172381180	88
chr4	172381180	172548327	74
chr4	172548327	172705400	57
chr4	172705400	180356850	74
chr4	180356850	181938151	68
chr4	181938151	182887104	68
chr4	182887104	182980439	35
chr4	182980439	183404528	52
chr4	183404528	185076902	68
chr4	185076902	186243377	54
chr4	186243377	187621859	68
chr4	187621859	191154276	54
chr5	0	646530	96
chr5	646530	822855	96
chr5	822855	1506188	96
chr5	1506188	1657576	96
chr5	1657576	1827157	96
chr5	1827157	2921973	96
chr5	2921973	2956909	96
chr5	2956909	3109107	96
chr5	3109107	3207893	96
chr5	3207893	3334704	96
chr5	3334704	5364522	96
chr5	5364522	5436756	96
chr5	5436756	6873118	96
chr5	6873118	6960146	96
chr5	6960146	17694426	96
chr5	17694426	22684339	96
chr5	22684339	44396347	96
chr5	44396347	46278212	68
chr5	46278212	46328445	68
chr5	46328445	46383335	57
chr5	46383335	48400000	26
chr5	48400000	49520000	45
chr5	49520000	49980324	64
chr5	49980324	57323830	50
chr5	57323830	57335951	74
chr5	57335951	58527932	50
chr5	58527932	58975212	46
chr5	58975212	62366602	41
chr5	62366602	62475599	24
chr5	62475599	68431582	41
chr5	68431582	83928534	47
chr5	83928534	92860978	58
chr5	92860978	92993684	42
chr5	92993684	102634273	58
chr5	102634273	112073907	63
chr5	112073907	112112923	77
chr5	112112923	127224030	63
chr5	127224030	151514772	77
chr5	151514772	155488990	77
chr5	155488990	162412192	80
chr5	162412192	165732366	80
chr5	165732366	177619751	76
chr5	177619751	177797223	88
chr5	177797223	180915260	76
chr6	0	240782	97
chr6	240782	255812	97
chr6	255812	2008262	97
chr6	2008262	2611372	97
chr6	2611372	2680424	97
chr6	2680424	2739691	97
chr6	2739691	2740636	97
chr6	2740636	2908006	97
chr6	2908006	2914147	97
chr6	2914147	3264294	97
chr6	3264294	3311977	97
chr6	3311977	3923012	97
chr6	3923012	4067618	97
chr6	4067618	4816938	97
chr6	4816938	4864382	97
chr6	4864382	4920148	97
chr6	4920148	5030914	97
chr6	5030914	5205254	97
chr6	5205254	5280769	97
chr6	5280769	5390673	97
chr6	5390673	5445949	97
chr6	5445949	6201965	97
chr6	6201965	6340894	97
chr6	6340894	6394251	97
chr6	6394251	6418251	97
chr6	6418251	6489263	97
chr6	6489263	6862323	97
chr6	6862323	7503658	97
chr6	7503658	7613170	97
chr6	7613170	7762019	97
chr6	7762019	7938314	97
chr6	7938314	8064951	97
chr6	8064951	8200331	97
chr6	8200331	8376056	97
chr6	8376056	8377879	97
chr6	8377879	8534440	97
chr6	8534440	8572469	97
chr6	8572469	8811299	97
chr6	8811299	8914186	97
chr6	8914186	8944074	97
chr6	8944074	8989885	97
chr6	8989885	9024899	97
chr6	9024899	9102378	97
chr6	9102378	9784035	97
chr6	9784035	10047693	97
chr6	10047693	10071168	97
chr6	10071168	10518163	97
chr6	10518163	10824388	97
chr6	10824388	12123149	97
chr6	12123149	12359509	97
chr6	12359509	12503231	97
chr6	12503231	12516941	97
chr6	12516941	13064861	97
chr6	13064861	13158269	97
chr6	13158269	13197526	97
chr6	13197526	13305879	97
chr6	13305879	13429998	97
chr6	13429998	16425337	97
chr6	16425337	16540436	97
chr6	16540436	16659146	97
chr6	16659146	16962658	97
chr6	16962658	17350988	97
chr6	17350988	17504687	97
chr6	17504687	17799819	97
chr6	17799819	17856201	97
chr6	17856201	18253481	97
chr6	18253481	18426556	97
chr6	18426556	18475637	97
chr6	18475637	18836340	97
chr6	18836340	19053446	97
chr6	19053446	19093880	97
chr6	19093880	19503129	97
chr6	19503129	19703010	97
chr6	19703010	20400486	97
chr6	20400486	20664356	97
chr6	20664356	21071759	97
chr6	21071759	21252299	97
chr6	21252299	21351059	97
chr6	21351059	21592762	97
chr6	21592762	22029610	97
chr6	22029610	22104950	97
chr6	22104950	22137740	97
chr6	22137740	22238386	97
chr6	22238386	22487048	97
chr6	22487048	22492760	97
chr6	22492760	22755694	97
chr6	22755694	22937761	97
chr6	22937761	23469431	97
chr6	23469431	23549033	97
chr6	23549033	26711853	97
chr6	26711853	26798218	97
chr6	26798218	30535737	97
chr6	30535737	30901279	97
chr6	30901279	31136079	97
chr6	31136079	31656243	97
chr6	31656243	33847261	97
chr6	33847261	33975116	97
chr6	33975116	40080270	97
chr6	40080270	40158176	97
chr6	40158176	43797565	97
chr6	43797565	43918910	97
chr6	43918910	58353957	97
chr6	58353957	58674833	97
chr6	58674833	58727179	80
chr6	58727179	58741497	27
chr6	58741497	58774716	16
chr6	58774716	61000000	2
chr6	61000000	62020284	25
chr6	62020284	62113008	55
chr6	62113008	65521904	55
chr6	65521904	66950992	55
chr6	66950992	67597584	55
chr6	67597584	72054880	55
chr6	72054880	75230991	58
chr6	75230991	80522799	47
chr6	80522799	80563202	47
chr6	80563202	87884520	47
chr6	87884520	88375292	39
chr6	88375292	95480551	40
chr6	95480551	95842217	40
chr6	95842217	95933750	40
chr6	95933750	98012094	52
chr6	98012094	100799996	52
chr6	100799996	101203159	52
chr6	101203159	101305321	52
chr6	101305321	101495057	52
chr6	101495057	101817143	52
chr6	101817143	102021273	52
chr6	102021273	103736403	52
chr6	103736403	103763766	52
chr6	103763766	104766923	52
chr6	104766923	107439019	52
chr6	107439019	108841869	52
chr6	108841869	119086186	52
chr6	119086186	119548063	49
chr6	119548063	119634307	46
chr6	119634307	120712097	49
chr6	120712097	125422260	78
chr6	125422260	126804828	74
chr6	126804828	127134933	78
chr6	127134933	127251431	78
chr6	127251431	133375663	78
chr6	133375663	134406078	83
chr6	134406078	148810063	71
chr6	148810063	155030541	68
chr6	155030541	168234279	68
chr6	168234279	171115067	68
chr7	0	57950944	91
chr7	57950944	59900000	49
chr7	59900000	61628365	12
chr7	61628365	68997211	92
chr7	68997211	69601610	75
chr7	69601610	75369448	92
chr7	75369448	75649166	92
chr7	75649166	84192394	92
chr7	84192394	101549306	92
chr7	101549306	107921006	95
chr7	107921006	107969104	95
chr7	107969104	112897476	95
chr7	112897476	121062961	96
chr7	121062961	125575817	96
chr7	125575817	125799990	96
chr7	125799990	133785186	96
chr7	133785186	133799000	96
chr7	133799000	159138663	95
chr8	0	680442	0
chr8	680442	3179293	8
chr8	3179293	3226317	8
chr8	3226317	3554921	8
chr8	3554921	3584129	8
chr8	3584129	3894405	8
chr8	3894405	3920715	8
chr8	3920715	4004672	8
chr8	4004672	4023336	8
chr8	4023336	4046598	8
chr8	4046598	4053804	8
chr8	4053804	4190879	8
chr8	4190879	4215513	8
chr8	4215513	4254298	8
chr8	4254298	4370901	8
chr8	4370901	5194097	8
chr8	5194097	5255630	0
chr8	5255630	7269773	8
chr8	7269773	7818414	0
chr8	7818414	12185169	8
chr8	12185169	12415663	20
chr8	12415663	12550952	8
chr8	12550952	16066526	4
chr8	16066526	17392480	8
chr8	17392480	20950631	0
chr8	20950631	24974499	0
chr8	24974499	24987712	0
chr8	24987712	29489840	0
chr8	29489840	29625691	0
chr8	29625691	29989275	0
chr8	29989275	30364980	0
chr8	30364980	30968335	0
chr8	30968335	31019422	0
chr8	31019422	31769870	0
chr8	31769870	31812043	1
chr8	31812043	32563358	5
chr8	32563358	33605091	17
chr8	33605091	33928895	5
chr8	33928895	34044015	17
chr8	34044015	35370845	5
chr8	35370845	35906972	17
chr8	35906972	36024593	29
chr8	36024593	36250057	54
chr8	36250057	37623073	43
chr8	37623073	39233131	71
chr8	39233131	39387632	83
chr8	39387632	39389077	71
chr8	39389077	39723435	71
chr8	39723435	40035614	71
chr8	40035614	40343173	83
chr8	40343173	40433207	83
chr8	40433207	40456399	71
chr8	40456399	40663836	71
chr8	40663836	40732387	83
chr8	40732387	40973409	88
chr8	40973409	41376224	88
chr8	41376224	41439962	88
chr8	41439962	41480802	88
chr8	41480802	43625008	88
chr8	43625008	43736901	88
chr8	43736901	43778914	61
chr8	43778914	45600000	6
chr8	45600000	46924211	15
chr8	46924211	46936840	32
chr8	46936840	46940022	44
chr8	46940022	51468342	98
chr8	51468342	55606765	98
chr8	55606765	66232316	98
chr8	66232316	66393843	100
chr8	66393843	66608317	100
chr8	66608317	75372723	100
chr8	75372723	76812474	98
chr8	76812474	96838539	98
chr8	96838539	115634660	99
chr8	115634660	115650748	99
chr8	115650748	127412778	99
chr8	127412778	129309448	99
chr8	129309448	130720761	99
chr8	130720761	131846262	99
chr8	131846262	131945576	99
chr8	131945576	132220744	99
chr8	132220744	132343592	99
chr8	132343592	135194562	99
chr8	135194562	136978290	99
chr8	136978290	137025377	99
chr8	137025377	140289786	99
chr8	140289786	140436764	86
chr8	140436764	146364022	99
chr9	0	632062	68
chr9	632062	657216	65
chr9	657216	1265711	68
chr9	1265711	1339754	76
chr9	1339754	3413688	71
chr9	3413688	4050513	55
chr9	4050513	9649423	71
chr9	9649423	9994597	55
chr9	9994597	10401032	71
chr9	10401032	19646367	76
chr9	19646367	22829351	71
chr9	22829351	27295705	75
chr9	27295705	28096302	71
chr9	28096302	39253112	72
chr9	39253112	46906975	86
chr9	46906975	49000000	44
chr9	49000000	65630934	1
chr9	65630934	66476379	71
chr9	66476379	66563945	70
chr9	66563945	69808723	87
chr9	69808723	70899307	75
chr9	70899307	70944166	67
chr9	70944166	72185722	53
chr9	72185722	72232657	37
chr9	72232657	78712432	53
chr9	78712432	87639368	53
chr9	87639368	103538800	53
chr9	103538800	107280973	24
chr9	107280973	107671015	50
chr9	107671015	117756719	50
chr9	117756719	123684537	50
chr9	123684537	123739373	33
chr9	123739373	125068288	50
chr9	125068288	125478672	33
chr9	125478672	140224012	50
chr9	140224012	140371579	64
chr9	140371579	141004248	50
chr9	141004248	141213431	64
chr10	0	153897	54
chr10	153897	429978	54
chr10	429978	679124	54
chr10	679124	1170630	54
chr10	1170630	1643183	54
chr10	1643183	1754840	87
chr10	1754840	1824437	87
chr10	1824437	2579177	54
chr10	2579177	3306956	87
chr10	3306956	3710874	87
chr10	3710874	3818427	87
chr10	3818427	4032108	87
chr10	4032108	4331863	87
chr10	4331863	4441758	98
chr10	4441758	5164218	98
chr10	5164218	5384919	98
chr10	5384919	6340681	98
chr10	6340681	6430679	98
chr10	6430679	6916616	98
chr10	6916616	6924142	98
chr10	6924142	6948174	87
chr10	6948174	7041695	87
chr10	7041695	7157084	87
chr10	7157084	9086237	87
chr10	9086237	11120708	87
chr10	11120708	11494507	87
chr10	11494507	12443562	87
chr10	12443562	12601456	87
chr10	12601456	13010234	87
chr10	13010234	13080209	87
chr10	13080209	13668000	87
chr10	13668000	13706487	87
chr10	13706487	14573952	87
chr10	14573952	14680125	87
chr10	14680125	16348848	87
chr10	16348848	16389715	87
chr10	16389715	18485423	87
chr10	18485423	20022819	54
chr10	20022819	20213555	87
chr10	20213555	20352834	54
chr10	20352834	21251885	87
chr10	21251885	21296407	87
chr10	21296407	22365355	87
chr10	22365355	22392377	70
chr10	22392377	24377988	87
chr10	24377988	24516146	70
chr10	24516146	24558162	54
chr10	24558162	28631463	87
chr10	28631463	28855133	54
chr10	28855133	30593551	87
chr10	30593551	30689846	98
chr10	30689846	31033523	98
chr10	31033523	31125749	98
chr10	31125749	31356824	98
chr10	31356824	33312014	98
chr10	33312014	37724226	82
chr10	37724226	37932412	65
chr10	37932412	37990953	65
chr10	37990953	38598453	65
chr10	38598453	39000378	82
chr10	39000378	39050890	42
chr10	39050890	40200000	17
chr10	40200000	42433540	4
chr10	42433540	42522927	16
chr10	42522927	42826570	69
chr10	42826570	42853087	69
chr10	42853087	44960943	52
chr10	44960943	45093077	69
chr10	45093077	46256575	52
chr10	46256575	47051627	23
chr10	47051627	47067454	56
chr10	47067454	47132175	23
chr10	47132175	47587334	23
chr10	47587334	47608413	40
chr10	47608413	47743509	40
chr10	47743509	49384613	40
chr10	49384613	50836669	23
chr10	50836669	50983201	40
chr10	50983201	51545588	23
chr10	51545588	52792058	56
chr10	52792058	52806425	40
chr10	52806425	54117330	56
chr10	54117330	54427694	56
chr10	54427694	55353378	56
chr10	55353378	55886355	56
chr10	55886355	55971805	56
chr10	55971805	56322201	56
chr10	56322201	56429174	56
chr10	56429174	57076084	56
chr10	57076084	57223356	56
chr10	57223356	57439264	56
chr10	57439264	57979462	40
chr10	57979462	57996418	40
chr10	57996418	58504215	40
chr10	58504215	58511534	56
chr10	58511534	58644348	56
chr10	58644348	59252591	56
chr10	59252591	66539408	56
chr10	66539408	67255760	56
chr10	67255760	67305601	56
chr10	67305601	67343762	27
chr10	67343762	67773258	27
chr10	67773258	67929251	27
chr10	67929251	68024918	27
chr10	68024918	68281983	27
chr10	68281983	69515049	56
chr10	69515049	69805911	56
chr10	69805911	74720295	56
chr10	74720295	74832518	65
chr10	74832518	75057167	65
chr10	75057167	75313035	65
chr10	75313035	75955539	65
chr10	75955539	76088674	65
chr10	76088674	76254138	65
chr10	76254138	76380556	65
chr10	76380556	78912430	65
chr10	78912430	83052157	65
chr10	83052157	83152633	65
chr10	83152633	83458861	65
chr10	83458861	89657882	59
chr10	89657882	89726006	59
chr10	89726006	95596556	59
chr10	95596556	96132136	59
chr10	96132136	96424920	59
chr10	96424920	105233224	59
chr10	105233224	109815671	42
chr10	109815671	109958125	42
chr10	109958125	114912758	42
chr10	114912758	116874195	59
chr10	116874195	117378819	59
chr10	117378819	135534747	59
chr11	0	4967523	55
chr11	4967523	4976840	66
chr11	4976840	8141251	55
chr11	8141251	8181560	38
chr11	8181560	12050317	55
chr11	12050317	12166174	66
chr11	12166174	15980942	55
chr11	15980942	16047713	38
chr11	16047713	19654835	55
chr11	19654835	22036089	66
chr11	22036089	22232715	66
chr11	22232715	24510950	55
chr11	24510950	24518590	66
chr11	24518590	28812051	55
chr11	28812051	29124177	66
chr11	29124177	29726243	66
chr11	29726243	39513366	66
chr11	39513366	39665990	50
chr11	39665990	40642672	66
chr11	40642672	40651302	55
chr11	40651302	43925595	66
chr11	43925595	44025631	66
chr11	44025631	45910012	66
chr11	45910012	48710431	83
chr11	48710431	51193960	83
chr11	51193960	51460631	71
chr11	51460631	51518519	31
chr11	51518519	53700000	0
chr11	53700000	54789042	48
chr11	54789042	54794667	76
chr11	54794667	71362523	90
chr11	71362523	74366061	90
chr11	74366061	77725463	90
chr11	77725463	83767051	95
chr11	83767051	83952330	78
chr11	83952330	85974232	95
chr11	85974232	86198069	78
chr11	86198069	104451028	95
chr11	104451028	104573716	78
chr11	104573716	116854336	95
chr11	116854336	135006516	94
chr12	0	275047	91
chr12	275047	6182790	91
chr12	6182790	6239858	91
chr12	6239858	6365695	91
chr12	6365695	6521337	91
chr12	6521337	8557591	91
chr12	8557591	8589669	91
chr12	8589669	22132286	91
chr12	22132286	22573057	91
chr12	22573057	27559922	91
chr12	27559922	27643329	91
chr12	27643329	27650132	91
chr12	27650132	27815955	91
chr12	27815955	28238395	91
chr12	28238395	28535276	91
chr12	28535276	29424149	91
chr12	29424149	29579693	91
chr12	29579693	29666981	91
chr12	29666981	29771987	91
chr12	29771987	29919687	91
chr12	29919687	30236539	91
chr12	30236539	30240093	91
chr12	30240093	30258702	91
chr12	30258702	30339710	91
chr12	30339710	30469106	91
chr12	30469106	30629517	91
chr12	30629517	30753606	91
chr12	30753606	30968031	91
chr12	30968031	31636612	91
chr12	31636612	31866929	91
chr12	31866929	32297416	91
chr12	32297416	32337386	91
chr12	32337386	32530094	91
chr12	32530094	32750452	91
chr12	32750452	33118052	91
chr12	33118052	33244118	91
chr12	33244118	33353296	91
chr12	33353296	33495221	91
chr12	33495221	33702688	91
chr12	33702688	33856389	91
chr12	33856389	33932612	91
chr12	33932612	34461441	91
chr12	34461441	34697627	91
chr12	34697627	34756673	91
chr12	34756673	34758033	77
chr12	34758033	34758266	60
chr12	34758266	35800000	48
chr12	35800000	37880478	20
chr12	37880478	37959632	36
chr12	37959632	38134752	61
chr12	38134752	39045956	61
chr12	39045956	40129067	61
chr12	40129067	40255239	61
chr12	40255239	40310531	61
chr12	40310531	40352460	61
chr12	40352460	40578051	61
chr12	40578051	40974115	61
chr12	40974115	41764496	61
chr12	41764496	41993943	61
chr12	41993943	42116488	61
chr12	42116488	45859295	61
chr12	45859295	46079540	94
chr12	46079540	46673983	94
chr12	46673983	47094832	94
chr12	47094832	47441946	95
chr12	47441946	47779004	69
chr12	47779004	52479987	61
chr12	52479987	54785937	63
chr12	54785937	58706920	90
chr12	58706920	58770325	65
chr12	58770325	58873038	65
chr12	58873038	59513055	65
chr12	59513055	59916705	65
chr12	59916705	60243534	65
chr12	60243534	61115392	65
chr12	61115392	61761955	65
chr12	61761955	61894494	65
chr12	61894494	62276487	65
chr12	62276487	62279623	65
chr12	62279623	62378154	65
chr12	62378154	62436850	65
chr12	62436850	62539003	65
chr12	62539003	62669684	65
chr12	62669684	62787019	65
chr12	62787019	63011773	65
chr12	63011773	63185953	65
chr12	63185953	63611063	65
chr12	63611063	63705108	65
chr12	63705108	63790198	65
chr12	63790198	64403321	65
chr12	64403321	64972284	65
chr12	64972284	65119516	65
chr12	65119516	65235814	65
chr12	65235814	65326883	65
chr12	65326883	65378107	65
chr12	65378107	65593069	65
chr12	65593069	65679393	65
chr12	65679393	65848342	65
chr12	65848342	66176963	65
chr12	66176963	66294884	65
chr12	66294884	67136971	65
chr12	67136971	67288789	65
chr12	67288789	67370886	65
chr12	67370886	67472181	65
chr12	67472181	67877761	65
chr12	67877761	68054050	65
chr12	68054050	68196838	65
chr12	68196838	68333722	65
chr12	68333722	68557087	65
chr12	68557087	68796774	65
chr12	68796774	69346396	65
chr12	69346396	69579714	65
chr12	69579714	69715961	65
chr12	69715961	70056514	65
chr12	70056514	70506001	65
chr12	70506001	70601304	65
chr12	70601304	70734537	65
chr12	70734537	70934166	65
chr12	70934166	71037378	65
chr12	71037378	80161598	65
chr12	80161598	117905007	56
chr12	117905007	123656091	56
chr12	123656091	128922570	57
chr12	128922570	133851895	57
chr13	0	17900000	0
chr13	17900000	19123483	42
chr13	19123483	20348133	73
chr13	20348133	21720797	61
chr13	21720797	23168301	45
chr13	23168301	23501979	61
chr13	23501979	23762063	40
chr13	23762063	32248480	7
chr13	32248480	36342654	24
chr13	36342654	36458692	7
chr13	36458692	40688213	24
chr13	40688213	41973384	7
chr13	41973384	42048050	19
chr13	42048050	42193732	5
chr13	42193732	43587554	19
chr13	43587554	43753586	38
chr13	43753586	44249974	49
chr13	44249974	44568443	38
chr13	44568443	44712470	49
chr13	44712470	47014621	38
chr13	47014621	51943561	26
chr13	51943561	59538517	7
chr13	59538517	65073443	30
chr13	65073443	73850175	56
chr13	73850175	78604732	73
chr13	78604732	78660180	56
chr13	78660180	90770998	73
chr13	90770998	93512783	90
chr13	93512783	114776272	97
chr13	114776272	115169878	63
chr14	0	17600000	0
chr14	17600000	19108176	12
chr14	19108176	19331357	55
chr14	19331357	22846380	55
chr14	22846380	30251057	54
chr14	30251057	31382195	54
chr14	31382195	36632564	54
chr14	36632564	36796376	38
chr14	36796376	42268927	54
chr14	42268927	42421779	21
chr14	42421779	51655044	54
chr14	51655044	51695476	38
chr14	51695476	51753421	70
chr14	51753421	55348235	87
chr14	55348235	57160836	73
chr14	57160836	57786311	65
chr14	57786311	62406761	79
chr14	62406761	68904483	75
chr14	68904483	68915435	46
chr14	68915435	69038380	30
chr14	69038380	70287519	46
chr14	70287519	70383228	30
chr14	70383228	72050462	46
chr14	72050462	74097146	51
chr14	74097146	86482178	83
chr14	86482178	86603121	67
chr14	86603121	94942328	83
chr14	94942328	94983348	67
chr14	94983348	103375152	83
chr14	103375152	103469657	67
chr14	103469657	103874697	83
chr14	103874697	104556454	67
chr14	104556454	105162330	83
chr14	105162330	107052443	89
chr14	107052443	107349540	85
chr15	0	19000000	0
chr15	19000000	20071673	1
chr15	20071673	20101641	29
chr15	20101641	25318258	51
chr15	25318258	32429779	50
chr15	32429779	32619833	33
chr15	32619833	34460808	50
chr15	34460808	34719879	58
chr15	34719879	34876130	44
chr15	34876130	39834211	58
chr15	39834211	39918543	42
chr15	39918543	40173999	58
chr15	40173999	44814471	54
chr15	44814471	44947813	21
chr15	44947813	45279197	54
chr15	45279197	45994736	49
chr15	45994736	47730501	47
chr15	47730501	47844253	42
chr15	47844253	49034844	45
chr15	49034844	53241025	53
chr15	53241025	53247053	37
chr15	53247053	53422905	31
chr15	53422905	54591635	48
chr15	54591635	55521655	55
chr15	55521655	56383366	41
chr15	56383366	62429098	39
chr15	62429098	62434154	22
chr15	62434154	67535628	39
chr15	67535628	67792504	22
chr15	67792504	69199766	39
chr15	69199766	69288563	22
chr15	69288563	70112169	39
chr15	70112169	70959565	36
chr15	70959565	72495934	19
chr15	72495934	73357636	36
chr15	73357636	76478737	39
chr15	76478737	76945004	41
chr15	76945004	79891023	39
chr15	79891023	79967030	22
chr15	79967030	80298262	39
chr15	80298262	84197723	53
chr15	84197723	84408552	36
chr15	84408552	86703599	53
chr15	86703599	92051342	46
chr15	92051342	92255559	29
chr15	92255559	97341999	46
chr15	97341999	97860329	50
chr15	97860329	100371638	55
chr15	100371638	100438718	27
chr15	100438718	100735935	55
chr15	100735935	101057527	41
chr15	101057527	102531392	55
chr16	0	2930605	49
chr16	2930605	6653856	38
chr16	6653856	7288415	26
chr16	7288415	10303152	26
chr16	10303152	10750670	50
chr16	10750670	16291900	53
chr16	16291900	16610388	36
chr16	16610388	16734927	36
chr16	16734927	17234816	36
chr16	17234816	17950818	20
chr16	17950818	18606531	19
chr16	18606531	19129582	19
chr16	19129582	19835263	8
chr16	19835263	21734800	3
chr16	21734800	26821980	20
chr16	26821980	31265232	0
chr16	31265232	31368770	2
chr16	31368770	31790526	31
chr16	31790526	35046160	44
chr16	35046160	35183806	44
chr16	35183806	36600000	19
chr16	36600000	46491374	3
chr16	46491374	51511358	29
chr16	51511358	52445207	29
chr16	52445207	52552485	12
chr16	52552485	56039894	29
chr16	56039894	56163273	12
chr16	56163273	57183494	29
chr16	57183494	57636256	18
chr16	57636256	58240378	29
chr16	58240378	60148589	21
chr16	60148589	60621186	4
chr16	60621186	62777209	21
chr16	62777209	63024323	4
chr16	63024323	63717762	21
chr16	63717762	64614138	4
chr16	64614138	66808941	21
chr16	66808941	69976262	9
chr16	69976262	70312926	17
chr16	70312926	70855347	48
chr16	70855347	71195835	76
chr16	71195835	71201787	44
chr16	71201787	71202637	11
chr16	71202637	72548377	0
chr16	72548377	73740360	16
chr16	73740360	75279878	23
chr16	75279878	75578064	7
chr16	75578064	77786096	23
chr16	77786096	80226743	7
chr16	80226743	82945964	23
chr16	82945964	83119602	7
chr16	83119602	89366137	23
chr16	89366137	89529148	12
chr16	89529148	90354753	35
chr17	0	1234674	60
chr17	1234674	1725188	61
chr17	1725188	2367081	50
chr17	2367081	4931170	61
chr17	4931170	7691307	57
chr17	7691307	7789324	57
chr17	7789324	7910401	57
chr17	7910401	8040336	57
chr17	8040336	8675508	56
chr17	8675508	9156195	56
chr17	9156195	14192724	44
chr17	14192724	14342584	44
chr17	14342584	17864617	44
chr17	17864617	18360318	14
chr17	18360318	18464904	7
chr17	18464904	18519923	18
chr17	18519923	19776130	13
chr17	19776130	21169819	66
chr17	21169819	21978184	21
chr17	21978184	22062395	21
chr17	22062395	22217883	5
chr17	22217883	24000000	0
chr17	24000000	25311244	27
chr17	25311244	25470867	57
chr17	25470867	27612685	57
chr17	27612685	29281748	55
chr17	29281748	29434756	43
chr17	29434756	31099374	55
chr17	31099374	31196977	55
chr17	31196977	31488698	55
chr17	31488698	33031371	55
chr17	33031371	34531888	55
chr17	34531888	39423020	63
chr17	39423020	39432782	51
chr17	39432782	43580338	63
chr17	43580338	43659928	59
chr17	43659928	44514476	63
chr17	44514476	46225938	75
chr17	46225938	60889237	77
chr17	60889237	61533386	61
chr17	61533386	63072114	77
chr17	63072114	64888304	89
chr17	64888304	64889366	75
chr17	64889366	71744878	89
chr17	71744878	71756214	55
chr17	71756214	79923786	89
chr17	79923786	80489307	81
chr17	80489307	80559739	70
chr17	80559739	80813319	81
chr17	80813319	81195210	58
chr18	0	1099898	64
chr18	1099898	1260476	64
chr18	1260476	2321484	64
chr18	2321484	2527138	64
chr18	2527138	14944897	64
chr18	14944897	15143714	64
chr18	15143714	15195264	64
chr18	15195264	15307817	64
chr18	15307817	17200000	22
chr18	17200000	18560354	12
chr18	18560354	18611243	54
chr18	18611243	18946505	51
chr18	18946505	20020420	51
chr18	20020420	20149638	39
chr18	20149638	25295129	77
chr18	25295129	25380441	75
chr18	25380441	25842421	58
chr18	25842421	25924670	26
chr18	25924670	29924198	35
chr18	29924198	34428297	9
chr18	34428297	37633620	33
chr18	37633620	38176298	45
chr18	38176298	38252320	33
chr18	38252320	38258089	53
chr18	38258089	45461810	69
chr18	45461810	46012407	53
chr18	46012407	46017080	39
chr18	46017080	47172495	53
chr18	47172495	48678040	50
chr18	48678040	54588813	32
chr18	54588813	54621305	16
chr18	54621305	64086964	32
chr18	64086964	64936904	28
chr18	64936904	64966426	44
chr18	64966426	78077248	28
chr19	0	1171070	53
chr19	1171070	1364878	51
chr19	1364878	5689936	57
chr19	5689936	5957480	74
chr19	5957480	9372815	74
chr19	9372815	9538539	74
chr19	9538539	9563394	74
chr19	9563394	10619429	85
chr19	10619429	11652329	85
chr19	11652329	12883475	85
chr19	12883475	16290855	86
chr19	16290855	16563144	86
chr19	16563144	17032804	86
chr19	17032804	17249269	86
chr19	17249269	17257162	69
chr19	17257162	17748546	86
chr19	17748546	18704273	86
chr19	18704273	18864240	86
chr19	18864240	19209722	86
chr19	19209722	19919885	86
chr19	19919885	20037564	87
chr19	20037564	20325330	87
chr19	20325330	20468482	70
chr19	20468482	20826834	87
chr19	20826834	22062345	70
chr19	22062345	22444609	87
chr19	22444609	23341050	93
chr19	23341050	24521623	52
chr19	24521623	26500000	10
chr19	26500000	27828664	42
chr19	27828664	27838898	56
chr19	27838898	28195024	84
chr19	28195024	28663612	84
chr19	28663612	29214805	67
chr19	29214805	29842823	67
chr19	29842823	31028724	67
chr19	31028724	31720619	67
chr19	31720619	31967810	39
chr19	31967810	32060197	66
chr19	32060197	32230505	49
chr19	32230505	32358808	49
chr19	32358808	33485483	66
chr19	33485483	33567576	66
chr19	33567576	33839762	54
chr19	33839762	35139422	71
chr19	35139422	37274608	82
chr19	37274608	37815600	71
chr19	37815600	38081411	82
chr19	38081411	38323140	82
chr19	38323140	38390975	82
chr19	38390975	38400423	82
chr19	38400423	38541691	66
chr19	38541691	40873388	82
chr19	40873388	41839701	71
chr19	41839701	42374031	54
chr19	42374031	43289527	66
chr19	43289527	45609490	66
chr19	45609490	45645724	66
chr19	45645724	47378429	55
chr19	47378429	48739580	30
chr19	48739580	50565249	57
chr19	50565249	50848857	28
chr19	50848857	52252016	44
chr19	52252016	52587143	28
chr19	52587143	53030016	44
chr19	53030016	53750500	28
chr19	53750500	56497584	46
chr19	56497584	56552083	29
chr19	56552083	56701281	46
chr19	56701281	58485284	29
chr19	58485284	59128983	62
chr20	0	1557228	86
chr20	1557228	1587677	86
chr20	1587677	2188026	86
chr20	2188026	2396902	86
chr20	2396902	3572798	86
chr20	3572798	3612025	86
chr20	3612025	3795064	86
chr20	3795064	3843819	86
chr20	3843819	5917070	86
chr20	5917070	5969479	86
chr20	5969479	7640877	86
chr20	7640877	7681600	86
chr20	7681600	8386370	86
chr20	8386370	8440396	90
chr20	8440396	8517922	90
chr20	8517922	9105928	90
chr20	9105928	9162652	90
chr20	9162652	9912218	90
chr20	9912218	10064534	90
chr20	10064534	11073946	90
chr20	11073946	11428730	90
chr20	11428730	12607312	90
chr20	12607312	12823097	62
chr20	12823097	14454325	90
chr20	14454325	14549226	90
chr20	14549226	15237131	90
chr20	15237131	15351765	90
chr20	15351765	15873189	90
chr20	15873189	15957261	90
chr20	15957261	16964809	90
chr20	16964809	17026267	90
chr20	17026267	17075789	90
chr20	17075789	17139117	90
chr20	17139117	17343615	90
chr20	17343615	17368461	90
chr20	17368461	18683929	90
chr20	18683929	18710352	90
chr20	18710352	18768900	90
chr20	18768900	18976324	90
chr20	18976324	19210122	90
chr20	19210122	19354641	90
chr20	19354641	19505632	90
chr20	19505632	19571046	90
chr20	19571046	22068367	90
chr20	22068367	22156426	90
chr20	22156426	22167481	96
chr20	22167481	22656862	96
chr20	22656862	22825618	96
chr20	22825618	22988951	96
chr20	22988951	23814025	96
chr20	23814025	23867861	96
chr20	23867861	25046292	96
chr20	25046292	26222699	96
chr20	26222699	26239964	82
chr20	26239964	26253682	42
chr20	26253682	26289925	30
chr20	26289925	27500000	13
chr20	27500000	29471217	11
chr20	29471217	29529915	39
chr20	29529915	29835037	53
chr20	29835037	30096644	98
chr20	30096644	31459628	98
chr20	31459628	31622660	98
chr20	31622660	31739142	98
chr20	31739142	31958081	98
chr20	31958081	35023735	98
chr20	35023735	37541422	98
chr20	37541422	37618815	98
chr20	37618815	49012022	98
chr20	49012022	49150929	98
chr20	49150929	51007473	98
chr20	51007473	51190846	98
chr20	51190846	51264877	98
chr20	51264877	51317137	98
chr20	51317137	52485414	98
chr20	52485414	62530136	98
chr20	62530136	63025520	98
chr21	0	9764385	4
chr21	9764385	11018120	47
chr21	11018120	11083847	21
chr21	11083847	13200000	4
chr21	13200000	14446700	2
chr21	14446700	20384431	83
chr21	20384431	26035969	71
chr21	26035969	29612849	83
chr21	29612849	48129895	79
chr22	0	14700000	0
chr22	14700000	16058758	0
chr22	16058758	16151161	0
chr22	16151161	16252327	71
chr22	16252327	16634441	71
chr22	16634441	16646114	55
chr22	16646114	17021011	43
chr22	17021011	18885883	20
chr22	18885883	21460465	31
chr22	21460465	21461405	14
chr22	21461405	21840523	3
chr22	21840523	23091939	20
chr22	23091939	23852419	31
chr22	23852419	24301545	32
chr22	24301545	24337628	28
chr22	24337628	24342599	11
chr22	24342599	24399172	0
chr22	24399172	24402599	15
chr22	24402599	25164258	32
chr22	25164258	25649730	31
chr22	25649730	25748756	15
chr22	25748756	25925132	3
chr22	25925132	28644750	20
chr22	28644750	28784002	3
chr22	28784002	31236881	20
chr22	31236881	32401954	17
chr22	32401954	34244892	28
chr22	34244892	39361761	26
chr22	39361761	39688494	2
chr22	39688494	41530061	0
chr22	41530061	41744587	0
chr22	41744587	45210189	0
chr22	45210189	46488059	0
chr22	46488059	46628097	0
chr22	46628097	47784280	0
chr22	47784280	47943645	0
chr22	47943645	48526833	0
chr22	48526833	48611899	0
chr22	48611899	51185054	0
chr22	51185054	51304566	0
chrX	0	892488	0
chrX	892488	1612530	9
chrX	1612530	1837799	0
chrX	1837799	2390294	0
chrX	2390294	8264534	0
chrX	8264534	8313345	0
chrX	8313345	25233759	0
chrX	25233759	25389986	0
chrX	25389986	26010015	0
chrX	26010015	27239895	0
chrX	27239895	32799132	0
chrX	32799132	33003497	0
chrX	33003497	34007906	0
chrX	34007906	36386784	0
chrX	36386784	38171457	0
chrX	38171457	41286891	0
chrX	41286891	42335823	0
chrX	42335823	48514073	0
chrX	48514073	48643065	0
chrX	48643065	50167847	0
chrX	50167847	50825614	0
chrX	50825614	51251839	0
chrX	51251839	53788459	0
chrX	53788459	54014040	3
chrX	54014040	55127871	0
chrX	55127871	55929147	3
chrX	55929147	56299670	0
chrX	56299670	58344892	0
chrX	58344892	58366170	28
chrX	58366170	59298906	56
chrX	59298906	59336852	30
chrX	59336852	60600000	14
chrX	60600000	61818199	20
chrX	61818199	62269023	17
chrX	62269023	65262175	1
chrX	65262175	66287475	0
chrX	66287475	66398629	0
chrX	66398629	66516961	0
chrX	66516961	70325463	0
chrX	70325463	71117023	0
chrX	71117023	73185515	0
chrX	73185515	74749775	0
chrX	74749775	76474790	0
chrX	76474790	79547283	0
chrX	79547283	79905446	0
chrX	79905446	80725052	0
chrX	80725052	80936716	0
chrX	80936716	98288661	0
chrX	98288661	98495659	0
chrX	98495659	101204182	0
chrX	101204182	101335322	0
chrX	101335322	102295558	0
chrX	102295558	102393190	0
chrX	102393190	103255888	0
chrX	103255888	103316430	0
chrX	103316430	109049476	0
chrX	109049476	109261398	0
chrX	109261398	109363204	0
chrX	109363204	110033009	0
chrX	110033009	115307167	0
chrX	115307167	115661326	0
chrX	115661326	119569619	0
chrX	119569619	119885309	0
chrX	119885309	124992438	0
chrX	124992438	125289779	0
chrX	125289779	125606313	0
chrX	125606313	125673405	0
chrX	125673405	125751379	0
chrX	125751379	126292252	0
chrX	126292252	127145780	4
chrX	127145780	127372277	0
chrX	127372277	127690000	4
chrX	127690000	128634652	0
chrX	128634652	128973683	4
chrX	128973683	129110774	0
chrX	129110774	129747769	4
chrX	129747769	134840824	0
chrX	134840824	134887205	0
chrX	134887205	143181293	0
chrX	143181293	143273300	15
chrX	143273300	144129747	0
chrX	144129747	144151250	0
chrX	144151250	151031147	0
chrX	151031147	155270560	21
chrY	0	12500000	0
chrY	12500000	59373566	0