Chromosome Region	Start	End	gain
chr1	0	469361	69
chr1	469361	2539595	86
chr1	2539595	7656581	69
chr1	7656581	8060881	55
chr1	8060881	9118725	69
chr1	9118725	12040015	86
chr1	12040015	17094047	69
chr1	17094047	19646378	66
chr1	19646378	20672828	66
chr1	20672828	22707072	66
chr1	22707072	24667178	66
chr1	24667178	27644054	66
chr1	27644054	27983462	83
chr1	27983462	29495704	79
chr1	29495704	32175163	62
chr1	32175163	33390994	67
chr1	33390994	33452499	50
chr1	33452499	35300390	67
chr1	35300390	41200272	81
chr1	41200272	42001372	81
chr1	42001372	45080613	81
chr1	45080613	45855175	81
chr1	45855175	51432963	97
chr1	51432963	51595735	81
chr1	51595735	54794374	97
chr1	54794374	60269846	93
chr1	60269846	60439855	93
chr1	60439855	60535396	93
chr1	60535396	61117521	93
chr1	61117521	61409376	93
chr1	61409376	61949249	93
chr1	61949249	62253328	93
chr1	62253328	62666111	93
chr1	62666111	62944861	93
chr1	62944861	63552801	93
chr1	63552801	63743427	93
chr1	63743427	63858911	93
chr1	63858911	64357941	93
chr1	64357941	64654624	93
chr1	64654624	64813004	93
chr1	64813004	65215360	93
chr1	65215360	65340900	93
chr1	65340900	65659212	93
chr1	65659212	66272729	93
chr1	66272729	66586994	93
chr1	66586994	66731534	93
chr1	66731534	66775665	93
chr1	66775665	67003335	93
chr1	67003335	67047906	93
chr1	67047906	67926509	93
chr1	67926509	68085652	89
chr1	68085652	68644748	89
chr1	68644748	69307931	89
chr1	69307931	69744419	89
chr1	69744419	70000332	89
chr1	70000332	70106485	89
chr1	70106485	70131700	89
chr1	70131700	75738650	89
chr1	75738650	75850493	72
chr1	75850493	85553691	89
chr1	85553691	95388034	89
chr1	95388034	95505579	72
chr1	95505579	111031650	89
chr1	111031650	111383280	97
chr1	111383280	112246931	97
chr1	112246931	112289343	97
chr1	112289343	117914536	97
chr1	117914536	118056497	97
chr1	118056497	120476169	97
chr1	120476169	120551476	97
chr1	120551476	120741258	45
chr1	120741258	121185034	45
chr1	121185034	121291080	31
chr1	121291080	125000000	15
chr1	125000000	143458436	28
chr1	143458436	145116735	58
chr1	145116735	145181807	58
chr1	145181807	151993276	58
chr1	151993276	152549861	42
chr1	152549861	152590614	72
chr1	152590614	153545516	77
chr1	153545516	155333627	94
chr1	155333627	155585469	94
chr1	155585469	155682741	94
chr1	155682741	155922206	94
chr1	155922206	158815560	94
chr1	158815560	158894856	94
chr1	158894856	174128788	94
chr1	174128788	174400051	80
chr1	174400051	176294530	94
chr1	176294530	180619295	94
chr1	180619295	183237145	59
chr1	183237145	186526866	94
chr1	186526866	203010579	94
chr1	203010579	204529763	94
chr1	204529763	227536324	94
chr1	227536324	227850156	94
chr1	227850156	228037701	94
chr1	228037701	228435421	94
chr1	228435421	236440476	94
chr1	236440476	236585194	94
chr1	236585194	237734537	94
chr1	237734537	237820577	94
chr1	237820577	241952051	94
chr1	241952051	242012816	94
chr1	242012816	242837484	94
chr1	242837484	242872260	94
chr1	242872260	243842974	94
chr1	243842974	243963380	94
chr1	243963380	245944223	94
chr1	245944223	245952755	77
chr1	245952755	246278221	94
chr1	246278221	246389275	80
chr1	246389275	246779170	94
chr1	246779170	246853177	94
chr1	246853177	248365649	94
chr1	248365649	249250621	94
chr2	0	342200	56
chr2	342200	416444	91
chr2	416444	3044334	74
chr2	3044334	3210894	91
chr2	3210894	4209776	74
chr2	4209776	4223340	91
chr2	4223340	15680997	74
chr2	15680997	15732179	91
chr2	15732179	28575274	74
chr2	28575274	29037579	91
chr2	29037579	29421526	74
chr2	29421526	29457191	91
chr2	29457191	33099660	74
chr2	33099660	33215549	58
chr2	33215549	34656404	74
chr2	34656404	34737116	91
chr2	34737116	41238339	74
chr2	41238339	41251249	58
chr2	41251249	41257596	91
chr2	41257596	41600920	74
chr2	41600920	43383294	91
chr2	43383294	58306409	97
chr2	58306409	58392501	81
chr2	58392501	87326504	97
chr2	87326504	88351344	93
chr2	88351344	90082301	98
chr2	90082301	90301276	46
chr2	90301276	91627978	15
chr2	91627978	91704724	32
chr2	91704724	92193296	46
chr2	92193296	92275027	32
chr2	92275027	93300000	15
chr2	93300000	95341388	16
chr2	95341388	95421697	33
chr2	95421697	95439958	47
chr2	95439958	101534111	98
chr2	101534111	107182011	93
chr2	107182011	108874238	93
chr2	108874238	108913516	79
chr2	108913516	113860516	93
chr2	113860516	114019590	93
chr2	114019590	141798906	93
chr2	141798906	142010576	79
chr2	142010576	142756371	93
chr2	142756371	143285126	93
chr2	143285126	149014382	93
chr2	149014382	163318590	95
chr2	163318590	164232215	95
chr2	164232215	164947649	95
chr2	164947649	170300351	78
chr2	170300351	171094887	64
chr2	171094887	171510997	78
chr2	171510997	171813078	95
chr2	171813078	175627453	78
chr2	175627453	176993768	74
chr2	176993768	180408999	74
chr2	180408999	180413367	58
chr2	180413367	180423890	58
chr2	180423890	180613936	74
chr2	180613936	180808090	74
chr2	180808090	180920862	74
chr2	180920862	181133576	74
chr2	181133576	181379907	74
chr2	181379907	182072411	74
chr2	182072411	182499009	74
chr2	182499009	182587758	74
chr2	182587758	183332749	74
chr2	183332749	183910188	74
chr2	183910188	186781053	71
chr2	186781053	186872333	54
chr2	186872333	187481423	71
chr2	187481423	187567673	88
chr2	187567673	188159389	71
chr2	188159389	212348674	88
chr2	212348674	213680975	88
chr2	213680975	213797073	60
chr2	213797073	220576527	88
chr2	220576527	231959482	71
chr2	231959482	232111213	88
chr2	232111213	232205555	71
chr2	232205555	233054065	57
chr2	233054065	234205549	71
chr2	234205549	239410117	88
chr2	239410117	241462146	54
chr2	241462146	241958042	71
chr2	241958042	243199373	88
chr3	0	289061	88
chr3	289061	394599	88
chr3	394599	416497	88
chr3	416497	1421844	72
chr3	1421844	2118775	72
chr3	2118775	4348110	72
chr3	4348110	4381438	55
chr3	4381438	6648836	72
chr3	6648836	6654205	55
chr3	6654205	7269189	72
chr3	7269189	7298208	72
chr3	7298208	7832478	72
chr3	7832478	8097987	55
chr3	8097987	9365508	72
chr3	9365508	9571656	72
chr3	9571656	16297735	72
chr3	16297735	16476299	72
chr3	16476299	17386801	72
chr3	17386801	17814612	72
chr3	17814612	22272172	72
chr3	22272172	22296555	72
chr3	22296555	23071672	72
chr3	23071672	24652625	75
chr3	24652625	24766455	75
chr3	24766455	26704572	75
chr3	26704572	28684951	77
chr3	28684951	33456501	75
chr3	33456501	33476584	75
chr3	33476584	40584675	75
chr3	40584675	49867825	58
chr3	49867825	50215032	75
chr3	50215032	50366111	92
chr3	50366111	52140332	75
chr3	52140332	52385602	92
chr3	52385602	52542610	60
chr3	52542610	62246702	43
chr3	62246702	62470984	60
chr3	62470984	64362682	43
chr3	64362682	64417227	43
chr3	64417227	64524527	43
chr3	64524527	64550402	26
chr3	64550402	66984060	43
chr3	66984060	67136440	43
chr3	67136440	68728890	43
chr3	68728890	68748866	60
chr3	68748866	73095750	43
chr3	73095750	76419081	74
chr3	76419081	76530659	74
chr3	76530659	76742330	74
chr3	76742330	77075624	74
chr3	77075624	77508413	74
chr3	77508413	77602286	74
chr3	77602286	77995922	74
chr3	77995922	78184971	74
chr3	78184971	78456166	74
chr3	78456166	78504223	74
chr3	78504223	78686140	74
chr3	78686140	78825084	74
chr3	78825084	80054154	74
chr3	80054154	80473819	74
chr3	80473819	81230654	74
chr3	81230654	81322575	74
chr3	81322575	82722632	74
chr3	82722632	83023350	77
chr3	83023350	84074913	77
chr3	84074913	84101266	94
chr3	84101266	84253299	94
chr3	84253299	84567829	94
chr3	84567829	84647730	91
chr3	84647730	85502017	91
chr3	85502017	85629664	91
chr3	85629664	85889099	91
chr3	85889099	85964393	91
chr3	85964393	86378042	91
chr3	86378042	86888129	91
chr3	86888129	87235624	91
chr3	87235624	87608862	91
chr3	87608862	88675096	91
chr3	88675096	89050411	94
chr3	89050411	89267440	94
chr3	89267440	89338185	94
chr3	89338185	89386954	94
chr3	89386954	89423151	94
chr3	89423151	89671340	94
chr3	89671340	90025004	94
chr3	90025004	91000000	94
chr3	91000000	93548479	46
chr3	93548479	94003849	77
chr3	94003849	94770456	77
chr3	94770456	95310868	77
chr3	95310868	95473818	77
chr3	95473818	95507646	77
chr3	95507646	96322466	60
chr3	96322466	96353435	60
chr3	96353435	96469837	60
chr3	96469837	98008026	60
chr3	98008026	98532775	44
chr3	98532775	98729852	44
chr3	98729852	100195909	44
chr3	100195909	100456631	44
chr3	100456631	100517430	44
chr3	100517430	101728793	60
chr3	101728793	103071494	44
chr3	103071494	103162424	44
chr3	103162424	103663732	44
chr3	103663732	103851022	44
chr3	103851022	104488229	44
chr3	104488229	104621500	44
chr3	104621500	104676872	44
chr3	104676872	104966163	44
chr3	104966163	104986165	60
chr3	104986165	105172967	60
chr3	105172967	105284086	60
chr3	105284086	105744932	60
chr3	105744932	105807129	60
chr3	105807129	106158985	60
chr3	106158985	106226330	60
chr3	106226330	106401049	60
chr3	106401049	106494344	60
chr3	106494344	114794597	60
chr3	114794597	114847336	27
chr3	114847336	114967632	60
chr3	114967632	115042345	60
chr3	115042345	117234124	60
chr3	117234124	118550397	95
chr3	118550397	118775186	95
chr3	118775186	121109374	95
chr3	121109374	121179828	95
chr3	121179828	125445136	95
chr3	125445136	125475705	62
chr3	125475705	129763279	95
chr3	129763279	129806580	62
chr3	129806580	130399541	95
chr3	130399541	133853811	96
chr3	133853811	134024609	96
chr3	134024609	145458383	96
chr3	145458383	145743081	99
chr3	145743081	146015402	99
chr3	146015402	146218309	99
chr3	146218309	146271069	99
chr3	146271069	146753909	99
chr3	146753909	146957216	99
chr3	146957216	147015291	96
chr3	147015291	147754675	96
chr3	147754675	147924527	96
chr3	147924527	148384699	96
chr3	148384699	148432769	96
chr3	148432769	149569888	96
chr3	149569888	149614177	96
chr3	149614177	151427441	96
chr3	151427441	151590850	96
chr3	151590850	151799855	96
chr3	151799855	152110185	96
chr3	152110185	153541486	96
chr3	153541486	153622453	96
chr3	153622453	156836876	96
chr3	156836876	157015664	96
chr3	157015664	157711332	96
chr3	157711332	159138824	61
chr3	159138824	159239851	61
chr3	159239851	159275522	61
chr3	159275522	161448725	96
chr3	161448725	161515606	96
chr3	161515606	162108723	96
chr3	162108723	162413792	96
chr3	162413792	162510463	96
chr3	162510463	162623889	63
chr3	162623889	162625988	63
chr3	162625988	164921877	96
chr3	164921877	165041326	96
chr3	165041326	165086976	63
chr3	165086976	165230759	96
chr3	165230759	165278968	100
chr3	165278968	165360912	100
chr3	165360912	165736631	100
chr3	165736631	165960368	100
chr3	165960368	166161956	100
chr3	166161956	166419581	100
chr3	166419581	166742098	100
chr3	166742098	167563634	100
chr3	167563634	167635326	100
chr3	167635326	167907313	100
chr3	167907313	168884697	100
chr3	168884697	169159265	100
chr3	169159265	169321151	100
chr3	169321151	169558883	100
chr3	169558883	170071992	100
chr3	170071992	170130840	65
chr3	170130840	170250689	99
chr3	170250689	170564855	99
chr3	170564855	171219001	99
chr3	171219001	171244647	99
chr3	171244647	171358096	96
chr3	171358096	171710121	96
chr3	171710121	171862209	96
chr3	171862209	172070534	96
chr3	172070534	172203172	96
chr3	172203172	172374747	96
chr3	172374747	172442572	96
chr3	172442572	172567439	96
chr3	172567439	173424139	96
chr3	173424139	173656402	96
chr3	173656402	173837059	96
chr3	173837059	173902167	96
chr3	173902167	173923236	96
chr3	173923236	174402664	96
chr3	174402664	174871610	96
chr3	174871610	175017242	96
chr3	175017242	175165940	96
chr3	175165940	175246061	96
chr3	175246061	175647633	96
chr3	175647633	175686148	96
chr3	175686148	175772816	59
chr3	175772816	175805950	59
chr3	175805950	176259970	89
chr3	176259970	176667272	89
chr3	176667272	176708718	89
chr3	176708718	176710735	89
chr3	176710735	176778061	89
chr3	176778061	176806365	89
chr3	176806365	176901762	89
chr3	176901762	177139351	89
chr3	177139351	177997040	89
chr3	177997040	178118177	89
chr3	178118177	180006558	89
chr3	180006558	180767016	92
chr3	180767016	188484169	90
chr3	188484169	198022430	90
chr4	0	68872	30
chr4	68872	242373	73
chr4	242373	672840	87
chr4	672840	2408284	87
chr4	2408284	2912101	87
chr4	2912101	3104695	73
chr4	3104695	4804445	87
chr4	4804445	6463892	70
chr4	6463892	6512833	87
chr4	6512833	11663260	70
chr4	11663260	11887812	57
chr4	11887812	19180638	70
chr4	19180638	20142148	54
chr4	20142148	24461877	70
chr4	24461877	24533598	57
chr4	24533598	24558560	40
chr4	24558560	24955984	57
chr4	24955984	28804753	70
chr4	28804753	29032123	57
chr4	29032123	33297694	70
chr4	33297694	33549502	57
chr4	33549502	34033110	70
chr4	34033110	34314132	57
chr4	34314132	34829893	70
chr4	34829893	38866759	71
chr4	38866759	41157209	87
chr4	41157209	43333984	87
chr4	43333984	49309867	87
chr4	49309867	50400000	73
chr4	50400000	52696792	36
chr4	52696792	61181242	67
chr4	61181242	62508710	81
chr4	62508710	63258961	82
chr4	63258961	64693460	79
chr4	64693460	70251672	80
chr4	70251672	77722350	80
chr4	77722350	78079552	63
chr4	78079552	87782035	53
chr4	87782035	87859456	70
chr4	87859456	91410733	53
chr4	91410733	91496729	70
chr4	91496729	91724191	53
chr4	91724191	92405337	39
chr4	92405337	96922059	53
chr4	96922059	115173678	52
chr4	115173678	115185107	63
chr4	115185107	117426368	56
chr4	117426368	128297336	73
chr4	128297336	142927200	77
chr4	142927200	143029656	63
chr4	143029656	146930519	77
chr4	146930519	152167033	67
chr4	152167033	157246996	63
chr4	157246996	167856284	28
chr4	167856284	169663852	11
chr4	169663852	169701104	0
chr4	169701104	172548327	11
chr4	172548327	172705400	0
chr4	172705400	182323288	11
chr4	182323288	182370281	0
chr4	182370281	182887104	11
chr4	182887104	182980439	0
chr4	182980439	183404528	0
chr4	183404528	191154276	11
chr5	0	48860	90
chr5	48860	231372	90
chr5	231372	17694426	90
chr5	17694426	22684339	90
chr5	22684339	46261151	90
chr5	46261151	46278212	85
chr5	46278212	46383335	24
chr5	46383335	48400000	15
chr5	48400000	49520000	27
chr5	49520000	52500029	58
chr5	52500029	57323830	41
chr5	57323830	57335951	56
chr5	57335951	58297792	41
chr5	58297792	58324089	24
chr5	58324089	59568862	41
chr5	59568862	59634886	57
chr5	59634886	59787722	41
chr5	59787722	60207684	57
chr5	60207684	62366602	41
chr5	62366602	62475599	27
chr5	62475599	67726835	41
chr5	67726835	68421987	24
chr5	68421987	79482040	0
chr5	79482040	91874023	2
chr5	91874023	92860978	19
chr5	92860978	92993684	5
chr5	92993684	97050230	19
chr5	97050230	97126049	15
chr5	97126049	103855797	20
chr5	103855797	103873428	36
chr5	103873428	118934186	20
chr5	118934186	122217881	36
chr5	122217881	122230554	36
chr5	122230554	126346651	20
chr5	126346651	127224030	36
chr5	127224030	127303620	61
chr5	127303620	131556216	44
chr5	131556216	131597730	28
chr5	131597730	131714779	44
chr5	131714779	132097285	61
chr5	132097285	133391054	44
chr5	133391054	133470149	61
chr5	133470149	137253770	44
chr5	137253770	150055521	61
chr5	150055521	151515428	42
chr5	151515428	155295672	42
chr5	155295672	165732366	9
chr5	165732366	174083959	9
chr5	174083959	179272967	43
chr5	179272967	180359083	26
chr5	180359083	180915260	43
chr6	0	240782	82
chr6	240782	254281	82
chr6	254281	404215	82
chr6	404215	612378	82
chr6	612378	1679820	82
chr6	1679820	1761483	82
chr6	1761483	1918844	82
chr6	1918844	2027651	82
chr6	2027651	2586008	82
chr6	2586008	2611372	82
chr6	2611372	2622511	82
chr6	2622511	2680424	82
chr6	2680424	2740636	82
chr6	2740636	2908006	82
chr6	2908006	3264294	82
chr6	3264294	3311977	82
chr6	3311977	3923012	82
chr6	3923012	4067618	82
chr6	4067618	4816938	82
chr6	4816938	5030914	82
chr6	5030914	5205254	82
chr6	5205254	5280769	82
chr6	5280769	5390673	82
chr6	5390673	5445949	82
chr6	5445949	6201965	82
chr6	6201965	6394251	82
chr6	6394251	6489263	82
chr6	6489263	6862323	82
chr6	6862323	7762019	82
chr6	7762019	7938314	82
chr6	7938314	8064951	82
chr6	8064951	8200331	82
chr6	8200331	8377879	82
chr6	8377879	8534440	82
chr6	8534440	8811299	82
chr6	8811299	8914186	82
chr6	8914186	8944074	82
chr6	8944074	10047693	82
chr6	10047693	10518163	82
chr6	10518163	10824388	82
chr6	10824388	11877472	82
chr6	11877472	12123149	87
chr6	12123149	12359509	87
chr6	12359509	13064861	87
chr6	13064861	13197526	87
chr6	13197526	13305879	87
chr6	13305879	13429998	87
chr6	13429998	16659146	87
chr6	16659146	16962658	87
chr6	16962658	17350988	87
chr6	17350988	17504687	87
chr6	17504687	18253481	87
chr6	18253481	18426556	87
chr6	18426556	18475637	87
chr6	18475637	18836340	87
chr6	18836340	19503129	87
chr6	19503129	19703010	87
chr6	19703010	21071759	87
chr6	21071759	21252299	87
chr6	21252299	21351059	87
chr6	21351059	21592762	87
chr6	21592762	22104950	87
chr6	22104950	22137740	87
chr6	22137740	22492760	87
chr6	22492760	22937761	87
chr6	22937761	23469431	87
chr6	23469431	23549033	87
chr6	23549033	30535737	87
chr6	30535737	30901279	87
chr6	30901279	31136079	87
chr6	31136079	31656243	87
chr6	31656243	35412624	87
chr6	35412624	35414798	70
chr6	35414798	38828587	87
chr6	38828587	38867928	70
chr6	38867928	41682273	87
chr6	41682273	46184971	70
chr6	46184971	50002203	87
chr6	50002203	58674833	91
chr6	58674833	58727835	77
chr6	58727835	58741497	60
chr6	58741497	61000000	5
chr6	61000000	62020284	37
chr6	62020284	62113008	92
chr6	62113008	75230991	92
chr6	75230991	80522799	88
chr6	80522799	80563202	88
chr6	80563202	95480551	88
chr6	95480551	95670627	88
chr6	95670627	95842217	88
chr6	95842217	95933750	88
chr6	95933750	103734724	91
chr6	103734724	108935641	91
chr6	108935641	109206986	74
chr6	109206986	127134933	91
chr6	127134933	127251431	91
chr6	127251431	134406078	91
chr6	134406078	151452221	87
chr6	151452221	152171398	87
chr6	152171398	171115067	87
chr7	0	1957075	88
chr7	1957075	15532888	71
chr7	15532888	47134442	88
chr7	47134442	57950944	88
chr7	57950944	59900000	58
chr7	59900000	61072037	60
chr7	61072037	61628365	76
chr7	61628365	65569662	90
chr7	65569662	65786265	90
chr7	65786265	68997211	90
chr7	68997211	69601610	76
chr7	69601610	70754143	90
chr7	70754143	71607944	74
chr7	71607944	78112791	90
chr7	78112791	83338355	90
chr7	83338355	89502811	96
chr7	89502811	89673408	79
chr7	89673408	90341632	96
chr7	90341632	93047527	79
chr7	93047527	97385842	79
chr7	97385842	98015106	78
chr7	98015106	98072384	95
chr7	98072384	104629407	78
chr7	104629407	105009314	45
chr7	105009314	109340972	79
chr7	109340972	126045519	80
chr7	126045519	133589939	96
chr7	133589939	133774328	80
chr7	133774328	133798088	96
chr7	133798088	133953699	80
chr7	133953699	142491287	96
chr7	142491287	142777952	96
chr7	142777952	159138663	96
chr8	0	680442	31
chr8	680442	3179293	59
chr8	3179293	3226317	59
chr8	3226317	3554921	59
chr8	3554921	3584129	59
chr8	3584129	3894405	59
chr8	3894405	3920715	59
chr8	3920715	4004672	59
chr8	4004672	4023336	59
chr8	4023336	4046598	59
chr8	4046598	4053804	59
chr8	4053804	4190879	59
chr8	4190879	4215513	59
chr8	4215513	4254298	59
chr8	4254298	4370901	59
chr8	4370901	5194097	59
chr8	5194097	5255630	45
chr8	5255630	6279445	59
chr8	6279445	7269773	26
chr8	7269773	7818414	12
chr8	7818414	12185169	26
chr8	12185169	12326816	32
chr8	12326816	12415663	36
chr8	12415663	12529361	32
chr8	12529361	17392480	25
chr8	17392480	24974499	0
chr8	24974499	25581005	0
chr8	25581005	28792169	31
chr8	28792169	29103752	35
chr8	29103752	29534259	34
chr8	29534259	31769870	44
chr8	31769870	33928895	72
chr8	33928895	33960956	77
chr8	33960956	34044015	80
chr8	34044015	38913754	79
chr8	38913754	39035082	46
chr8	39035082	39226196	79
chr8	39226196	39389077	88
chr8	39389077	39723435	88
chr8	39723435	40343173	88
chr8	40343173	40456399	88
chr8	40456399	41376224	88
chr8	41376224	41480802	88
chr8	41480802	43736901	88
chr8	43736901	43778914	15
chr8	43778914	45600000	2
chr8	45600000	46924211	16
chr8	46924211	46936840	30
chr8	46936840	46940022	47
chr8	46940022	51468342	99
chr8	51468342	55606765	99
chr8	55606765	83930012	99
chr8	83930012	104909428	83
chr8	104909428	107417970	99
chr8	107417970	107511250	83
chr8	107511250	110378155	99
chr8	110378155	110581856	83
chr8	110581856	127412778	99
chr8	127412778	129309448	99
chr8	129309448	130720761	99
chr8	130720761	135194562	99
chr8	135194562	141401916	99
chr8	141401916	141845756	83
chr8	141845756	146364022	99
chr9	0	3200385	82
chr9	3200385	3287889	82
chr9	3287889	3413688	82
chr9	3413688	4050513	68
chr9	4050513	6455602	82
chr9	6455602	6482001	48
chr9	6482001	6578730	65
chr9	6578730	9649423	82
chr9	9649423	9994597	68
chr9	9994597	32810366	82
chr9	32810366	38917671	93
chr9	38917671	46906975	76
chr9	46906975	49000000	0
chr9	49000000	66563945	40
chr9	66563945	66697400	54
chr9	66697400	72185722	54
chr9	72185722	72232657	40
chr9	72232657	85906891	54
chr9	85906891	86305283	71
chr9	86305283	87079861	54
chr9	87079861	87146915	71
chr9	87146915	92017756	54
chr9	92017756	112032960	54
chr9	112032960	112420841	54
chr9	112420841	123684537	71
chr9	123684537	123739373	57
chr9	123739373	124416350	71
chr9	124416350	125068288	54
chr9	125068288	125478672	40
chr9	125478672	130362455	54
chr9	130362455	130499565	38
chr9	130499565	135676879	54
chr9	135676879	141213431	71
chr10	0	1236403	64
chr10	1236403	1643183	64
chr10	1643183	1824437	92
chr10	1824437	2579177	64
chr10	2579177	3819980	92
chr10	3819980	3844610	92
chr10	3844610	4312913	92
chr10	4312913	4331863	92
chr10	4331863	4355718	96
chr10	4355718	4441758	96
chr10	4441758	6924142	96
chr10	6924142	9086237	92
chr10	9086237	13980673	92
chr10	13980673	17186001	92
chr10	17186001	18333062	92
chr10	18333062	18485423	92
chr10	18485423	18904561	64
chr10	18904561	18979876	64
chr10	18979876	19258918	64
chr10	19258918	19481182	64
chr10	19481182	20022819	64
chr10	20022819	20213555	92
chr10	20213555	20352834	64
chr10	20352834	20431618	92
chr10	20431618	20482955	92
chr10	20482955	21631639	92
chr10	21631639	21988831	92
chr10	21988831	22168120	92
chr10	22168120	22365355	92
chr10	22365355	22392377	78
chr10	22392377	22404285	92
chr10	22404285	23121412	92
chr10	23121412	23206171	92
chr10	23206171	24377988	92
chr10	24377988	24516146	78
chr10	24516146	24558162	64
chr10	24558162	24721333	92
chr10	24721333	24975549	92
chr10	24975549	25481612	92
chr10	25481612	25728018	92
chr10	25728018	26201214	92
chr10	26201214	26429150	92
chr10	26429150	28631463	92
chr10	28631463	28855133	64
chr10	28855133	30593551	92
chr10	30593551	30689846	99
chr10	30689846	33312014	99
chr10	33312014	37724226	85
chr10	37724226	38598453	71
chr10	38598453	39000378	85
chr10	39000378	40200000	7
chr10	40200000	42433540	37
chr10	42433540	42853087	33
chr10	42853087	44960943	19
chr10	44960943	45093077	33
chr10	45093077	47033264	19
chr10	47033264	47051627	36
chr10	47051627	47067454	64
chr10	47067454	47068235	36
chr10	47068235	47587334	55
chr10	47587334	47678399	69
chr10	47678399	49384613	52
chr10	49384613	50836669	38
chr10	50836669	50983201	52
chr10	50983201	51545588	38
chr10	51545588	52783720	66
chr10	52783720	52792058	69
chr10	52792058	52806425	55
chr10	52806425	53379603	69
chr10	53379603	53560723	52
chr10	53560723	57439264	69
chr10	57439264	58504215	55
chr10	58504215	60437651	69
chr10	60437651	67906112	71
chr10	67906112	68789872	65
chr10	68789872	81505823	68
chr10	81505823	81597917	85
chr10	81597917	88997780	68
chr10	88997780	89113653	85
chr10	89113653	89845336	68
chr10	89845336	89894237	85
chr10	89894237	94066198	68
chr10	94066198	94169334	85
chr10	94169334	96044475	68
chr10	96044475	96865300	85
chr10	96865300	96872710	51
chr10	96872710	98075894	85
chr10	98075894	105233224	68
chr10	105233224	111009185	54
chr10	111009185	114912758	71
chr10	114912758	135534747	85
chr11	0	7809067	71
chr11	7809067	7841437	38
chr11	7841437	8141251	71
chr11	8141251	8181560	58
chr11	8181560	8619311	71
chr11	8619311	9231394	55
chr11	9231394	9458696	71
chr11	9458696	12061134	55
chr11	12061134	12966688	71
chr11	12966688	13781860	55
chr11	13781860	13818340	71
chr11	13818340	15980942	55
chr11	15980942	16047713	41
chr11	16047713	16582771	55
chr11	16582771	19245542	50
chr11	19245542	19528972	33
chr11	19528972	26680979	50
chr11	26680979	28812051	53
chr11	28812051	31258199	64
chr11	31258199	32200196	64
chr11	32200196	32916752	81
chr11	32916752	33111013	64
chr11	33111013	39513366	47
chr11	39513366	39542524	34
chr11	39542524	39665990	37
chr11	39665990	41666184	51
chr11	41666184	45910012	84
chr11	45910012	47212932	98
chr11	47212932	48662040	81
chr11	48662040	48844441	98
chr11	48844441	50948030	81
chr11	50948030	51183919	64
chr11	51183919	51441936	65
chr11	51441936	51518519	30
chr11	51518519	53700000	16
chr11	53700000	54789042	54
chr11	54789042	54794667	68
chr11	54794667	56908907	51
chr11	56908907	57665579	85
chr11	57665579	57879621	68
chr11	57879621	60606511	51
chr11	60606511	62416492	68
chr11	62416492	62563611	51
chr11	62563611	64298446	85
chr11	64298446	65754147	85
chr11	65754147	67056889	85
chr11	67056889	67179923	85
chr11	67179923	69469848	85
chr11	69469848	71626911	91
chr11	71626911	83767051	91
chr11	83767051	83952330	78
chr11	83952330	85074287	91
chr11	85074287	85303729	91
chr11	85303729	85974232	91
chr11	85974232	86198069	78
chr11	86198069	87966435	91
chr11	87966435	87970092	91
chr11	87970092	93082711	87
chr11	93082711	93247721	70
chr11	93247721	95805752	87
chr11	95805752	95811603	53
chr11	95811603	104451028	87
chr11	104451028	104573716	73
chr11	104573716	135006516	87
chr12	0	5980965	87
chr12	5980965	6365695	87
chr12	6365695	6961033	87
chr12	6961033	7215823	87
chr12	7215823	10720064	87
chr12	10720064	10838586	87
chr12	10838586	15240300	87
chr12	15240300	19897909	84
chr12	19897909	19922529	84
chr12	19922529	19923412	67
chr12	19923412	22132286	84
chr12	22132286	22573057	84
chr12	22573057	27559922	84
chr12	27559922	27650132	84
chr12	27650132	27815955	84
chr12	27815955	29666981	84
chr12	29666981	29771987	84
chr12	29771987	29919687	84
chr12	29919687	30236539	84
chr12	30236539	30339710	84
chr12	30339710	30469106	84
chr12	30469106	30629517	84
chr12	30629517	30753606	84
chr12	30753606	30968031	84
chr12	30968031	31636612	84
chr12	31636612	31866929	84
chr12	31866929	32530094	84
chr12	32530094	33702688	84
chr12	33702688	34697627	84
chr12	34697627	34756673	84
chr12	34756673	34758033	23
chr12	34758033	35800000	9
chr12	35800000	37880478	7
chr12	37880478	37959632	21
chr12	37959632	38134752	88
chr12	38134752	41815955	80
chr12	41815955	55009873	87
chr12	55009873	57697046	71
chr12	57697046	61115392	87
chr12	61115392	61761955	87
chr12	61761955	62279623	87
chr12	62279623	62378154	87
chr12	62378154	62787019	87
chr12	62787019	63011773	87
chr12	63011773	63185953	87
chr12	63185953	63790198	87
chr12	63790198	64403321	87
chr12	64403321	64972284	87
chr12	64972284	65119516	87
chr12	65119516	65235814	87
chr12	65235814	65326883	87
chr12	65326883	65378107	87
chr12	65378107	65679393	87
chr12	65679393	66176963	87
chr12	66176963	66294884	87
chr12	66294884	67136971	87
chr12	67136971	67288789	87
chr12	67288789	67370886	87
chr12	67370886	67472181	87
chr12	67472181	67877761	87
chr12	67877761	68054050	87
chr12	68054050	68196838	87
chr12	68196838	68333722	87
chr12	68333722	68557087	87
chr12	68557087	68648052	87
chr12	68648052	68796774	71
chr12	68796774	69346396	71
chr12	69346396	69579714	71
chr12	69579714	69715961	71
chr12	69715961	70056514	71
chr12	70056514	70601304	71
chr12	70601304	70934166	71
chr12	70934166	71037378	71
chr12	71037378	83275817	71
chr12	83275817	89719205	87
chr12	89719205	89768237	54
chr12	89768237	99659483	87
chr12	99659483	99926355	54
chr12	99926355	113164456	87
chr12	113164456	119289652	71
chr12	119289652	119302800	54
chr12	119302800	132101513	71
chr12	132101513	132120644	87
chr12	132120644	132143802	54
chr12	132143802	133851895	87
chr13	0	17900000	0
chr13	17900000	19123483	11
chr13	19123483	21720797	0
chr13	21720797	23168301	0
chr13	23168301	23350989	0
chr13	23350989	23522312	0
chr13	23522312	23762063	0
chr13	23762063	24850516	0
chr13	24850516	24970207	0
chr13	24970207	25020151	0
chr13	25020151	32248480	0
chr13	32248480	32531602	7
chr13	32531602	36342654	40
chr13	36342654	36458692	26
chr13	36458692	38070201	40
chr13	38070201	38088864	57
chr13	38088864	40688213	40
chr13	40688213	41761532	26
chr13	41761532	41973384	43
chr13	41973384	47014621	47
chr13	47014621	49022535	43
chr13	49022535	52499107	51
chr13	52499107	52874834	51
chr13	52874834	73850175	51
chr13	73850175	74751242	65
chr13	74751242	78604732	65
chr13	78604732	78660180	51
chr13	78660180	90770998	65
chr13	90770998	101446713	79
chr13	101446713	101522868	79
chr13	101522868	110931216	79
chr13	110931216	111020247	79
chr13	111020247	114776272	79
chr13	114776272	115169878	51
chr14	0	17600000	0
chr14	17600000	19108176	42
chr14	19108176	19719084	73
chr14	19719084	20263654	73
chr14	20263654	20667962	73
chr14	20667962	20873127	73
chr14	20873127	21018906	73
chr14	21018906	21144001	73
chr14	21144001	21819675	73
chr14	21819675	23029868	56
chr14	23029868	24699215	74
chr14	24699215	24786717	90
chr14	24786717	30251057	74
chr14	30251057	31382195	74
chr14	31382195	31972463	74
chr14	31972463	34239526	72
chr14	34239526	34509869	89
chr14	34509869	36632564	72
chr14	36632564	36796376	58
chr14	36796376	40064523	72
chr14	40064523	40150932	55
chr14	40150932	42268927	72
chr14	42268927	42421779	44
chr14	42421779	51655044	72
chr14	51655044	51753421	58
chr14	51753421	54144267	72
chr14	54144267	59606105	72
chr14	59606105	59670767	89
chr14	59670767	62079289	72
chr14	62079289	65101006	66
chr14	65101006	65218647	83
chr14	65218647	68915435	66
chr14	68915435	69038380	52
chr14	69038380	69256114	66
chr14	69256114	70287519	65
chr14	70287519	70383228	51
chr14	70383228	73653538	65
chr14	73653538	73806586	82
chr14	73806586	86284382	65
chr14	86284382	86320654	48
chr14	86320654	86482178	65
chr14	86482178	86603121	51
chr14	86603121	94942328	65
chr14	94942328	94983348	51
chr14	94983348	100366172	65
chr14	100366172	102460155	66
chr14	102460155	102545051	82
chr14	102545051	102813770	66
chr14	102813770	103375152	82
chr14	103375152	103469657	69
chr14	103469657	103643504	82
chr14	103643504	103874697	66
chr14	103874697	104556454	52
chr14	104556454	105348202	66
chr14	105348202	105481083	82
chr14	105481083	105719484	66
chr14	105719484	105821203	82
chr14	105821203	107144448	66
chr14	107144448	107175649	82
chr14	107175649	107349540	66
chr15	0	19000000	0
chr15	19000000	20071673	39
chr15	20071673	20101641	53
chr15	20101641	20265132	70
chr15	20265132	22297617	69
chr15	22297617	22960683	53
chr15	22960683	26697396	71
chr15	26697396	32429779	55
chr15	32429779	32619833	41
chr15	32619833	34460808	55
chr15	34460808	37160234	55
chr15	37160234	37202667	89
chr15	37202667	37471502	55
chr15	37471502	39834211	47
chr15	39834211	39918543	33
chr15	39918543	44814471	47
chr15	44814471	44947813	20
chr15	44947813	52793930	47
chr15	52793930	53127103	64
chr15	53127103	53173020	81
chr15	53173020	53241025	64
chr15	53241025	53422905	50
chr15	53422905	54591635	64
chr15	54591635	55521655	64
chr15	55521655	61567004	59
chr15	61567004	61930428	71
chr15	61930428	62429098	88
chr15	62429098	62434154	74
chr15	62434154	67535628	88
chr15	67535628	67792504	74
chr15	67792504	69199766	88
chr15	69199766	69288563	74
chr15	69288563	70112169	88
chr15	70112169	70959565	88
chr15	70959565	72495934	74
chr15	72495934	72725508	88
chr15	72725508	73991143	71
chr15	73991143	75468973	88
chr15	75468973	76139427	53
chr15	76139427	76485751	20
chr15	76485751	76787370	36
chr15	76787370	76884795	20
chr15	76884795	77144845	19
chr15	77144845	78297151	33
chr15	78297151	79845939	34
chr15	79845939	79891023	31
chr15	79891023	79967030	17
chr15	79967030	81016606	31
chr15	81016606	84197723	64
chr15	84197723	84408552	50
chr15	84408552	92051342	64
chr15	92051342	92255559	50
chr15	92255559	97341999	64
chr15	97341999	100371638	58
chr15	100371638	100438718	53
chr15	100438718	102531392	58
chr16	0	1149674	69
chr16	1149674	1309163	67
chr16	1309163	2146211	84
chr16	2146211	10303152	80
chr16	10303152	16291900	88
chr16	16291900	17234816	74
chr16	17234816	19129582	60
chr16	19129582	21734800	56
chr16	21734800	31265232	70
chr16	31265232	35183806	74
chr16	35183806	36600000	13
chr16	36600000	46491374	32
chr16	46491374	52445207	48
chr16	52445207	52552485	35
chr16	52552485	56039894	48
chr16	56039894	56163273	35
chr16	56163273	60148589	48
chr16	60148589	60621186	35
chr16	60621186	62777209	48
chr16	62777209	63024323	35
chr16	63024323	63717762	48
chr16	63717762	64614138	35
chr16	64614138	67354784	48
chr16	67354784	68699063	48
chr16	68699063	68761851	32
chr16	68761851	70447084	48
chr16	70447084	70855347	49
chr16	70855347	71201787	79
chr16	71201787	71202637	51
chr16	71202637	71347478	30
chr16	71347478	72307687	30
chr16	72307687	72548377	14
chr16	72548377	72604651	28
chr16	72604651	75279878	44
chr16	75279878	75578064	30
chr16	75578064	77786096	44
chr16	77786096	80226743	30
chr16	80226743	82945964	44
chr16	82945964	83119602	30
chr16	83119602	89431080	44
chr16	89431080	89620249	44
chr16	89620249	90354753	44
chr17	0	1336507	51
chr17	1336507	7332330	35
chr17	7332330	7436340	51
chr17	7436340	7473170	18
chr17	7473170	7691307	35
chr17	7691307	7789324	35
chr17	7789324	7910401	35
chr17	7910401	8016227	35
chr17	8016227	8675508	13
chr17	8675508	13024879	13
chr17	13024879	14192724	0
chr17	14192724	14342584	0
chr17	14342584	18011143	0
chr17	18011143	18283370	4
chr17	18283370	18337627	38
chr17	18337627	18471922	38
chr17	18471922	19384553	2
chr17	19384553	21397784	19
chr17	21397784	21978184	23
chr17	21978184	22062395	23
chr17	22062395	24000000	9
chr17	24000000	25311244	5
chr17	25311244	25363386	19
chr17	25363386	27593463	33
chr17	27593463	31099374	29
chr17	31099374	31196977	29
chr17	31196977	31488698	29
chr17	31488698	32112156	29
chr17	32112156	33031371	29
chr17	33031371	34404160	29
chr17	34404160	36244069	44
chr17	36244069	36790305	61
chr17	36790305	37295832	44
chr17	37295832	37442257	61
chr17	37442257	37722157	44
chr17	37722157	39423020	48
chr17	39423020	39432782	40
chr17	39432782	43158791	48
chr17	43158791	43186188	64
chr17	43186188	44164457	48
chr17	44164457	44346447	37
chr17	44346447	44448745	56
chr17	44448745	46584521	67
chr17	46584521	46832162	84
chr17	46832162	48289816	67
chr17	48289816	49412598	84
chr17	49412598	58135731	67
chr17	58135731	58162118	84
chr17	58162118	60889237	67
chr17	60889237	61533386	53
chr17	61533386	63072114	67
chr17	63072114	70580176	71
chr17	70580176	70615707	88
chr17	70615707	71744878	71
chr17	71744878	71756214	43
chr17	71756214	73018457	71
chr17	73018457	80489307	88
chr17	80489307	80559739	84
chr17	80559739	80813319	88
chr17	80813319	81195210	80
chr18	0	3646979	80
chr18	3646979	3666883	80
chr18	3666883	15307817	80
chr18	15307817	17200000	49
chr18	17200000	18560354	13
chr18	18560354	18611243	27
chr18	18611243	19940645	94
chr18	19940645	20020420	90
chr18	20020420	21707575	87
chr18	21707575	23910424	90
chr18	23910424	24206011	90
chr18	24206011	24592923	90
chr18	24592923	25125303	90
chr18	25125303	25380441	90
chr18	25380441	25440008	76
chr18	25440008	25592147	76
chr18	25592147	25922186	74
chr18	25922186	26167938	74
chr18	26167938	26219806	74
chr18	26219806	26563542	74
chr18	26563542	27069385	74
chr18	27069385	27204645	74
chr18	27204645	27292639	74
chr18	27292639	27459004	74
chr18	27459004	27870002	74
chr18	27870002	28097406	74
chr18	28097406	28244498	74
chr18	28244498	28346818	74
chr18	28346818	29095836	74
chr18	29095836	29329784	74
chr18	29329784	29549038	74
chr18	29549038	29658999	74
chr18	29658999	29694104	74
chr18	29694104	29894626	74
chr18	29894626	30121325	74
chr18	30121325	30390759	74
chr18	30390759	30863273	74
chr18	30863273	30893669	74
chr18	30893669	31242326	74
chr18	31242326	31373321	74
chr18	31373321	31912830	74
chr18	31912830	32033961	74
chr18	32033961	32113908	74
chr18	32113908	32624698	74
chr18	32624698	32893784	74
chr18	32893784	33114355	74
chr18	33114355	33297706	74
chr18	33297706	33599087	74
chr18	33599087	33850828	74
chr18	33850828	35600896	74
chr18	35600896	35647014	74
chr18	35647014	35712074	74
chr18	35712074	35996510	74
chr18	35996510	36355284	74
chr18	36355284	37074564	74
chr18	37074564	37259531	74
chr18	37259531	37365597	74
chr18	37365597	37471345	74
chr18	37471345	37633620	74
chr18	37633620	37822743	76
chr18	37822743	38140192	76
chr18	38140192	38176298	76
chr18	38176298	38258089	71
chr18	38258089	38379638	85
chr18	38379638	40685361	85
chr18	40685361	40903179	85
chr18	40903179	41118800	85
chr18	41118800	41468229	85
chr18	41468229	41544867	85
chr18	41544867	42095389	85
chr18	42095389	43653690	85
chr18	43653690	43839385	85
chr18	43839385	45395081	85
chr18	45395081	45417734	85
chr18	45417734	45461810	85
chr18	45461810	46322138	71
chr18	46322138	46954008	71
chr18	46954008	47118525	71
chr18	47118525	47198293	71
chr18	47198293	47632814	71
chr18	47632814	47858332	71
chr18	47858332	48603848	71
chr18	48603848	48735739	71
chr18	48735739	50469024	71
chr18	50469024	53366754	73
chr18	53366754	53921858	70
chr18	53921858	54104228	54
chr18	54104228	54588813	70
chr18	54588813	54621305	57
chr18	54621305	55926134	70
chr18	55926134	56028122	54
chr18	56028122	61932342	70
chr18	61932342	61996111	54
chr18	61996111	64936904	70
chr18	64936904	64966426	84
chr18	64966426	76056093	70
chr18	76056093	77935398	73
chr18	77935398	78077248	70
chr19	0	954593	46
chr19	954593	1813908	29
chr19	1813908	5689936	25
chr19	5689936	5965349	39
chr19	5965349	6017612	22
chr19	6017612	7534872	39
chr19	7534872	8183680	71
chr19	8183680	9054232	88
chr19	9054232	9263665	88
chr19	9263665	9349216	88
chr19	9349216	9372815	93
chr19	9372815	15996388	93
chr19	15996388	16290855	91
chr19	16290855	16563144	91
chr19	16563144	17032804	91
chr19	17032804	17249269	91
chr19	17249269	17257162	77
chr19	17257162	20037564	91
chr19	20037564	20325330	91
chr19	20325330	20468482	77
chr19	20468482	20826834	91
chr19	20826834	20849097	77
chr19	20849097	22062345	63
chr19	22062345	24521623	76
chr19	24521623	26500000	46
chr19	26500000	27828664	12
chr19	27828664	27838898	28
chr19	27838898	28663612	94
chr19	28663612	30327248	81
chr19	30327248	32060197	81
chr19	32060197	32358808	67
chr19	32358808	32483577	81
chr19	32483577	32508327	76
chr19	32508327	33839762	68
chr19	33839762	34180818	81
chr19	34180818	34705453	86
chr19	34705453	35435612	88
chr19	35435612	36096098	94
chr19	36096098	37274608	90
chr19	37274608	37815600	86
chr19	37815600	38400423	90
chr19	38400423	38541691	76
chr19	38541691	41569106	90
chr19	41569106	41839701	82
chr19	41839701	42374031	68
chr19	42374031	45645724	72
chr19	45645724	45868556	55
chr19	45868556	47145519	56
chr19	47145519	47925598	39
chr19	47925598	49572709	18
chr19	49572709	49780564	18
chr19	49780564	50848857	45
chr19	50848857	51559818	59
chr19	51559818	51589387	75
chr19	51589387	52252016	59
chr19	52252016	52587143	45
chr19	52587143	53030016	59
chr19	53030016	53744609	45
chr19	53744609	53904465	62
chr19	53904465	56497584	45
chr19	56497584	56552083	31
chr19	56552083	56701281	45
chr19	56701281	57762897	31
chr19	57762897	57909480	48
chr19	57909480	58485284	31
chr19	58485284	58759431	59
chr19	58759431	59128983	75
chr20	0	456584	99
chr20	456584	1560975	82
chr20	1560975	1598026	65
chr20	1598026	3431644	82
chr20	3431644	3533180	99
chr20	3533180	3572798	82
chr20	3572798	3612025	82
chr20	3612025	3795064	82
chr20	3795064	3843819	82
chr20	3843819	5699534	82
chr20	5699534	5767923	99
chr20	5767923	5917070	82
chr20	5917070	5969479	82
chr20	5969479	6301470	82
chr20	6301470	7640877	99
chr20	7640877	7681600	99
chr20	7681600	8192255	99
chr20	8192255	8254265	82
chr20	8254265	8440396	99
chr20	8440396	8517922	99
chr20	8517922	9105928	99
chr20	9105928	9162652	99
chr20	9162652	9912218	99
chr20	9912218	10064534	99
chr20	10064534	11073946	99
chr20	11073946	11428730	99
chr20	11428730	14322088	99
chr20	14322088	14435284	82
chr20	14435284	14454325	99
chr20	14454325	14549226	99
chr20	14549226	15237131	99
chr20	15237131	15351765	99
chr20	15351765	15873189	99
chr20	15873189	15957261	99
chr20	15957261	16964809	99
chr20	16964809	17026267	99
chr20	17026267	17075789	99
chr20	17075789	17139117	99
chr20	17139117	22068367	99
chr20	22068367	22167481	99
chr20	22167481	26210632	99
chr20	26210632	26288535	48
chr20	26288535	26289925	31
chr20	26289925	27500000	17
chr20	27500000	29471217	17
chr20	29471217	29471235	30
chr20	29471235	29529915	47
chr20	29529915	30096644	98
chr20	30096644	37541422	98
chr20	37541422	37618815	98
chr20	37618815	45867094	98
chr20	45867094	46207483	98
chr20	46207483	49012022	98
chr20	49012022	49150929	98
chr20	49150929	50405357	98
chr20	50405357	50692598	98
chr20	50692598	51007473	98
chr20	51007473	51190846	98
chr20	51190846	51264877	98
chr20	51264877	51317137	98
chr20	51317137	52192250	98
chr20	52192250	52368089	98
chr20	52368089	53376195	98
chr20	53376195	53442222	98
chr20	53442222	53591555	98
chr20	53591555	53635620	98
chr20	53635620	63025520	98
chr21	0	9764385	0
chr21	9764385	11039570	30
chr21	11039570	11083847	13
chr21	11083847	13200000	0
chr21	13200000	14446700	49
chr21	14446700	16430692	79
chr21	16430692	16511221	79
chr21	16511221	16581463	79
chr21	16581463	17068496	79
chr21	17068496	29749837	79
chr21	29749837	45086049	62
chr21	45086049	45365074	79
chr21	45365074	47854150	62
chr21	47854150	48060164	79
chr21	48060164	48129895	62
chr22	0	14700000	0
chr22	14700000	16151161	0
chr22	16151161	16504582	88
chr22	16504582	16634441	71
chr22	16634441	16774157	57
chr22	16774157	16928257	16
chr22	16928257	18770474	16
chr22	18770474	19057573	0
chr22	19057573	21460465	16
chr22	21460465	21840523	3
chr22	21840523	24337628	16
chr22	24337628	24342599	3
chr22	24342599	24399172	0
chr22	24399172	24402599	3
chr22	24402599	25649730	17
chr22	25649730	25925132	3
chr22	25925132	28644750	17
chr22	28644750	28784002	3
chr22	28784002	29093606	17
chr22	29093606	29319996	33
chr22	29319996	29706289	67
chr22	29706289	31515034	50
chr22	31515034	31565970	67
chr22	31565970	32861093	50
chr22	32861093	36755676	19
chr22	36755676	36808474	3
chr22	36808474	37573451	19
chr22	37573451	40535959	19
chr22	40535959	41520874	18
chr22	41520874	41644403	45
chr22	41644403	42444278	45
chr22	42444278	45210189	7
chr22	45210189	47784280	3
chr22	47784280	47943645	0
chr22	47943645	48526833	3
chr22	48526833	48611899	0
chr22	48611899	50919465	3
chr22	50919465	51188492	19
chr22	51188492	51304566	53
chrX	0	2007788	44
chrX	2007788	3382873	27
chrX	3382873	3642365	11
chrX	3642365	8264534	27
chrX	8264534	10394251	26
chrX	10394251	25233759	27
chrX	25233759	25389986	41
chrX	25389986	26010015	54
chrX	26010015	27239895	41
chrX	27239895	29604276	27
chrX	29604276	29922947	43
chrX	29922947	32142067	27
chrX	32142067	32799132	26
chrX	32799132	33003497	26
chrX	33003497	33454147	26
chrX	33454147	34274457	15
chrX	34274457	41457003	15
chrX	41457003	41519263	0
chrX	41519263	43528306	15
chrX	43528306	51251839	27
chrX	51251839	53084530	31
chrX	53084530	53788459	48
chrX	53788459	54014040	62
chrX	54014040	55127871	48
chrX	55127871	55929147	62
chrX	55929147	56794666	48
chrX	56794666	58344892	54
chrX	58344892	59178820	81
chrX	59178820	59298906	65
chrX	59298906	59336852	17
chrX	59336852	60600000	3
chrX	60600000	61818199	0
chrX	61818199	62094088	60
chrX	62094088	62269023	27
chrX	62269023	65262175	13
chrX	65262175	66398629	9
chrX	66398629	66516961	23
chrX	66516961	69305327	9
chrX	69305327	69504775	26
chrX	69504775	70259253	9
chrX	70259253	70465072	26
chrX	70465072	73100203	9
chrX	73100203	73231181	26
chrX	73231181	74749775	9
chrX	74749775	76474790	23
chrX	76474790	79547283	9
chrX	79547283	79905446	23
chrX	79905446	80725052	9
chrX	80725052	80936716	23
chrX	80936716	81751658	9
chrX	81751658	81950145	26
chrX	81950145	83782551	9
chrX	83782551	84019267	26
chrX	84019267	98288661	9
chrX	98288661	98495659	23
chrX	98495659	101204182	9
chrX	101204182	101335322	23
chrX	101335322	102295558	9
chrX	102295558	102393190	37
chrX	102393190	109049476	9
chrX	109049476	109261398	23
chrX	109261398	109363204	9
chrX	109363204	110033009	23
chrX	110033009	115307167	9
chrX	115307167	115661326	23
chrX	115661326	117648174	9
chrX	117648174	119569619	42
chrX	119569619	119885309	56
chrX	119885309	120261538	42
chrX	120261538	120322855	26
chrX	120322855	124992438	42
chrX	124992438	125289779	56
chrX	125289779	125352631	42
chrX	125352631	125513812	26
chrX	125513812	125606313	42
chrX	125606313	125673405	56
chrX	125673405	125751379	42
chrX	125751379	127145780	56
chrX	127145780	127372277	42
chrX	127372277	127690000	56
chrX	127690000	127863710	42
chrX	127863710	128033824	26
chrX	128033824	128634652	42
chrX	128634652	128973683	56
chrX	128973683	129110774	42
chrX	129110774	129127618	56
chrX	129127618	129619282	23
chrX	129619282	129747769	56
chrX	129747769	134840824	42
chrX	134840824	134887205	38
chrX	134887205	135515517	42
chrX	135515517	135690460	25
chrX	135690460	136972867	42
chrX	136972867	137096967	25
chrX	137096967	137861924	42
chrX	137861924	138034655	25
chrX	138034655	142264988	42
chrX	142264988	142293174	25
chrX	142293174	143181293	42
chrX	143181293	143273300	54
chrX	143273300	144813075	42
chrX	144813075	145012304	25
chrX	145012304	151031147	42
chrX	151031147	151810481	70
chrX	151810481	151999050	53
chrX	151999050	152486311	70
chrX	152486311	152559901	53
chrX	152559901	155270560	70
chrY	0	12500000	0
chrY	12500000	59373566	0