Chromosome Region	Start	End	gain
chr1	0	564549	62
chr1	564549	12040015	62
chr1	12040015	26934019	41
chr1	26934019	27644054	32
chr1	27644054	27880007	80
chr1	27880007	28856909	89
chr1	28856909	29495704	88
chr1	29495704	44701257	45
chr1	44701257	45855175	47
chr1	45855175	51432963	97
chr1	51432963	51595735	47
chr1	51595735	54794374	97
chr1	54794374	57406762	97
chr1	57406762	114959714	96
chr1	114959714	118013274	97
chr1	118013274	121185034	97
chr1	121185034	125000000	3
chr1	125000000	151993276	46
chr1	151993276	153545516	45
chr1	153545516	155567329	94
chr1	155567329	155665165	88
chr1	155665165	249250621	94
chr2	0	15732179	40
chr2	15732179	34656404	39
chr2	34656404	34695192	75
chr2	34695192	34740778	75
chr2	34740778	58392501	75
chr2	58392501	87326504	89
chr2	87326504	90301276	51
chr2	90301276	93300000	51
chr2	93300000	95421697	2
chr2	95421697	101534111	97
chr2	101534111	113219853	84
chr2	113219853	113345140	83
chr2	113345140	117390751	84
chr2	117390751	125489450	84
chr2	125489450	146872376	77
chr2	146872376	171813078	77
chr2	171813078	174479117	34
chr2	174479117	174480535	34
chr2	174480535	180404111	34
chr2	180404111	180444995	28
chr2	180444995	187481423	34
chr2	187481423	199858614	77
chr2	199858614	220576527	75
chr2	220576527	243199373	36
chr3	0	40584675	40
chr3	40584675	44728822	0
chr3	44728822	49867825	0
chr3	49867825	52152004	42
chr3	52152004	52542610	42
chr3	52542610	59316164	38
chr3	59316164	60707095	39
chr3	60707095	60726223	30
chr3	60726223	60775421	22
chr3	60775421	60836843	30
chr3	60836843	91000000	57
chr3	91000000	93548479	0
chr3	93548479	116070536	75
chr3	116070536	117652723	70
chr3	117652723	129806580	99
chr3	129806580	137660533	99
chr3	137660533	157711332	99
chr3	157711332	165086976	96
chr3	165086976	185181279	99
chr3	185181279	195140578	98
chr3	195140578	198022430	98
chr4	0	68872	62
chr4	68872	1058774	88
chr4	1058774	3748666	89
chr4	3748666	4244957	41
chr4	4244957	10391541	41
chr4	10391541	10401693	34
chr4	10401693	10523882	41
chr4	10523882	16431214	32
chr4	16431214	38866759	30
chr4	38866759	50400000	80
chr4	50400000	52696792	0
chr4	52696792	57232462	63
chr4	57232462	61181242	70
chr4	61181242	62508710	86
chr4	62508710	63258961	86
chr4	63258961	64717535	73
chr4	64717535	67879627	73
chr4	67879627	69373472	86
chr4	69373472	77722350	86
chr4	77722350	78079552	15
chr4	78079552	91496729	0
chr4	91496729	111185617	0
chr4	111185617	115184241	0
chr4	115184241	117426368	0
chr4	117426368	131617559	49
chr4	131617559	144707996	64
chr4	144707996	147488246	63
chr4	147488246	152799628	59
chr4	152799628	152859487	66
chr4	152859487	157246996	49
chr4	157246996	182232103	6
chr4	182232103	182370281	0
chr4	182370281	191154276	6
chr5	0	15718863	82
chr5	15718863	17627577	81
chr5	17627577	21340641	82
chr5	21340641	34294965	82
chr5	34294965	46261151	84
chr5	46261151	46278212	84
chr5	46278212	48400000	2
chr5	48400000	54468742	15
chr5	54468742	57323830	7
chr5	57323830	57335951	71
chr5	57335951	57339215	14
chr5	57339215	59562282	0
chr5	59562282	60207684	32
chr5	60207684	67726835	0
chr5	67726835	91874023	0
chr5	91874023	104431157	0
chr5	104431157	109929881	0
chr5	109929881	125861556	10
chr5	125861556	135002874	10
chr5	135002874	137253770	19
chr5	137253770	155295672	75
chr5	155295672	160705062	0
chr5	160705062	174083959	0
chr5	174083959	179272967	64
chr5	179272967	180359083	22
chr5	180359083	180915260	70
chr6	0	2474390	67
chr6	2474390	2707234	61
chr6	2707234	38867928	67
chr6	38867928	41253872	69
chr6	41253872	41682273	73
chr6	41682273	43246151	24
chr6	43246151	46184971	24
chr6	46184971	58674833	72
chr6	58674833	58727835	72
chr6	58727835	61000000	0
chr6	61000000	78971818	70
chr6	78971818	108935641	84
chr6	108935641	139746239	80
chr6	139746239	162290242	88
chr6	162290242	162913567	81
chr6	162913567	163369662	88
chr6	163369662	171115067	88
chr7	0	2673130	62
chr7	2673130	14084389	19
chr7	14084389	59900000	70
chr7	59900000	65155291	72
chr7	65155291	72857766	72
chr7	72857766	76495209	92
chr7	76495209	89502811	92
chr7	89502811	104629407	47
chr7	104629407	116814065	45
chr7	116814065	124271546	45
chr7	124271546	126045519	45
chr7	126045519	159138663	95
chr8	0	6279445	31
chr8	6279445	12529361	0
chr8	12529361	25581005	0
chr8	25581005	33405349	44
chr8	33405349	39035082	68
chr8	39035082	40045237	73
chr8	40045237	40193663	66
chr8	40193663	42257907	73
chr8	42257907	43736901	70
chr8	43736901	45600000	0
chr8	45600000	46940022	8
chr8	46940022	83930012	99
chr8	83930012	104909428	49
chr8	104909428	141401916	99
chr8	141401916	141845756	49
chr8	141845756	146364022	99
chr9	0	2517743	97
chr9	2517743	3523736	95
chr9	3523736	6455602	97
chr9	6455602	6482001	0
chr9	6482001	6578730	47
chr9	6578730	7804281	97
chr9	7804281	27272630	95
chr9	27272630	32810366	95
chr9	32810366	33518761	98
chr9	33518761	38917671	98
chr9	38917671	41962511	38
chr9	41962511	49000000	38
chr9	49000000	65630934	1
chr9	65630934	70932988	40
chr9	70932988	70978541	31
chr9	70978541	83219796	21
chr9	83219796	94197803	21
chr9	94197803	106802465	19
chr9	106802465	106953327	27
chr9	106953327	107993621	19
chr9	107993621	108075839	19
chr9	108075839	112420841	24
chr9	112420841	124416350	76
chr9	124416350	135676879	27
chr9	135676879	136009099	77
chr9	136009099	141213431	82
chr10	0	36591562	99
chr10	36591562	40200000	75
chr10	40200000	47678399	19
chr10	47678399	47694107	20
chr10	47694107	68267802	20
chr10	68267802	89119676	29
chr10	89119676	98075894	29
chr10	98075894	111009185	24
chr10	111009185	135534747	73
chr11	0	13818340	67
chr11	13818340	29805789	32
chr11	29805789	33111013	53
chr11	33111013	41666184	4
chr11	41666184	50948030	54
chr11	50948030	51429291	45
chr11	51429291	53700000	0
chr11	53700000	54794667	30
chr11	54794667	56908907	20
chr11	56908907	57665579	75
chr11	57665579	62563611	27
chr11	62563611	79417551	84
chr11	79417551	81585934	79
chr11	81585934	87970092	96
chr11	87970092	135006516	78
chr12	0	9050517	98
chr12	9050517	9151231	92
chr12	9151231	13873760	98
chr12	13873760	35800000	93
chr12	35800000	37890874	3
chr12	37890874	37959632	3
chr12	37959632	55009873	95
chr12	55009873	57697046	40
chr12	57697046	68648052	96
chr12	68648052	83275817	47
chr12	83275817	104818777	94
chr12	104818777	113164456	94
chr12	113164456	132101513	38
chr12	132101513	132120644	87
chr12	132120644	133851895	87
chr13	0	17900000	0
chr13	17900000	19123483	16
chr13	19123483	25020151	5
chr13	25020151	36769288	16
chr13	36769288	38070201	15
chr13	38070201	41761532	22
chr13	41761532	115169878	76
chr14	0	17600000	0
chr14	17600000	19108176	6
chr14	19108176	19719084	70
chr14	19719084	21819675	70
chr14	21819675	35668583	14
chr14	35668583	40064523	14
chr14	40064523	40150932	0
chr14	40150932	41676759	14
chr14	41676759	59670767	14
chr14	59670767	73653538	13
chr14	73653538	73681701	64
chr14	73681701	73806586	64
chr14	73806586	79293415	14
chr14	79293415	86284382	22
chr14	86284382	107349540	22
chr15	0	19000000	0
chr15	19000000	20101641	4
chr15	20101641	20154183	71
chr15	20154183	22297617	61
chr15	22297617	22960683	7
chr15	22960683	26697396	7
chr15	26697396	37202667	0
chr15	37202667	42467665	0
chr15	42467665	52793930	0
chr15	52793930	53127103	4
chr15	53127103	54805496	7
chr15	54805496	61256418	17
chr15	61256418	76139427	73
chr15	76139427	77144845	0
chr15	77144845	78233243	0
chr15	78233243	79845939	0
chr15	79845939	81016606	22
chr15	81016606	98804639	70
chr15	98804639	101105243	70
chr15	101105243	102531392	70
chr16	0	1309163	20
chr16	1309163	18606531	68
chr16	18606531	25647441	68
chr16	25647441	35183806	66
chr16	35183806	36600000	6
chr16	36600000	78798792	49
chr16	78798792	90354753	49
chr17	0	1336507	59
chr17	1336507	13024879	9
chr17	13024879	18283370	0
chr17	18283370	18531159	0
chr17	18531159	19384553	0
chr17	19384553	24000000	6
chr17	24000000	27363344	9
chr17	27363344	32112156	0
chr17	32112156	36244069	0
chr17	36244069	37442257	35
chr17	37442257	39422361	3
chr17	39422361	39753846	4
chr17	39753846	42257197	10
chr17	42257197	44448745	22
chr17	44448745	54173305	24
chr17	54173305	65512401	18
chr17	65512401	73018457	24
chr17	73018457	80430029	73
chr17	80430029	80593876	62
chr17	80593876	81195210	73
chr18	0	17200000	76
chr18	17200000	18611243	2
chr18	18611243	25027467	98
chr18	25027467	51214312	88
chr18	51214312	77535992	87
chr18	77535992	78077248	88
chr19	0	954593	54
chr19	954593	1219608	13
chr19	1219608	1426287	0
chr19	1426287	1515833	9
chr19	1515833	1813908	3
chr19	1813908	6702112	0
chr19	6702112	7502680	25
chr19	7502680	9013524	26
chr19	9013524	9349216	62
chr19	9349216	15928286	76
chr19	15928286	18750012	76
chr19	18750012	26500000	76
chr19	26500000	27838898	1
chr19	27838898	32281946	95
chr19	32281946	38369080	95
chr19	38369080	41569106	95
chr19	41569106	42652504	78
chr19	42652504	45868556	78
chr19	45868556	46853311	78
chr19	46853311	47925598	35
chr19	47925598	48392316	19
chr19	48392316	49572709	19
chr19	49572709	49780564	19
chr19	49780564	59128983	29
chr20	0	456584	97
chr20	456584	3431644	49
chr20	3431644	3533180	99
chr20	3533180	14435284	86
chr20	14435284	26222699	99
chr20	26222699	27500000	5
chr20	27500000	29835037	15
chr20	29835037	40624615	99
chr20	40624615	63025520	99
chr21	0	13200000	7
chr21	13200000	48129895	49
chr22	0	14700000	0
chr22	14700000	16151161	3
chr22	16151161	18638635	11
chr22	18638635	29093606	9
chr22	29093606	29153653	25
chr22	29153653	29835376	27
chr22	29835376	33629456	27
chr22	33629456	36808474	5
chr22	36808474	39363652	5
chr22	39363652	41520874	2
chr22	41520874	41993333	13
chr22	41993333	42444278	13
chr22	42444278	42928972	0
chr22	42928972	50919465	0
chr22	50919465	51304566	43
chrX	0	1477511	74
chrX	1477511	1837799	81
chrX	1837799	2007788	74
chrX	2007788	3382873	23
chrX	3382873	3642365	0
chrX	3642365	10346596	23
chrX	10346596	10394251	15
chrX	10394251	27854537	23
chrX	27854537	30674696	28
chrX	30674696	43528306	19
chrX	43528306	50155950	23
chrX	50155950	53084530	27
chrX	53084530	59178820	77
chrX	59178820	60600000	0
chrX	60600000	62094088	29
chrX	62094088	72420178	0
chrX	72420178	77117615	0
chrX	77117615	84019267	0
chrX	84019267	117312401	0
chrX	117312401	117648174	0
chrX	117648174	125352631	72
chrX	125352631	130963749	65
chrX	130963749	135515517	72
chrX	135515517	135690460	22
chrX	135690460	137861924	70
chrX	137861924	142601884	65
chrX	142601884	150820261	60
chrX	150820261	150934592	66
chrX	150934592	155270560	60
chrY	0	12500000	0
chrY	12500000	59373566	0