(0, 715604)
(715605, 815952)
(815953, 1161251)
(1161252, 3355869)
(3355870, 3403195)
(3403196, 6127952)
(6127953, 11073414)
(11073415, 13936619)
(13936620, 26874762)
(26874763, 31266515)
(31266516, 31465687)
(31465688, 34879979)
(34879980, 35097164)
(35097165, 35109387)
(35109388, 35912440)
(35912441, 40096785)
(40096786, 41238949)
(41238950, 41281219)
(41281220, 41658368)
(41658369, 41681263)
(41681264, 43054751)
(43054752, 44056930)
(44056931, 44345774)
(44345775, 47143041)
(47143042, 63855198)
(63855199, 64523891)
(64523892, 64703369)
(64703370, 72768707)
(72768708, 72814598)
(72814599, 79374415)
(79374416, 90046030)
(90046031, 90119096)
(90119097, 90292891)
(90292892, 101904887)
(101904888, 102297927)
(102297928, 110230245)
(110230246, 110241567)
(110241568, 112693006)
(112693007, 112697228)
(112697229, 113321303)
(113321304, 113515126)
(113515127, 117490223)
(117490224, 117927390)
(117927391, 125000000)
(125000001, 149808817)
(149808818, 149825606)
(149825607, 152249056)
(152249057, 152311634)
(152311635, 153495862)
(153495863, 153783583)
(153783584, 159258396)
(159258397, 160253898)
(160253899, 191768815)
(191768816, 191794378)
(191794379, 193213301)
(193213302, 193217696)
(193217697, 196482328)
(196482329, 196789395)
(196789396, 196801627)
(196801628, 201966584)
(201966585, 202080096)
(202080097, 209009769)
(209009770, 215919289)
(215919290, 220793581)
(220793582, 220917142)
(220917143, 221007749)
(221007750, 225053109)
(225053110, 225417199)
(225417200, 235477770)
(235477771, 235679241)
(235679242, 237077589)
(237077590, 239653589)
(239653590, 239721950)
(239721951, 239862049)
(239862050, 240072448)
(240072449, 240137471)
(240137472, 240338064)
(240338065, 243141273)
(243141274, 243263087)
(243263088, 249250621)
